262,13,287,13,287,33,262,33,齊
﻿262,33,287,33,287,54,262,54,餓
﻿262,54,287,54,287,75,262,75,夫
﻿262,75,287,75,287,96,262,96,噫
﻿262,96,287,96,287,117,262,117,用
﻿262,117,287,117,287,138,262,138,之
﻿262,138,287,138,287,158,262,158,則
﻿262,158,287,158,287,179,262,179,行
﻿262,179,287,179,287,200,262,200,舍
﻿262,200,287,200,287,221,262,221,之
﻿262,221,287,221,287,242,262,242,則
﻿262,242,287,242,287,263,262,263,藏
﻿262,263,287,263,287,283,262,283,惟
﻿262,283,287,283,287,304,262,304,我
﻿262,304,287,304,287,325,262,325,與
﻿262,325,287,325,287,346,262,346,爾
﻿262,346,287,346,287,367,262,367,有
﻿262,367,287,367,287,388,262,388,如
﻿262,388,287,388,287,409,262,409,是
﻿235,12,257,12,257,32,235,32,夫
﻿235,32,257,32,257,52,235,52,元
﻿235,52,257,52,257,72,235,72,人
﻿235,72,257,72,257,92,235,92,益
﻿235,92,257,92,257,112,235,112,嘉
﻿235,112,257,112,257,132,235,132,嘆
﻿235,132,257,132,257,153,235,153,焉
﻿204,16,227,16,227,35,204,35,己
﻿204,35,227,35,227,55,204,55,酉
﻿204,55,227,55,227,75,204,75,十
﻿204,75,227,75,227,95,204,95,七
﻿204,95,227,95,227,115,204,115,年
﻿214,117,230,117,230,135,214,135,元
﻿214,135,230,135,230,154,214,154,至
﻿214,154,230,154,230,173,214,173,大
﻿202,118,213,118,213,135,202,135,二
﻿202,135,213,135,213,153,202,153,年
﻿203,175,228,175,228,198,203,198,春
﻿203,198,228,198,228,221,203,221,正
﻿203,221,228,221,228,244,203,244,月
﻿203,244,228,244,228,267,203,267,大
﻿203,267,228,267,228,290,203,290,赦
﻿203,290,228,290,228,313,203,313,󰀋
﻿203,313,228,313,228,336,203,336,東
﻿203,336,228,336,228,359,203,359,宫
﻿203,359,228,359,228,382,203,382,太
﻿203,382,228,382,228,406,203,406,子
﻿171,12,197,12,197,32,171,32,奣
﻿171,32,197,32,197,53,171,53,為
﻿171,53,197,53,197,74,171,74,皇
﻿171,74,197,74,197,95,171,95,太
﻿171,95,197,95,197,116,171,116,子
﻿171,116,197,116,197,137,171,137,追
﻿171,137,197,137,197,158,171,158,尊
﻿171,158,197,158,197,179,171,179,欽
﻿171,179,197,179,197,200,171,200,慈
﻿171,200,197,200,197,220,171,220,保
﻿171,220,197,220,197,241,171,241,聖
﻿171,241,197,241,197,262,171,262,太
﻿171,262,197,262,197,283,171,283,后
﻿171,283,197,283,197,304,171,304,為
﻿171,304,197,304,197,325,171,325,太
﻿171,325,197,325,197,346,171,346,皇
﻿171,346,197,346,197,367,171,367,太
﻿171,367,197,367,197,388,171,388,后
﻿171,388,197,388,197,409,171,409,󰀋
﻿139,12,164,12,164,34,139,34,聖
﻿139,34,164,34,164,56,139,56,姿
﻿139,56,164,56,164,78,139,78,夫
﻿139,78,164,78,164,100,139,100,人
﻿139,100,164,100,164,122,139,122,為
﻿139,122,164,122,164,144,139,144,順
﻿139,144,164,144,164,166,139,166,聖
﻿139,166,164,166,164,188,139,188,皇
﻿139,188,164,188,164,210,139,210,后
﻿139,210,164,210,164,232,139,232,帝
﻿139,232,164,232,164,254,139,254,次
﻿139,254,164,254,164,276,139,276,妃
﻿139,276,164,276,164,298,139,298,范
﻿139,298,164,298,164,320,139,320,氏
﻿139,320,164,320,164,342,139,342,五
﻿139,342,164,342,164,364,139,364,老
﻿139,364,164,364,164,386,139,386,之
﻿139,386,164,386,164,408,139,408,女
﻿106,13,134,13,134,34,106,34,也
﻿106,34,134,34,134,56,106,56,無
﻿106,56,134,56,134,78,106,78,子
﻿106,78,134,78,134,100,106,100,願
﻿106,100,134,100,134,122,106,122,出
﻿106,122,134,122,134,144,106,144,家
﻿106,144,134,144,134,166,106,166,許
﻿106,166,134,166,134,188,106,188,之
﻿106,188,134,188,134,210,106,210,冬
﻿106,210,134,210,134,232,106,232,十
﻿106,232,134,232,134,254,106,254,一
﻿106,254,134,254,134,276,106,276,月
﻿106,276,134,276,134,298,106,298,治
﻿106,298,134,298,134,320,106,320,判
﻿106,320,134,320,134,342,106,342,大
﻿106,342,134,342,134,364,106,364,逆
﻿106,364,134,364,134,386,106,386,名
﻿106,386,134,386,134,408,106,408,欣
﻿76,12,102,12,102,32,76,32,等
﻿76,32,102,32,102,53,76,53,罪
﻿76,53,102,53,102,74,76,74,名
﻿76,74,102,74,102,95,76,95,欣
﻿76,95,102,95,102,116,76,116,於
﻿76,116,102,116,102,137,76,137,江
﻿76,137,102,137,102,157,76,157,口
﻿76,157,102,157,102,178,76,178,橋
﻿76,178,102,178,102,199,76,199,名
﻿76,199,102,199,102,220,76,220,厨
﻿76,220,102,220,102,241,76,241,於
﻿76,241,102,241,102,262,76,262,椰
﻿76,262,102,262,102,282,76,282,市
﻿76,282,102,282,102,303,76,303,城
﻿76,303,102,303,102,324,76,324,門
﻿76,324,102,324,102,345,76,345,名
﻿76,345,102,345,102,366,76,366,總
﻿76,366,102,366,102,387,76,387,於
﻿76,387,102,387,102,408,76,408,西
﻿45,12,71,12,71,32,45,32,陽
﻿45,32,71,32,71,53,45,53,城
﻿45,53,71,53,71,74,45,74,門
﻿45,74,71,74,71,95,45,95,名
﻿45,95,71,95,71,116,45,116,庸
﻿45,116,71,116,71,137,45,137,於
﻿45,137,71,137,71,158,45,158,萬
﻿45,158,71,158,71,179,45,179,春
﻿45,179,71,179,71,200,45,200,城
﻿45,200,71,200,71,220,45,220,門
﻿45,220,71,220,71,241,45,241,並
﻿45,241,71,241,71,262,45,262,斬
﻿45,262,71,262,71,283,45,283,之
﻿45,283,71,283,71,304,45,304,名
﻿45,304,71,304,71,325,45,325,欣
﻿45,325,71,325,71,346,45,346,以
﻿45,346,71,346,71,367,45,367,前
﻿45,367,71,367,71,388,45,388,日
﻿45,388,71,388,71,409,45,409,有
﻿13,15,37,15,37,35,13,35,大
﻿13,35,37,35,37,55,13,55,功
﻿13,55,37,55,37,76,13,76,免
﻿13,76,37,76,37,96,13,96,没
﻿13,96,37,96,37,116,13,116,籍
﻿13,116,37,116,37,137,13,137,名
﻿13,137,37,137,37,157,13,157,例
﻿13,157,37,157,37,177,13,177,等
﻿13,177,37,177,37,198,13,198,六
﻿13,198,37,198,37,218,13,218,人
﻿13,218,37,218,37,238,13,238,流
﻿13,238,37,238,37,259,13,259,惡
﻿13,259,37,259,37,279,13,279,水
﻿13,279,37,279,37,300,13,300,州
﻿27,304,41,304,41,324,27,324,惡
﻿27,324,41,324,41,344,27,344,水
﻿27,344,41,344,41,365,27,365,地
﻿27,365,41,365,41,385,27,385,在
﻿27,385,41,385,41,406,27,406,安
﻿13,303,26,303,26,323,13,323,邦
﻿13,323,26,323,26,343,13,343,縣
﻿13,343,26,343,26,364,13,364,流
﻿13,364,26,364,26,384,13,384,之
﻿13,384,26,384,26,405,13,405,此
