241,201,268,201,268,221,241,221,書
﻿241,221,268,221,268,242,241,242,寫
﻿241,242,268,242,268,262,241,262,水
﻿241,262,268,262,268,283,241,283,兵
﻿241,283,268,283,268,304,241,304,番
﻿241,304,268,304,268,324,241,324,臣
﻿241,324,268,324,268,345,241,345,鄧
﻿241,345,268,345,268,366,241,366,有
﻿241,366,268,366,268,386,241,386,斐
﻿241,386,268,386,268,407,241,407,奉
﻿241,407,268,407,268,428,241,428,謄
﻿211,123,236,123,236,143,211,143,優
﻿211,143,236,143,236,164,211,164,中
﻿211,164,236,164,236,185,211,185,都
﻿211,185,236,185,236,205,211,205,吏
﻿211,205,236,205,236,226,211,226,臣
﻿211,226,236,226,236,247,211,247,阮
﻿211,247,236,247,236,267,211,267,有
﻿211,267,236,267,236,288,211,288,德
﻿211,288,236,288,236,309,211,309,奉
﻿211,309,236,309,236,330,211,330,謄
﻿60,180,87,180,87,201,60,201,梓
﻿60,201,87,201,87,222,60,222,人
﻿60,222,87,222,87,243,60,243,紅
﻿60,243,87,243,87,264,60,264,录
﻿60,264,87,264,87,285,60,285,柳
﻿60,285,87,285,87,306,60,306,幢
﻿60,306,87,306,87,327,60,327,等
﻿60,327,87,327,87,348,60,348,社
﻿60,348,87,348,87,369,60,369,人
﻿60,369,87,369,87,390,60,390,奉
﻿60,390,87,390,87,412,60,412,刊
