255,49,280,49,280,69,255,69,冬
﻿255,69,280,69,280,89,255,89,十
﻿255,89,280,89,280,110,255,110,月
﻿255,110,280,110,280,130,255,130,賜
﻿255,130,280,130,280,150,255,150,范
﻿255,150,280,150,280,171,255,171,應
﻿255,171,280,171,280,191,255,191,夢
﻿255,191,280,191,280,211,255,211,錢
﻿255,211,280,211,280,232,255,232,使
﻿255,232,280,232,280,252,255,252,自
﻿255,252,280,252,280,273,255,273,閹
﻿255,273,280,273,280,293,255,293,入
﻿255,293,280,293,280,313,255,313,侍
﻿255,313,280,313,280,334,255,334,初
﻿255,334,280,334,280,354,255,354,帝
﻿255,354,280,354,280,374,255,374,夢
﻿255,374,280,374,280,395,255,395,出
﻿255,395,280,395,280,415,255,415,遊
﻿255,415,280,415,280,436,255,436,見
﻿226,48,251,48,251,68,226,68,神
﻿226,68,251,68,251,88,226,88,人
﻿226,88,251,88,251,109,226,109,指
﻿226,109,251,109,251,129,226,129,一
﻿226,129,251,129,251,149,226,149,人
﻿226,149,251,149,251,170,226,170,謂
﻿226,170,251,170,251,190,226,190,曰
﻿226,190,251,190,251,210,226,210,此
﻿226,210,251,210,251,231,226,231,人
﻿226,231,251,231,251,251,226,251,可
﻿226,251,251,251,251,272,226,272,為
﻿226,272,251,272,251,292,226,292,行
﻿226,292,251,292,251,312,226,312,遣
﻿226,312,251,312,251,333,226,333,夢
﻿226,333,251,333,251,353,226,353,覺
﻿226,353,251,353,251,373,226,373,不
﻿226,373,251,373,251,394,226,394,知
﻿226,394,251,394,251,414,226,414,何
﻿226,414,251,414,251,435,226,435,人
﻿195,51,222,51,222,71,195,71,一
﻿195,71,222,71,222,91,195,91,日
﻿195,91,222,91,222,111,195,111,朝
﻿195,111,222,111,222,132,195,132,󰰾
﻿195,132,222,132,222,152,195,152,幸
﻿195,152,222,152,222,172,195,172,城
﻿195,172,222,172,222,192,195,192,外
﻿195,192,222,192,222,213,195,213,見
﻿195,213,222,213,222,233,195,233,一
﻿195,233,222,233,222,253,195,253,男
﻿195,253,222,253,222,273,195,273,子
﻿195,273,222,273,222,294,195,294,從
﻿195,294,222,294,222,314,195,314,學
﻿195,314,222,314,222,334,195,334,于
﻿195,334,222,334,222,354,195,354,城
﻿195,354,222,354,222,375,195,375,之
﻿195,375,222,375,222,395,195,395,南
﻿195,395,222,395,222,415,195,415,門
﻿195,415,222,415,222,436,195,436,形
﻿165,46,191,46,191,66,165,66,貌
﻿165,66,191,66,191,86,165,86,酷
﻿165,86,191,86,191,107,165,107,似
﻿165,107,191,107,191,127,165,127,所
﻿165,127,191,127,191,148,165,148,夢
﻿165,148,191,148,191,168,165,168,人
﻿165,168,191,168,191,188,165,188,召
﻿165,188,191,188,191,209,165,209,問
﻿165,209,191,209,191,229,165,229,之
﻿165,229,191,229,191,250,165,250,應
﻿165,250,191,250,191,270,165,270,對
﻿165,270,191,270,191,291,165,291,如
﻿165,291,191,291,191,311,165,311,夢
﻿165,311,191,311,191,331,165,331,中
﻿165,331,191,331,191,352,165,352,聞
﻿165,352,191,352,191,372,165,372,所
﻿165,372,191,372,191,393,165,393,語
﻿165,393,191,393,191,413,165,413,欲
﻿165,413,191,413,191,434,165,434,授
﻿137,49,162,49,162,69,137,69,以
﻿137,69,162,69,162,89,137,89,行
﻿137,89,162,89,162,109,137,109,遣
﻿137,109,162,109,162,130,137,130,而
﻿137,130,162,130,162,150,137,150,難
﻿137,150,162,150,162,170,137,170,之
﻿137,170,162,170,162,190,137,190,仍
﻿137,190,162,190,162,211,137,211,賜
﻿137,211,162,211,162,231,137,231,錢
﻿137,231,162,231,162,251,137,251,四
﻿137,251,162,251,162,271,137,271,百
﻿137,271,162,271,162,292,137,292,鏹
﻿137,292,162,292,162,312,137,312,使
﻿137,312,162,312,162,332,137,332,之
﻿137,332,162,332,162,352,137,352,自
﻿137,352,162,352,162,373,137,373,閹
﻿137,373,162,373,162,393,137,393,賜
﻿137,393,162,393,162,413,137,413,名
﻿137,413,162,413,162,434,137,434,應
﻿105,46,131,46,131,66,105,66,夢
﻿105,66,131,66,131,86,105,86,後
﻿105,86,131,86,131,107,105,107,累
﻿105,107,131,107,131,127,105,127,遷
﻿105,127,131,127,131,148,105,148,為
﻿105,148,131,148,131,168,105,168,行
﻿105,168,131,168,131,188,105,188,遣
﻿105,188,131,188,131,209,105,209,盖
﻿105,209,131,209,131,229,105,229,倣
﻿105,229,131,229,131,250,105,250,李
﻿105,250,131,250,131,270,105,270,朝
﻿105,270,131,270,131,291,105,291,用
﻿105,291,131,291,131,311,105,311,李
﻿105,311,131,311,131,331,105,331,常
﻿105,331,131,331,131,352,105,352,傑
﻿105,352,131,352,131,372,105,372,李
﻿105,372,131,372,131,393,105,393,常
﻿105,393,131,393,131,413,105,413,憲
﻿105,413,131,413,131,434,105,434,舊
﻿78,47,97,47,97,66,78,66,例
﻿78,66,97,66,97,86,78,86,也
﻿47,48,70,48,70,67,47,67,丁
﻿47,67,70,67,70,87,47,87,卯
﻿47,87,70,87,70,107,47,107,五
﻿47,107,70,107,70,127,47,127,年
﻿60,128,74,128,74,148,60,148,宋
﻿60,148,74,148,74,168,60,168,寶
﻿60,168,74,168,74,188,60,188,祐
﻿45,132,59,132,59,151,45,151,三
﻿45,151,59,151,59,171,45,171,年
﻿44,189,70,189,70,209,44,209,春
﻿44,209,70,209,70,229,44,229,三
﻿44,229,70,229,70,249,44,249,月
﻿44,249,70,249,70,270,44,270,命
﻿44,270,70,270,70,290,44,290,劉
﻿44,290,70,290,70,310,44,310,免
﻿44,310,70,310,70,330,44,330,培
﻿44,330,70,330,70,351,44,351,築
﻿44,351,70,351,70,371,44,371,清
﻿44,371,70,371,70,391,44,391,化
﻿44,391,70,391,70,411,44,411,名
﻿44,411,70,411,70,432,44,432,處
﻿15,48,41,48,41,69,15,69,河
﻿15,69,41,69,41,90,15,90,堤
﻿15,90,41,90,41,112,15,112,夏
﻿15,112,41,112,41,133,15,133,四
﻿15,133,41,133,41,155,15,155,月
﻿15,155,41,155,41,176,15,176,選
﻿15,176,41,176,41,198,15,198,散
﻿15,198,41,198,41,219,15,219,官
﻿15,219,41,219,41,241,15,241,為
﻿15,241,41,241,41,262,15,262,諸
﻿15,262,41,262,41,283,15,283,路
﻿15,283,41,283,41,305,15,305,河
﻿15,305,41,305,41,326,15,326,堤
﻿15,326,41,326,41,348,15,348,正
﻿15,348,41,348,41,369,15,369,副
﻿15,369,41,369,41,391,15,391,使
﻿15,391,41,391,41,412,15,412,農
﻿15,412,41,412,41,434,15,434,𨻶
