248,44,276,44,276,65,248,65,四
﻿248,65,276,65,276,87,248,87,月
﻿248,87,276,87,276,109,248,109,都
﻿248,109,276,109,276,130,248,130,曹
﻿248,130,276,130,276,152,248,152,潘
﻿248,152,276,152,276,174,248,174,田
﻿248,174,276,174,276,196,248,196,献
﻿248,196,276,196,276,217,248,217,白
﻿248,217,276,217,276,239,248,239,鹿
﻿248,239,276,239,276,261,248,261,五
﻿248,261,276,261,276,282,248,282,月
﻿248,282,276,282,276,304,248,304,設
﻿248,304,276,304,276,326,248,326,慶
﻿248,326,276,326,276,348,248,348,成
﻿248,348,276,348,276,369,248,369,浄
﻿248,369,276,369,276,391,248,391,慮
﻿248,391,276,391,276,413,248,413,寺
﻿248,413,276,413,276,435,248,435,會
﻿218,45,243,45,243,67,218,67,龍
﻿218,67,243,67,243,90,218,90,見
﻿218,90,243,90,243,113,218,113,于
﻿218,113,243,113,243,136,218,136,京
﻿218,136,243,136,243,159,218,159,師
﻿218,159,243,159,243,182,218,182,茶
﻿218,182,243,182,243,205,218,205,肆
﻿218,205,243,205,243,228,218,228,秋
﻿218,228,243,228,243,250,218,250,七
﻿218,250,243,250,243,273,218,273,月
﻿218,273,243,273,243,296,218,296,造
﻿218,296,243,296,243,319,218,319,景
﻿218,319,243,319,243,342,218,342,興
﻿218,342,243,342,243,365,218,365,清
﻿218,365,243,365,243,388,218,388,闌
﻿218,388,243,388,243,411,218,411,二
﻿218,411,243,411,243,434,218,434,舟
﻿188,45,214,45,214,66,188,66,詔
﻿188,66,214,66,214,88,188,88,諸
﻿188,88,214,88,214,109,188,109,軍
﻿188,109,214,109,214,131,188,131,造
﻿188,131,214,131,214,152,188,152,戰
﻿188,152,214,152,214,174,188,174,艦
﻿188,174,214,174,214,195,188,195,治
﻿188,195,214,195,214,217,188,217,兵
﻿188,217,214,217,214,238,188,238,甲
﻿188,238,214,238,214,260,188,260,欲
﻿188,260,214,260,214,281,188,281,親
﻿188,281,214,281,214,303,188,303,征
﻿188,303,214,303,214,324,188,324,麻
﻿188,324,214,324,214,346,188,346,沙
﻿188,346,214,346,214,367,188,367,洞
﻿188,367,214,367,214,389,188,389,也
﻿188,389,214,389,214,410,188,410,八
﻿188,410,214,410,214,432,188,432,月
﻿158,44,184,44,184,64,158,64,甲
﻿158,64,184,64,184,85,158,85,申
﻿158,85,184,85,184,106,158,106,帝
﻿158,106,184,106,184,126,158,126,御
﻿158,126,184,126,184,147,158,147,靈
﻿158,147,184,147,184,168,158,168,光
﻿158,168,184,168,184,188,158,188,殿
﻿158,188,184,188,184,209,158,209,觀
﻿158,209,184,209,184,230,158,230,競
﻿158,230,184,230,184,250,158,250,舟
﻿158,250,184,250,184,271,158,271,設
﻿158,271,184,271,184,292,158,292,秋
﻿158,292,184,292,184,312,158,312,筵
﻿158,312,184,312,184,333,158,333,宴
﻿158,333,184,333,184,354,158,354,禮
﻿158,354,184,354,184,374,158,374,此
﻿158,374,184,374,184,395,158,395,後
﻿158,395,184,395,184,416,158,416,每
﻿158,416,184,416,184,437,158,437,歲
﻿128,45,156,45,156,66,128,66,八
﻿128,66,156,66,156,88,128,88,月
﻿128,88,156,88,156,109,128,109,競
﻿128,109,156,109,156,131,128,131,舟
﻿128,131,156,131,156,152,128,152,設
﻿128,152,156,152,156,174,128,174,宴
﻿128,174,156,174,156,195,128,195,以
﻿128,195,156,195,156,217,128,217,爲
﻿128,217,156,217,156,239,128,239,常
﻿128,239,156,239,156,260,128,260,冬
﻿128,260,156,260,156,282,128,282,十
﻿128,282,156,282,156,303,128,303,月
﻿128,303,156,303,156,325,128,325,閲
﻿128,325,156,325,156,346,128,346,武
﻿128,346,156,346,156,368,128,368,捷
﻿128,368,156,368,156,389,128,389,羽
﻿128,389,156,389,156,411,128,411,林
﻿128,411,156,411,156,433,128,433,等
﻿98,47,125,47,125,67,98,67,六
﻿98,67,125,67,125,88,98,88,兵
﻿98,88,125,88,125,108,98,108,曹
﻿98,108,125,108,125,129,98,129,之
﻿98,129,125,129,125,149,98,149,壮
﻿98,149,125,149,125,170,98,170,勇
﻿98,170,125,170,125,190,98,190,者
﻿98,190,125,190,125,211,98,211,爲
﻿98,211,125,211,125,231,98,231,玉
﻿98,231,125,231,125,252,98,252,階
﻿98,252,125,252,125,272,98,272,興
﻿98,272,125,272,125,293,98,293,聖
﻿98,293,125,293,125,313,98,313,捧
﻿98,313,125,313,125,334,98,334,日
﻿98,334,125,334,125,354,98,354,廣
﻿98,354,125,354,125,375,98,375,成
﻿98,375,125,375,125,395,98,395,武
﻿98,395,125,395,125,416,98,416,都
﻿98,416,125,416,125,437,98,437,火
﻿68,46,94,46,94,67,68,67,頭
﻿68,67,94,67,94,89,68,89,其
﻿68,89,94,89,94,110,68,110,下
﻿68,110,94,110,94,132,68,132,等
﻿68,132,94,132,94,153,68,153,爲
﻿68,153,94,153,94,175,68,175,玉
﻿68,175,94,175,94,196,68,196,階
﻿68,196,94,196,94,218,68,218,興
﻿68,218,94,218,94,240,68,240,聖
﻿68,240,94,240,94,261,68,261,捧
﻿68,261,94,261,94,283,68,283,日
﻿68,283,94,283,94,304,68,304,廣
﻿68,304,94,304,94,326,68,326,城
﻿68,326,94,326,94,347,68,347,武
﻿68,347,94,347,94,369,68,369,都
﻿68,369,94,369,94,390,68,390,御
﻿68,390,94,390,94,412,68,412,龍
﻿68,412,94,412,94,434,68,434,兵
﻿37,46,63,46,63,66,37,66,會
﻿37,66,63,66,63,87,37,87,天
﻿37,87,63,87,63,107,37,107,下
﻿37,107,63,107,63,128,37,128,軍
﻿37,128,63,128,63,148,37,148,人
﻿37,148,63,148,63,169,37,169,盟
﻿37,169,63,169,63,189,37,189,于
﻿37,189,63,189,63,210,37,210,龍
﻿37,210,63,210,63,230,37,230,墀
﻿37,230,63,230,63,251,37,251,詔
﻿37,251,63,251,63,271,37,271,曰
﻿37,271,63,271,63,292,37,292,朕
﻿37,292,63,292,63,312,37,312,膺
﻿37,312,63,312,63,333,37,333,一
﻿37,333,63,333,63,353,37,353,祖
﻿37,353,63,353,63,374,37,374,二
﻿37,374,63,374,63,394,37,394,宗
﻿37,394,63,394,63,415,37,415,之
﻿37,415,63,415,63,436,37,436,業
﻿11,48,36,48,36,68,11,68,奄
﻿11,68,36,68,36,88,11,88,有
﻿11,88,36,88,36,109,11,109,蒼
﻿11,109,36,109,36,129,11,129,生
﻿11,129,36,129,36,150,11,150,是
﻿11,150,36,150,36,170,11,170,四
﻿11,170,36,170,36,190,11,190,海
﻿11,190,36,190,36,211,11,211,兆
﻿11,211,36,211,36,231,11,231,姓
﻿11,231,36,231,36,252,11,252,之
﻿11,252,36,252,36,272,11,272,民
﻿11,272,36,272,36,293,11,293,均
﻿11,293,36,293,36,313,11,313,如
﻿11,313,36,313,36,333,11,333,赤
﻿11,333,36,333,36,354,11,354,子
﻿11,354,36,354,36,374,11,374,𦤶
﻿11,374,36,374,36,395,11,395,異
﻿11,395,36,395,36,415,11,415,域
﻿11,415,36,415,36,436,11,436,懷
