255,39,279,39,279,59,255,59,十
﻿255,59,279,59,279,79,255,79,二
﻿255,79,279,79,279,100,255,100,月
﻿255,100,279,100,279,120,255,120,朔
﻿255,120,279,120,279,141,255,141,以
﻿255,141,279,141,279,161,255,161,入
﻿255,161,279,161,279,182,255,182,内
﻿255,182,279,182,279,202,255,202,司
﻿255,202,279,202,279,223,255,223,馬
﻿255,223,279,223,279,243,255,243,行
﻿255,243,279,243,279,263,255,263,軍
﻿255,263,279,263,279,284,255,284,總
﻿255,284,279,284,279,304,255,304,管
﻿255,304,279,304,279,325,255,325,黎
﻿255,325,279,325,279,345,255,345,魁
﻿255,345,279,345,279,366,255,366,為
﻿255,366,279,366,279,386,255,386,入
﻿255,386,279,386,279,407,255,407,内
﻿223,38,247,38,247,59,223,59,司
﻿223,59,247,59,247,81,223,81,馬
﻿223,81,247,81,247,103,223,103,參
﻿223,103,247,103,247,125,223,125,知
﻿223,125,247,125,247,146,223,146,政
﻿223,146,247,146,247,168,223,168,事
﻿223,168,247,168,247,190,223,190,知
﻿223,190,247,190,247,212,223,212,西
﻿223,212,247,212,247,233,223,233,道
﻿223,233,247,233,247,255,223,255,諸
﻿223,255,247,255,247,277,223,277,衛
﻿223,277,247,277,247,299,223,299,軍
﻿223,299,247,299,247,320,223,320,事
﻿223,320,247,320,247,342,223,342,黎
﻿223,342,247,342,247,364,223,364,銀
﻿223,364,247,364,247,386,223,386,免
﻿223,386,247,386,247,408,223,408,冠
﻿194,35,216,35,216,55,194,55,奏
﻿194,55,216,55,216,76,194,76,曰
﻿194,76,216,76,216,97,194,97,向
﻿194,97,216,97,216,117,194,117,者
﻿194,117,216,117,216,138,194,138,臣
﻿194,138,216,138,216,159,194,159,從
﻿194,159,216,159,216,180,194,180,起
﻿194,180,216,180,216,200,194,200,義
﻿194,200,216,200,216,221,194,221,籃
﻿194,221,216,221,216,242,194,242,京
﻿194,242,216,242,216,262,194,262,今
﻿194,262,216,262,216,283,194,283,臣
﻿194,283,216,283,216,304,194,304,亦
﻿194,304,216,304,216,325,194,325,多
﻿194,325,216,325,216,345,194,345,病
﻿194,345,216,345,216,366,194,366,卜
﻿194,366,216,366,216,387,194,387,師
﻿194,387,216,387,216,408,194,408,云
﻿165,36,189,36,189,56,165,56,臣
﻿165,56,189,56,189,77,165,77,居
﻿165,77,189,77,189,98,165,98,宅
﻿165,98,189,98,189,119,165,119,内
﻿165,119,189,119,189,139,165,139,先
﻿165,139,189,139,189,160,165,160,有
﻿165,160,189,160,189,181,165,181,佛
﻿165,181,189,181,189,202,165,202,廟
﻿165,202,189,202,189,223,165,223,因
﻿165,223,189,223,189,243,165,243,有
﻿165,243,189,243,189,264,165,264,汚
﻿165,264,189,264,189,285,165,285,穢
﻿165,285,189,285,189,306,165,306,作
﻿165,306,189,306,189,326,165,326,殃
﻿165,326,189,326,189,347,165,347,故
﻿165,347,189,347,189,368,165,368,再
﻿165,368,189,368,189,389,165,389,修
﻿165,389,189,389,189,410,165,410,以
﻿132,36,157,36,157,56,132,56,鄕
﻿132,56,157,56,157,77,132,77,火
﻿132,77,157,77,157,98,132,98,之
﻿132,98,157,98,157,119,132,119,緣
﻿132,119,157,119,157,139,132,139,臣
﻿132,139,157,139,157,160,132,160,所
﻿132,160,157,160,157,181,132,181,棄
﻿132,181,157,181,157,202,132,202,妾
﻿132,202,157,202,157,223,132,223,阮
﻿132,223,157,223,157,243,132,243,氏
﻿132,243,157,243,157,264,132,264,及
﻿132,264,157,264,157,285,132,285,所
﻿132,285,157,285,157,306,132,306,賜
﻿132,306,157,306,157,326,132,326,臣
﻿132,326,157,326,157,347,132,347,黎
﻿132,347,157,347,157,368,132,368,察
﻿132,368,157,368,157,389,132,389,妾
﻿132,389,157,389,157,410,132,410,陳
﻿104,35,129,35,129,54,104,54,氏
﻿104,54,129,54,129,74,104,74,二
﻿104,74,129,74,129,94,104,94,人
﻿104,94,129,94,129,114,104,114,俱
﻿104,114,129,114,129,133,104,133,是
﻿104,133,129,133,129,153,104,153,臣
﻿104,153,129,153,129,173,104,173,仇
﻿104,173,129,173,129,193,104,193,怨
﻿104,193,129,193,129,213,104,213,人
﻿104,213,129,213,129,232,104,232,𭁈
﻿104,232,129,232,129,252,104,252,臣
﻿104,252,129,252,129,272,104,272,頑
﻿104,272,129,272,129,292,104,292,奴
﻿104,292,129,292,129,312,104,312,羅
﻿104,312,129,312,129,331,104,331,織
﻿104,331,129,331,129,351,104,351,以
﻿104,351,129,351,129,371,104,371,成
﻿104,371,129,371,129,391,104,391,其
﻿104,391,129,391,129,411,104,411,事
﻿73,35,95,35,95,55,73,55,先
﻿73,55,95,55,95,76,73,76,帝
﻿73,76,95,76,95,96,73,96,知
﻿73,96,95,96,95,117,73,117,臣
﻿73,117,95,117,95,138,73,138,每
﻿73,138,95,138,95,158,73,158,為
﻿73,158,95,158,95,179,73,179,優
﻿73,179,95,179,95,199,73,199,容
﻿73,199,95,199,95,220,73,220,今
﻿73,220,95,220,95,241,73,241,臣
﻿73,241,95,241,95,261,73,261,筋
﻿73,261,95,261,95,282,73,282,力
﻿73,282,95,282,95,302,73,302,頗
﻿73,302,95,302,95,323,73,323,倦
﻿73,323,95,323,95,344,73,344,願
﻿73,344,95,344,95,364,73,364,放
﻿73,364,95,364,95,385,73,385,㱕
﻿73,385,95,385,95,406,73,406,田
﻿40,37,65,37,65,57,40,57,里
﻿40,57,65,57,65,78,40,78,以
﻿40,78,65,78,65,99,40,99,終
﻿40,99,65,99,65,119,40,119,残
﻿40,119,65,119,65,140,40,140,年
﻿40,140,65,140,65,161,40,161,若
﻿40,161,65,161,65,182,40,182,咱
﻿40,182,65,182,65,202,40,202,左
﻿40,202,65,202,65,223,40,223,右
﻿40,223,65,223,65,244,40,244,之
﻿40,244,65,244,65,264,40,264,人
﻿40,264,65,264,65,285,40,285,考
﻿40,285,65,285,65,306,40,306,掠
﻿40,306,65,306,65,327,40,327,臣
﻿40,327,65,327,65,347,40,347,家
﻿40,347,65,347,65,368,40,368,人
﻿40,368,65,368,65,389,40,389,病
﻿40,389,65,389,65,410,40,410,痛
﻿14,36,35,36,35,57,14,57,必
﻿14,57,35,57,35,79,14,79,生
﻿14,79,35,79,35,101,14,101,異
﻿14,101,35,101,35,123,14,123,辝
﻿14,123,35,123,35,145,14,145,則
﻿14,145,35,145,35,167,14,167,臣
﻿14,167,35,167,35,189,14,189,身
﻿14,189,35,189,35,211,14,211,恐
﻿14,211,35,211,35,232,14,232,不
﻿14,232,35,232,35,254,14,254,能
﻿14,254,35,254,35,276,14,276,保
﻿14,276,35,276,35,298,14,298,願
﻿14,298,35,298,35,320,14,320,陛
﻿14,320,35,320,35,342,14,342,下
﻿14,342,35,342,35,364,14,364,思
﻿14,364,35,364,35,386,14,386,之
﻿14,386,35,386,35,408,14,408,𭛁
