255,12,271,12,271,32,255,32,丁
﻿255,32,271,32,271,53,255,53,巳
﻿255,53,271,53,271,73,255,73,天
﻿255,73,271,73,271,94,255,94,祐
﻿255,94,271,94,271,114,255,114,元
﻿255,114,271,114,271,135,255,135,年
﻿261,138,270,138,270,170,261,170,#
﻿261,170,270,170,270,202,261,202,#
﻿261,202,270,202,270,235,261,235,#
﻿248,139,260,139,260,152,248,152,明
﻿248,152,260,152,260,166,248,166,嘉
﻿248,166,260,166,260,180,248,180,靖
﻿248,180,260,180,260,193,248,193,三
﻿248,193,260,193,260,207,248,207,十
﻿248,207,260,207,260,221,248,221,六
﻿248,221,260,221,260,235,248,235,年
﻿250,236,270,236,270,256,250,256,莫
﻿250,256,270,256,270,277,250,277,以
﻿250,277,270,277,270,298,250,298,謙
﻿250,298,270,298,270,319,250,319,王
﻿250,319,270,319,270,339,250,339,敬
﻿250,339,270,339,270,360,250,360,典
﻿250,360,270,360,270,381,250,381,兼
﻿250,381,270,381,270,402,250,402,宗
﻿224,30,245,30,245,50,224,50,人
﻿224,50,245,50,245,71,224,71,府
﻿224,71,245,71,245,92,224,92,宗
﻿224,92,245,92,245,113,224,113,人
﻿224,113,245,113,245,134,224,134,令
﻿193,29,215,29,215,49,193,49,七
﻿193,49,215,49,215,70,193,70,月
﻿193,70,215,70,215,90,193,90,莫
﻿193,90,215,90,215,111,193,111,使
﻿193,111,215,111,215,132,193,132,敬
﻿193,132,215,132,215,152,193,152,典
﻿193,152,215,152,215,173,193,173,率
﻿193,173,215,173,215,193,193,193,兵
﻿193,193,215,193,215,214,193,214,侵
﻿193,214,215,214,215,235,193,235,清
﻿193,235,215,235,215,255,193,255,華
﻿193,255,215,255,215,276,193,276,至
﻿193,276,215,276,215,296,193,296,神
﻿193,296,215,296,215,317,193,317,符
﻿193,317,215,317,215,338,193,338,江
﻿193,338,215,338,215,358,193,358,宋
﻿193,358,215,358,215,379,193,379,山
﻿193,379,215,379,215,400,193,400,峩
﻿163,31,185,31,185,50,163,50,山
﻿163,50,185,50,185,69,163,69,地
﻿163,69,185,69,185,89,163,89,方
﻿163,89,185,89,185,108,163,108,燒
﻿163,108,185,108,185,127,163,127,破
﻿163,127,185,127,185,147,163,147,浮
﻿163,147,185,147,185,166,163,166,橋
﻿163,166,185,166,185,185,163,185,太
﻿163,185,185,185,185,205,163,205,師
﻿163,205,185,205,185,224,163,224,諒
﻿163,224,185,224,185,244,163,244,國
﻿163,244,185,244,185,263,163,263,公
﻿163,263,185,263,185,282,163,282,鄭
﻿163,282,185,282,185,302,163,302,檢
﻿163,302,185,302,185,321,163,321,使
﻿163,321,185,321,185,340,163,340,清
﻿163,340,185,340,185,360,163,360,郡
﻿163,360,185,360,185,379,163,379,公
﻿163,379,185,379,185,399,163,399,守
﻿134,29,157,29,157,49,134,49,峩
﻿134,49,157,49,157,70,134,70,山
﻿134,70,157,70,157,91,134,91,瑞
﻿134,91,157,91,157,111,134,111,郡
﻿134,111,157,111,157,132,134,132,公
﻿134,132,157,132,157,153,134,153,何
﻿134,153,157,153,157,174,134,174,壽
﻿134,174,157,174,157,194,134,194,祥
﻿134,194,157,194,157,215,134,215,守
﻿134,215,157,215,157,236,134,236,宋
﻿134,236,157,236,157,256,134,256,山
﻿134,256,157,256,157,277,134,277,各
﻿134,277,157,277,157,298,134,298,率
﻿134,298,157,298,157,319,134,319,精
﻿134,319,157,319,157,339,134,339,兵
﻿134,339,157,339,157,360,134,360,拒
﻿134,360,157,360,157,381,134,381,之
﻿134,381,157,381,157,402,134,402,莫
﻿105,27,126,27,126,47,105,47,兵
﻿105,47,126,47,126,68,105,68,不
﻿105,68,126,68,126,89,105,89,䏻
﻿105,89,126,89,126,109,105,109,進
﻿105,109,126,109,126,130,105,130,太
﻿105,130,126,130,126,151,105,151,師
﻿105,151,126,151,126,171,105,171,親
﻿105,171,126,171,126,192,105,192,督
﻿105,192,126,192,126,213,105,213,兵
﻿105,213,126,213,126,233,105,233,象
﻿105,233,126,233,126,254,105,254,潜
﻿105,254,126,254,126,275,105,275,進
﻿105,275,126,275,126,295,105,295,安
﻿105,295,126,295,126,316,105,316,謨
﻿105,316,126,316,126,337,105,337,山
﻿105,337,126,337,126,357,105,357,脚
﻿105,357,126,357,126,378,105,378,直
﻿105,378,126,378,126,399,105,399,至
﻿74,29,98,29,98,49,74,49,海
﻿74,49,98,49,98,70,74,70,口
﻿74,70,98,70,98,90,74,90,遇
﻿74,90,98,90,98,111,74,111,賊
﻿74,111,98,111,98,132,74,132,縱
﻿74,132,98,132,98,152,74,152,兵
﻿74,152,98,152,98,173,74,173,擊
﻿74,173,98,173,98,193,74,193,之
﻿74,193,98,193,98,214,74,214,再
﻿74,214,98,214,98,235,74,235,襲
﻿74,235,98,235,98,255,74,255,攻
﻿74,255,98,255,98,276,74,276,其
﻿74,276,98,276,98,296,74,296,後
﻿74,296,98,296,98,317,74,317,砲
﻿74,317,98,317,98,338,74,338,聲
﻿74,338,98,338,98,358,74,358,連
﻿74,358,98,358,98,379,74,379,響
﻿74,379,98,379,98,400,74,400,上
﻿44,29,67,29,67,49,44,49,下
﻿44,49,67,49,67,70,44,70,夾
﻿44,70,67,70,67,91,44,91,攻
﻿44,91,67,91,67,111,44,111,太
﻿44,111,67,111,67,132,44,132,師
﻿44,132,67,132,67,153,44,153,使
﻿44,153,67,153,67,173,44,173,弘
﻿44,173,67,173,67,194,44,194,化
﻿44,194,67,194,67,215,44,215,人
﻿44,215,67,215,67,235,44,235,武
﻿44,235,67,235,67,256,44,256,陵
﻿44,256,67,256,67,277,44,277,侯
﻿44,277,67,277,67,297,44,297,突
﻿44,297,67,297,67,318,44,318,船
﻿44,318,67,318,67,339,44,339,衝
﻿44,339,67,339,67,359,44,359,擊
﻿44,359,67,359,67,380,44,380,遇
﻿44,380,67,380,67,401,44,401,莫
﻿15,29,40,29,40,49,15,49,敬
﻿15,49,40,49,40,70,15,70,典
﻿15,70,40,70,40,90,15,90,船
﻿15,90,40,90,40,111,15,111,奮
﻿15,111,40,111,40,131,15,131,身
﻿15,131,40,131,40,152,15,152,跳
﻿15,152,40,152,40,172,15,172,過
﻿15,172,40,172,40,193,15,193,揮
﻿15,193,40,193,40,214,15,214,劎
﻿15,214,40,214,40,234,15,234,斬
﻿15,234,40,234,40,255,15,255,把
﻿15,255,40,255,40,275,15,275,𢂎
﻿15,275,40,275,40,296,15,296,人
﻿15,296,40,296,40,316,15,316,分
﻿15,316,40,316,40,337,15,337,爲
﻿15,337,40,337,40,357,15,357,两
﻿15,357,40,357,40,378,15,378,段
﻿15,378,40,378,40,399,15,399,墜
