238,53,264,53,264,72,238,72,絶
﻿238,72,264,72,264,92,238,92,煙
﻿238,92,264,92,264,112,238,112,火
﻿238,112,264,112,264,131,238,131,人
﻿238,131,264,131,264,151,238,151,跡
﻿238,151,264,151,264,171,238,171,夜
﻿238,171,264,171,264,190,238,190,則
﻿238,190,264,190,264,210,238,210,以
﻿238,210,264,210,264,230,238,230,獨
﻿238,230,264,230,264,249,238,249,木
﻿238,249,264,249,264,269,238,269,船
﻿238,269,264,269,264,289,238,289,出
﻿238,289,264,289,264,308,238,308,兵
﻿238,308,264,308,264,328,238,328,擊
﻿238,328,264,328,264,348,238,348,覇
﻿238,348,264,348,264,367,238,367,先
﻿238,367,264,367,264,387,238,387,營
﻿238,387,264,387,264,407,238,407,殺
﻿238,407,264,407,264,427,238,427,獲
﻿207,50,234,50,234,69,207,69,甚
﻿207,69,234,69,234,89,207,89,眾
﻿207,89,234,89,234,109,207,109,所
﻿207,109,234,109,234,129,207,129,得
﻿207,129,234,129,234,148,207,148,粮
﻿207,148,234,148,234,168,207,168,食
﻿207,168,234,168,234,188,207,188,爲
﻿207,188,234,188,234,208,207,208,持
﻿207,208,234,208,234,228,207,228,久
﻿207,228,234,228,234,247,207,247,計
﻿207,247,234,247,234,267,207,267,覇
﻿207,267,234,267,234,287,207,287,先
﻿207,287,234,287,234,307,207,307,蹀
﻿207,307,234,307,234,327,207,327,而
﻿207,327,234,327,234,346,207,346,攻
﻿207,346,234,346,234,366,207,366,之
﻿207,366,234,366,234,386,207,386,竟
﻿207,386,234,386,234,406,207,406,不
﻿207,406,234,406,234,426,207,426,能
﻿182,50,203,50,203,69,182,69,得
﻿182,69,203,69,203,88,182,88,國
﻿182,88,203,88,203,108,182,108,人
﻿182,108,203,108,203,127,182,127,號
﻿182,127,203,127,203,147,182,147,夜
﻿182,147,203,147,203,166,182,166,澤
﻿182,166,203,166,203,186,182,186,王
﻿190,189,205,189,205,208,190,208,世
﻿190,208,205,208,205,228,190,228,傳
﻿190,228,205,228,205,248,190,248,雄
﻿190,248,205,248,205,267,190,267,王
﻿190,267,205,267,205,287,190,287,時
﻿190,287,205,287,205,307,190,307,王
﻿190,307,205,307,205,326,190,326,女
﻿190,326,205,326,205,346,190,346,仙
﻿190,346,205,346,205,366,190,366,容
﻿190,366,205,366,205,385,190,385,媚
﻿190,385,205,385,205,405,190,405,娘
﻿190,405,205,405,205,425,190,425,出
﻿175,188,189,188,189,207,175,207,遊
﻿175,207,189,207,189,227,175,227,海
﻿175,227,189,227,189,247,175,247,口
﻿175,247,189,247,189,266,175,266,船
﻿175,266,189,266,189,286,175,286,回
﻿175,286,189,286,189,306,175,306,至
﻿175,306,189,306,189,325,175,325,褚
﻿175,325,189,325,189,345,175,345,家
﻿175,345,189,345,189,365,175,365,鄕
﻿175,365,189,365,189,384,175,384,洲
﻿175,384,189,384,189,404,175,404,步
﻿175,404,189,404,189,424,175,424,行
﻿160,51,174,51,174,70,160,70,洲
﻿160,70,174,70,174,90,160,90,上
﻿160,90,174,90,174,110,160,110,遇
﻿160,110,174,110,174,130,160,130,褚
﻿160,130,174,130,174,150,160,150,童
﻿160,150,174,150,174,170,160,170,子
﻿160,170,174,170,174,189,160,189,裸
﻿160,189,174,189,174,209,160,209,身
﻿160,209,174,209,174,229,160,229,先
﻿160,229,174,229,174,249,160,249,匿
﻿160,249,174,249,174,269,160,269,葦
﻿160,269,174,269,174,289,160,289,叢
﻿160,289,174,289,174,308,160,308,中
﻿160,308,174,308,174,328,160,328,自
﻿160,328,174,328,174,348,160,348,以
﻿160,348,174,348,174,368,160,368,爲
﻿160,368,174,368,174,388,160,388,月
﻿160,388,174,388,174,408,160,408,老
﻿160,408,174,408,174,428,160,428,葦
﻿145,52,159,52,159,71,145,71,緣
﻿145,71,159,71,159,91,145,91,其
﻿145,91,159,91,159,110,145,110,合
﻿145,110,159,110,159,130,145,130,爲
﻿145,130,159,130,159,149,145,149,夫
﻿145,149,159,149,159,169,145,169,妻
﻿145,169,159,169,159,188,145,188,畏
﻿145,188,159,188,159,208,145,208,罪
﻿145,208,159,208,159,227,145,227,避
﻿145,227,159,227,159,247,145,247,居
﻿145,247,159,247,159,266,145,266,岸
﻿145,266,159,266,159,286,145,286,上
﻿145,286,159,286,159,305,145,305,所
﻿145,305,159,305,159,325,145,325,居
﻿145,325,159,325,159,344,145,344,便
﻿145,344,159,344,159,364,145,364,成
﻿145,364,159,364,159,383,145,383,都
﻿145,383,159,383,159,403,145,403,會
﻿145,403,159,403,159,423,145,423,王
﻿132,52,144,52,144,71,132,71,調
﻿132,71,144,71,144,91,132,91,兵
﻿132,91,144,91,144,110,132,110,討
﻿132,110,144,110,144,130,132,130,之
﻿132,130,144,130,144,149,132,149,童
﻿132,149,144,149,144,169,132,169,子
﻿132,169,144,169,144,188,132,188,仙
﻿132,188,144,188,144,208,132,208,容
﻿132,208,144,208,144,227,132,227,恐
﻿132,227,144,227,144,247,132,247,惧
﻿132,247,144,247,144,266,132,266,待
﻿132,266,144,266,144,286,132,286,罪
﻿132,286,144,286,144,305,132,305,忽
﻿132,305,144,305,144,325,132,325,夜
﻿132,325,144,325,144,344,132,344,半
﻿132,344,144,344,144,364,132,364,風
﻿132,364,144,364,144,383,132,383,雨
﻿132,383,144,383,144,403,132,403,暴
﻿132,403,144,403,144,423,132,423,至
﻿117,52,131,52,131,71,117,71,舂
﻿117,71,131,71,131,91,117,91,撞
﻿117,91,131,91,131,110,117,110,所
﻿117,110,131,110,131,130,117,130,居
﻿117,130,131,130,131,149,117,149,棟
﻿117,149,131,149,131,169,117,169,宇
﻿117,169,131,169,131,189,117,189,自
﻿117,189,131,189,131,208,117,208,拨
﻿117,208,131,208,131,228,117,228,居
﻿117,228,131,228,131,247,117,247,人
﻿117,247,131,247,131,267,117,267,及
﻿117,267,131,267,131,286,117,286,鷄
﻿117,286,131,286,131,306,117,306,犬
﻿117,306,131,306,131,326,117,326,一
﻿117,326,131,326,131,345,117,345,時
﻿117,345,131,345,131,365,117,365,同
﻿117,365,131,365,131,384,117,384,升
﻿117,384,131,384,131,404,117,404,于
﻿117,404,131,404,131,424,117,424,天
﻿103,51,116,51,116,70,103,70,留
﻿103,70,116,70,116,89,103,89,其
﻿103,89,116,89,116,108,103,108,空
﻿103,108,116,108,116,128,103,128,址
﻿103,128,116,128,116,147,103,147,在
﻿103,147,116,147,116,166,103,166,澤
﻿103,166,116,166,116,186,103,186,中
﻿103,186,116,186,116,205,103,205,時
﻿103,205,116,205,116,224,103,224,人
﻿103,224,116,224,116,243,103,243,呼
﻿103,243,116,243,116,263,103,263,其
﻿103,263,116,263,116,282,103,282,洲
﻿103,282,116,282,116,301,103,301,曰
﻿103,301,116,301,116,321,103,321,自
﻿89,51,102,51,102,70,89,70,然
﻿89,70,102,70,102,89,89,89,洲
﻿89,89,102,89,102,108,89,108,其
﻿89,108,102,108,102,128,89,128,澤
﻿89,128,102,128,102,147,89,147,曰
﻿89,147,102,147,102,166,89,166,一
﻿89,166,102,166,102,186,89,186,夜
﻿89,186,102,186,102,205,89,205,澤
﻿89,205,102,205,102,224,89,224,今
﻿89,224,102,224,102,244,89,244,存
﻿89,244,102,244,102,263,89,263,舊
﻿89,263,102,263,102,282,89,282,號
﻿89,282,102,282,102,302,89,302,云
﻿61,85,82,85,82,105,61,105,右
﻿61,105,82,105,82,125,61,125,前
﻿61,125,82,125,82,145,61,145,南
﻿61,145,82,145,82,165,61,165,帝
﻿61,165,82,165,82,185,61,185,起
﻿61,185,82,185,82,205,61,205,辛
﻿61,205,82,205,82,225,61,225,酉
﻿61,225,82,225,82,245,61,245,終
﻿61,245,82,245,82,265,61,265,丁
﻿61,265,82,265,82,285,61,285,卯
﻿61,285,82,285,82,305,61,305,凣
﻿61,305,82,305,82,325,61,325,七
﻿61,325,82,325,82,345,61,345,年
﻿34,47,55,47,55,71,34,71,趙
﻿34,71,55,71,55,96,34,96,越
﻿34,96,55,96,55,120,34,120,王
﻿34,120,55,120,55,145,34,145,紀
﻿14,88,30,88,30,107,14,107,按
﻿14,107,30,107,30,127,14,127,舊
﻿14,127,30,127,30,147,14,147,史
﻿14,147,30,147,30,167,14,167,不
﻿14,167,30,167,30,186,14,186,載
﻿14,186,30,186,30,206,14,206,趙
﻿14,206,30,206,30,226,14,226,越
﻿14,226,30,226,30,246,14,246,王
﻿14,246,30,246,30,265,14,265,𣑯
﻿14,265,30,265,30,285,14,285,郎
﻿14,285,30,285,30,305,14,305,王
﻿14,305,30,305,30,325,14,325,今
﻿14,325,30,325,30,344,14,344,釆
﻿14,344,30,344,30,364,14,364,野
﻿14,364,30,364,30,384,14,384,史
﻿14,384,30,384,30,404,14,404,及
﻿0,89,13,89,13,108,0,108,他
﻿0,108,13,108,13,128,0,128,書
﻿0,128,13,128,13,147,0,147,始
﻿0,147,13,147,13,167,0,167,載
﻿0,167,13,167,13,186,0,186,越
﻿0,186,13,186,13,206,0,206,王
﻿0,206,13,206,13,225,0,225,位
﻿0,225,13,225,13,245,0,245,號
﻿0,245,13,245,13,264,0,264,附
﻿0,264,13,264,13,284,0,284,𣑯
﻿0,284,13,284,13,303,0,303,郎
﻿0,303,13,303,13,323,0,323,王
﻿0,323,13,323,13,342,0,342,以
﻿0,342,13,342,13,362,0,362,補
﻿0,362,13,362,13,382,0,382,之
