258,44,280,44,280,64,258,64,?
﻿258,64,280,64,280,84,258,84,?
﻿258,84,280,84,280,104,258,104,?
﻿258,104,280,104,280,124,258,124,?
﻿258,124,280,124,280,144,258,144,?
﻿258,144,280,144,280,164,258,164,?
﻿258,164,280,164,280,184,258,184,?
﻿258,184,280,184,280,205,258,205,?
﻿225,60,253,60,253,80,225,80,?
﻿225,80,253,80,253,100,225,100,?
﻿225,100,253,100,253,120,225,120,?
﻿225,120,253,120,253,141,225,141,?
﻿225,141,253,141,253,161,225,161,?
﻿225,161,253,161,253,181,225,181,?
﻿225,181,253,181,253,201,225,201,?
﻿225,201,253,201,253,222,225,222,?
﻿225,222,253,222,253,242,225,242,?
﻿225,242,253,242,253,262,225,262,?
﻿225,262,253,262,253,283,225,283,?
﻿225,283,253,283,253,303,225,303,?
﻿225,303,253,303,253,323,225,323,?
﻿225,323,253,323,253,343,225,343,?
﻿225,343,253,343,253,364,225,364,?
﻿225,364,253,364,253,384,225,384,?
﻿225,384,253,384,253,404,225,404,?
﻿225,404,253,404,253,425,225,425,?
﻿195,60,222,60,222,80,195,80,?
﻿195,80,222,80,222,100,195,100,?
﻿195,100,222,100,222,120,195,120,?
﻿195,120,222,120,222,140,195,140,?
﻿195,140,222,140,222,161,195,161,?
﻿195,161,222,161,222,181,195,181,?
﻿195,181,222,181,222,201,195,201,?
﻿195,201,222,201,222,221,195,221,?
﻿195,221,222,221,222,242,195,242,?
﻿195,242,222,242,222,262,195,262,?
﻿195,262,222,262,222,282,195,282,?
﻿195,282,222,282,222,302,195,302,?
﻿195,302,222,302,222,322,195,322,?
﻿195,322,222,322,222,343,195,343,?
﻿195,343,222,343,222,363,195,363,?
﻿195,363,222,363,222,383,195,383,?
﻿195,383,222,383,222,403,195,403,?
﻿195,403,222,403,222,424,195,424,?
﻿167,61,194,61,194,81,167,81,?
﻿167,81,194,81,194,101,167,101,?
﻿167,101,194,101,194,121,167,121,?
﻿167,121,194,121,194,142,167,142,?
﻿167,142,194,142,194,162,167,162,?
﻿167,162,194,162,194,182,167,182,?
﻿167,182,194,182,194,202,167,202,?
﻿167,202,194,202,194,223,167,223,?
﻿167,223,194,223,194,243,167,243,?
﻿167,243,194,243,194,263,167,263,?
﻿167,263,194,263,194,284,167,284,?
﻿167,284,194,284,194,304,167,304,?
﻿167,304,194,304,194,324,167,324,?
﻿167,324,194,324,194,344,167,344,?
﻿167,344,194,344,194,365,167,365,?
﻿167,365,194,365,194,385,167,385,?
﻿167,385,194,385,194,405,167,405,?
﻿167,405,194,405,194,426,167,426,?
﻿138,60,166,60,166,80,138,80,?
﻿138,80,166,80,166,100,138,100,?
﻿138,100,166,100,166,120,138,120,?
﻿138,120,166,120,166,140,138,140,?
﻿138,140,166,140,166,160,138,160,?
﻿138,160,166,160,166,181,138,181,?
﻿138,181,166,181,166,201,138,201,?
﻿138,201,166,201,166,221,138,221,?
﻿138,221,166,221,166,241,138,241,?
﻿138,241,166,241,166,261,138,261,?
﻿138,261,166,261,166,281,138,281,?
﻿138,281,166,281,166,302,138,302,?
﻿138,302,166,302,166,322,138,322,?
﻿138,322,166,322,166,342,138,342,?
﻿138,342,166,342,166,362,138,362,?
﻿138,362,166,362,166,382,138,382,?
﻿138,382,166,382,166,402,138,402,?
﻿138,402,166,402,166,423,138,423,?
﻿108,59,136,59,136,79,108,79,?
﻿108,79,136,79,136,99,108,99,?
﻿108,99,136,99,136,119,108,119,?
﻿108,119,136,119,136,139,108,139,?
﻿108,139,136,139,136,159,108,159,?
﻿108,159,136,159,136,180,108,180,?
﻿108,180,136,180,136,200,108,200,?
﻿108,200,136,200,136,220,108,220,?
﻿108,220,136,220,136,240,108,240,?
﻿108,240,136,240,136,260,108,260,?
﻿108,260,136,260,136,280,108,280,?
﻿108,280,136,280,136,301,108,301,?
﻿108,301,136,301,136,321,108,321,?
﻿108,321,136,321,136,341,108,341,?
﻿108,341,136,341,136,361,108,361,?
﻿108,361,136,361,136,381,108,381,?
﻿108,381,136,381,136,401,108,401,?
﻿108,401,136,401,136,422,108,422,?
﻿78,59,106,59,106,79,78,79,?
﻿78,79,106,79,106,99,78,99,?
﻿78,99,106,99,106,119,78,119,?
﻿78,119,106,119,106,139,78,139,?
﻿78,139,106,139,106,159,78,159,?
﻿78,159,106,159,106,180,78,180,?
﻿78,180,106,180,106,200,78,200,?
﻿78,200,106,200,106,220,78,220,?
﻿78,220,106,220,106,240,78,240,?
﻿78,240,106,240,106,260,78,260,?
﻿78,260,106,260,106,280,78,280,?
﻿78,280,106,280,106,301,78,301,?
﻿78,301,106,301,106,321,78,321,?
﻿78,321,106,321,106,341,78,341,?
﻿78,341,106,341,106,361,78,361,?
﻿78,361,106,361,106,381,78,381,?
﻿78,381,106,381,106,401,78,401,?
﻿78,401,106,401,106,422,78,422,?
﻿51,58,76,58,76,78,51,78,?
﻿51,78,76,78,76,98,51,98,?
﻿51,98,76,98,76,118,51,118,?
﻿51,118,76,118,76,138,51,138,?
﻿51,138,76,138,76,158,51,158,?
﻿51,158,76,158,76,178,51,178,?
﻿51,178,76,178,76,198,51,198,?
﻿51,198,76,198,76,218,51,218,?
﻿51,218,76,218,76,238,51,238,?
﻿51,238,76,238,76,258,51,258,?
﻿51,258,76,258,76,278,51,278,?
﻿51,278,76,278,76,299,51,299,?
﻿19,39,47,39,47,59,19,59,?
﻿19,59,47,59,47,79,19,79,?
﻿19,79,47,79,47,99,19,99,?
﻿19,99,47,99,47,119,19,119,?
﻿19,119,47,119,47,139,19,139,?
﻿19,139,47,139,47,159,19,159,?
﻿19,159,47,159,47,179,19,179,?
﻿19,179,47,179,47,199,19,199,?
﻿19,199,47,199,47,219,19,219,?
﻿19,219,47,219,47,239,19,239,?
﻿19,239,47,239,47,259,19,259,?
﻿19,259,47,259,47,279,19,279,?
﻿19,279,47,279,47,299,19,299,?
﻿19,299,47,299,47,319,19,319,?
﻿19,319,47,319,47,339,19,339,?
﻿19,339,47,339,47,359,19,359,?
﻿19,359,47,359,47,379,19,379,?
﻿19,379,47,379,47,399,19,399,?
﻿19,399,47,399,47,419,19,419,?
