240,59,266,59,266,79,240,79,古
﻿240,79,266,79,266,99,240,99,之
﻿240,99,266,99,266,119,240,119,風
﻿240,119,266,119,266,139,240,139,󰊹
﻿240,139,266,139,266,160,240,160,貉
﻿240,160,266,160,266,180,240,180,龍
﻿240,180,266,180,266,200,240,200,君
﻿240,200,266,200,266,220,240,220,繼
﻿240,220,266,220,266,241,240,241,鴻
﻿240,241,266,241,266,261,240,261,庞
﻿240,261,266,261,266,281,240,281,之
﻿240,281,266,281,266,301,240,301,世
﻿240,301,266,301,266,321,240,321,娶
﻿240,321,266,321,266,342,240,342,甌
﻿240,342,266,342,266,362,240,362,貉
﻿240,362,266,362,266,382,240,382,氏
﻿240,382,266,382,266,402,240,402,女
﻿240,402,266,402,266,423,240,423,而
﻿211,57,237,57,237,77,211,77,生
﻿211,77,237,77,237,97,211,97,有
﻿211,97,237,97,237,118,211,118,百
﻿211,118,237,118,237,138,211,138,男
﻿211,138,237,138,237,159,211,159,之
﻿211,159,237,159,237,179,211,179,祥
﻿211,179,237,179,237,200,211,200,百
﻿211,200,237,200,237,220,211,220,粤
﻿211,220,237,220,237,241,211,241,之
﻿211,241,237,241,237,261,211,261,祖
﻿211,261,237,261,237,281,211,281,實
﻿211,281,237,281,237,302,211,302,始
﻿211,302,237,302,237,322,211,322,於
﻿211,322,237,322,237,343,211,343,此
﻿211,343,237,343,237,363,211,363,享
﻿211,363,237,363,237,384,211,384,國
﻿211,384,237,384,237,404,211,404,歷
﻿211,404,237,404,237,425,211,425,年
﻿183,59,207,59,207,79,183,79,最
﻿183,79,207,79,207,99,183,99,為
﻿183,99,207,99,207,119,183,119,久
﻿183,119,207,119,207,139,183,139,長
﻿183,139,207,139,207,160,183,160,富
﻿183,160,207,160,207,180,183,180,壽
﻿183,180,207,180,207,200,183,200,多
﻿183,200,207,200,207,220,183,220,男
﻿183,220,207,220,207,241,183,241,自
﻿183,241,207,241,207,261,183,261,古
﻿183,261,207,261,207,281,183,281,以
﻿183,281,207,281,207,301,183,301,來
﻿183,301,207,301,207,321,183,321,未
﻿183,321,207,321,207,342,183,342,之
﻿183,342,207,342,207,362,183,362,有
﻿183,362,207,362,207,382,183,382,也
﻿183,382,207,382,207,402,183,402,䧺
﻿183,402,207,402,207,423,183,423,王
﻿150,60,178,60,178,80,150,80,嗣
﻿150,80,178,80,178,100,150,100,貉
﻿150,100,178,100,178,120,150,120,龍
﻿150,120,178,120,178,140,150,140,之
﻿150,140,178,140,178,161,150,161,統
﻿150,161,178,161,178,181,150,181,務
﻿150,181,178,181,178,201,150,201,施
﻿150,201,178,201,178,221,150,221,德
﻿150,221,178,221,178,242,150,242,惠
﻿150,242,178,242,178,262,150,262,而
﻿150,262,178,262,178,282,150,282,撫
﻿150,282,178,282,178,302,150,302,綏
﻿150,302,178,302,178,322,150,322,其
﻿150,322,178,322,178,343,150,343,民
﻿150,343,178,343,178,363,150,363,專
﻿150,363,178,363,178,383,150,383,事
﻿150,383,178,383,178,403,150,403,農
﻿150,403,178,403,178,424,150,424,桑
﻿121,59,148,59,148,79,121,79,之
﻿121,79,148,79,148,99,121,99,業
﻿121,99,148,99,148,119,121,119,靡
﻿121,119,148,119,148,139,121,139,有
﻿121,139,148,139,148,159,121,159,兵
﻿121,159,148,159,148,180,121,180,戈
﻿121,180,148,180,148,200,121,200,之
﻿121,200,148,200,148,220,121,220,警
﻿121,220,148,220,148,240,121,240,繼
﻿121,240,148,240,148,260,121,260,世
﻿121,260,148,260,148,280,121,280,子
﻿121,280,148,280,148,301,121,301,孫
﻿121,301,148,301,148,321,121,321,並
﻿121,321,148,321,148,341,121,341,以
﻿121,341,148,341,148,361,121,361,䧺
﻿121,361,148,361,148,381,121,381,王
﻿121,381,148,381,148,401,121,401,為
﻿121,401,148,401,148,422,121,422,號
﻿92,58,118,58,118,78,92,78,祚
﻿92,78,118,78,118,98,92,98,凡
﻿92,98,118,98,118,118,92,118,十
﻿92,118,118,118,118,138,92,138,八
﻿92,138,118,138,118,159,92,159,世
﻿92,159,118,159,118,179,92,179,𡻕
﻿92,179,118,179,118,199,92,199,經
﻿92,199,118,199,118,219,92,219,二
﻿92,219,118,219,118,240,92,240,千
﻿92,240,118,240,118,260,92,260,餘
﻿92,260,118,260,118,280,92,280,年
﻿92,280,118,280,118,300,92,300,結
﻿92,300,118,300,118,320,92,320,䋲
﻿92,320,118,320,118,341,92,341,為
﻿92,341,118,341,118,361,92,361,政
﻿92,361,118,361,118,381,92,381,民
﻿92,381,118,381,118,401,92,401,無
﻿92,401,118,401,118,422,92,422,詐
﻿62,57,89,57,89,77,62,77,偽
﻿62,77,89,77,89,97,62,97,可
﻿62,97,89,97,89,118,62,118,見
﻿62,118,89,118,89,138,62,138,淳
﻿62,138,89,138,89,158,62,158,厖
﻿62,158,89,158,89,179,62,179,樸
﻿62,179,89,179,89,199,62,199,野
﻿62,199,89,199,89,219,62,219,之
﻿62,219,89,219,89,240,62,240,俗
﻿62,240,89,240,89,260,62,260,矣
﻿62,260,89,260,89,280,62,280,後
﻿62,280,89,280,89,301,62,301,王
﻿62,301,89,301,89,321,62,321,德
﻿62,321,89,321,89,341,62,341,衰
﻿62,341,89,341,89,362,62,362,怠
﻿62,362,89,362,89,382,62,382,於
﻿62,382,89,382,89,402,62,402,政
﻿62,402,89,402,89,423,62,423,事
﻿35,56,60,56,60,76,35,76,廢
﻿35,76,60,76,60,96,35,96,武
﻿35,96,60,96,60,116,35,116,僃
﻿35,116,60,116,60,137,35,137,而
﻿35,137,60,137,60,157,35,157,不
﻿35,157,60,157,60,177,35,177,脩
﻿35,177,60,177,60,197,35,197,󰱏
﻿35,197,60,197,60,218,35,218,酒
﻿35,218,60,218,60,238,35,238,色
﻿35,238,60,238,60,258,35,258,以
﻿35,258,60,258,60,279,35,279,為
﻿35,279,60,279,60,299,35,299,樂
﻿35,299,60,299,60,319,35,319,蜀
﻿35,319,60,319,60,339,35,339,兵
﻿35,339,60,339,60,360,35,360,一
﻿35,360,60,360,60,380,35,380,至
﻿35,380,60,380,60,400,35,400,而
﻿35,400,60,400,60,421,35,421,國
﻿6,58,33,58,33,78,6,78,綂
﻿6,78,33,78,33,98,6,98,遂
﻿6,98,33,98,33,118,6,118,亡
﻿6,118,33,118,33,138,6,138,安
﻿6,138,33,138,33,158,6,158,陽
﻿6,158,33,158,33,179,6,179,王
﻿6,179,33,179,33,199,6,199,西
﻿6,199,33,199,33,219,6,219,徒
﻿6,219,33,219,33,239,6,239,巴
﻿6,239,33,239,33,259,6,259,蜀
﻿6,259,33,259,33,279,6,279,南
﻿6,279,33,279,33,300,6,300,烕
﻿6,300,33,300,33,320,6,320,䧺
﻿6,320,33,320,33,340,6,340,王
﻿6,340,33,340,33,360,6,360,都
﻿6,360,33,360,33,380,6,380,于
﻿6,380,33,380,33,400,6,400,螺
﻿6,400,33,400,33,421,6,421,城
