246,33,264,33,264,52,246,52,統
﻿246,52,264,52,264,71,246,71,大
﻿246,71,264,71,264,91,246,91,兵
﻿246,91,264,91,264,110,246,110,進
﻿246,110,264,110,264,130,246,130,擊
﻿246,130,264,130,264,149,246,149,安
﻿246,149,264,149,264,169,246,169,定
﻿246,169,264,169,264,188,246,188,瑞
﻿246,188,264,188,264,208,246,208,原
﻿246,208,264,208,264,227,246,227,等
﻿246,227,264,227,264,246,246,246,江
﻿246,246,264,246,264,266,246,266,又
﻿246,266,264,266,264,285,246,285,分
﻿246,285,264,285,264,305,246,305,兵
﻿246,305,264,305,264,324,246,324,𭁈
﻿246,324,264,324,264,344,246,344,西
﻿246,344,264,344,264,363,246,363,道
﻿246,363,264,363,264,383,246,383,将
﻿220,30,241,30,241,49,220,49,莫
﻿220,49,241,49,241,69,220,69,玉
﻿220,69,241,69,241,88,220,88,璉
﻿220,88,241,88,241,108,220,108,等
﻿220,108,241,108,241,127,220,127,進
﻿220,127,241,127,241,147,220,147,擊
﻿220,147,241,147,241,166,220,166,雷
﻿220,166,241,166,241,186,220,186,陽
﻿220,186,241,186,241,205,220,205,東
﻿220,205,241,205,241,225,220,225,山
﻿220,225,241,225,241,244,220,244,各
﻿220,244,241,244,241,264,220,264,縣
﻿220,264,241,264,241,283,220,283,是
﻿220,283,241,283,241,303,220,303,日
﻿220,303,241,303,241,322,220,322,两
﻿220,322,241,322,241,342,220,342,道
﻿220,342,241,342,241,361,220,361,並
﻿220,361,241,361,241,381,220,381,進
﻿188,35,213,35,213,54,188,54,八
﻿188,54,213,54,213,73,188,73,月
﻿188,73,213,73,213,93,188,93,節
﻿188,93,213,93,213,112,188,112,制
﻿188,112,213,112,213,131,188,131,鄭
﻿188,131,213,131,213,151,188,151,松
﻿188,151,213,151,213,170,188,170,命
﻿188,170,213,170,213,189,188,189,太
﻿188,189,213,189,213,209,188,209,傅
﻿188,209,213,209,213,228,188,228,榮
﻿188,228,213,228,213,247,188,247,郡
﻿188,247,213,247,213,267,188,267,公
﻿188,267,213,267,213,286,188,286,黄
﻿188,286,213,286,213,305,188,305,廷
﻿188,305,213,305,213,325,188,325,爱
﻿188,325,213,325,213,344,188,344,統
﻿188,344,213,344,213,363,188,363,率
﻿188,363,213,363,213,383,188,383,󰒂
﻿163,33,183,33,183,52,163,52,郡
﻿163,52,183,52,183,71,163,71,公
﻿163,71,183,71,183,91,163,91,杜
﻿163,91,183,91,183,110,163,110,衍
﻿163,110,183,110,183,130,163,130,石
﻿163,130,183,130,183,149,163,149,郡
﻿163,149,183,149,183,169,163,169,公
﻿163,169,183,169,183,188,163,188,䧺
﻿163,188,183,188,183,208,163,208,郡
﻿163,208,183,208,183,227,163,227,公
﻿163,227,183,227,183,246,163,246,范
﻿163,246,183,246,183,266,163,266,文
﻿163,266,183,266,183,285,163,285,快
﻿163,285,183,285,183,305,163,305,等
﻿163,305,183,305,183,324,163,324,将
﻿163,324,183,324,183,344,163,344,兵
﻿163,344,183,344,183,363,163,363,救
﻿163,363,183,363,183,383,163,383,雷
﻿133,32,155,32,155,51,133,51,陽
﻿133,51,155,51,155,70,133,70,農
﻿133,70,155,70,155,90,133,90,貢
﻿133,90,155,90,155,109,133,109,東
﻿133,109,155,109,155,129,133,129,山
﻿133,129,155,129,155,148,133,148,駐
﻿133,148,155,148,155,168,133,168,兵
﻿133,168,155,168,155,187,133,187,先
﻿133,187,155,187,155,207,133,207,沐
﻿133,207,155,207,155,226,133,226,山
﻿133,226,155,226,155,245,133,245,節
﻿133,245,155,245,155,265,133,265,制
﻿133,265,155,265,155,284,133,284,自
﻿133,284,155,284,155,304,133,304,統
﻿133,304,155,304,155,323,133,323,中
﻿133,323,155,323,155,343,133,343,營
﻿133,343,155,343,155,362,133,362,大
﻿133,362,155,362,155,382,133,382,兵
﻿104,30,127,30,127,49,104,49,命
﻿104,49,127,49,127,69,104,69,太
﻿104,69,127,69,127,88,104,88,傅
﻿104,88,127,88,127,108,104,108,潮
﻿104,108,127,108,127,128,104,128,郡
﻿104,128,127,128,127,147,104,147,公
﻿104,147,127,147,127,167,104,167,武
﻿104,167,127,167,127,186,104,186,師
﻿104,186,127,186,127,206,104,206,鑠
﻿104,206,127,206,127,226,104,226,陽
﻿104,226,127,226,127,245,104,245,郡
﻿104,245,127,245,127,265,104,265,公
﻿104,265,127,265,127,284,104,284,阮
﻿104,284,127,284,127,304,104,304,有
﻿104,304,127,304,127,324,104,324,僚
﻿104,324,127,324,127,343,104,343,等
﻿104,343,127,343,127,363,104,363,爲
﻿104,363,127,363,127,383,104,383,先
﻿77,31,101,31,101,50,77,50,鋒
﻿77,50,101,50,101,70,77,70,前
﻿77,70,101,70,101,89,77,89,隊
﻿77,89,101,89,101,109,77,109,太
﻿77,109,101,109,101,128,77,128,傅
﻿77,128,101,128,101,148,77,148,衛
﻿77,148,101,148,101,167,77,167,陽
﻿77,167,101,167,101,187,77,187,侯
﻿77,187,101,187,101,206,77,206,鄭
﻿77,206,101,206,101,226,77,226,栢
﻿77,226,101,226,101,245,77,245,永
﻿77,245,101,245,101,265,77,265,壽
﻿77,265,101,265,101,284,77,284,侯
﻿77,284,101,284,101,304,77,304,鄭
﻿77,304,101,304,101,323,77,323,桐
﻿77,323,101,323,101,343,77,343,廣
﻿77,343,101,343,101,362,77,362,延
﻿77,362,101,362,101,382,77,382,侯
﻿49,31,70,31,70,50,49,50,鄭
﻿49,50,70,50,70,69,49,69,擰
﻿49,69,70,69,70,89,49,89,爲
﻿49,89,70,89,70,108,49,108,左
﻿49,108,70,108,70,128,49,128,隊
﻿49,128,70,128,70,147,49,147,太
﻿49,147,70,147,70,167,49,167,傅
﻿49,167,70,167,70,186,49,186,文
﻿49,186,70,186,70,206,49,206,鋒
﻿49,206,70,206,70,225,49,225,侯
﻿49,225,70,225,70,244,49,244,鄭
﻿49,244,70,244,70,264,49,264,永
﻿49,264,70,264,70,283,49,283,紹
﻿49,283,70,283,70,303,49,303,太
﻿49,303,70,303,70,322,49,322,傅
﻿49,322,70,322,70,342,49,342,岸
﻿49,342,70,342,70,361,49,361,郡
﻿49,361,70,361,70,381,49,381,公
﻿19,30,41,30,41,49,19,49,鄭
﻿19,49,41,49,41,69,19,69,杜
﻿19,69,41,69,41,88,19,88,良
﻿19,88,41,88,41,108,19,108,郡
﻿19,108,41,108,41,127,19,127,公
﻿19,127,41,127,41,147,19,147,榜
﻿19,147,41,147,41,166,19,166,郡
﻿19,166,41,166,41,186,19,186,公
﻿19,186,41,186,41,205,19,205,宋
﻿19,205,41,205,41,225,19,225,德
﻿19,225,41,225,41,244,19,244,位
﻿19,244,41,244,41,264,19,264,爲
﻿19,264,41,264,41,283,19,283,右
﻿19,283,41,283,41,303,19,303,隊
﻿19,303,41,303,41,322,19,322,麟
﻿19,322,41,322,41,342,19,342,郡
﻿19,342,41,342,41,361,19,361,公
﻿19,361,41,361,41,381,19,381,何
