266,44,284,44,284,63,266,63,戊
﻿266,63,284,63,284,82,266,82,申
﻿274,84,287,84,287,104,274,104,唐
﻿274,104,287,104,287,125,274,125,文
﻿274,125,287,125,287,146,274,146,宗
﻿274,146,287,146,287,167,274,167,涵
﻿260,85,273,85,273,105,260,105,太
﻿260,105,273,105,273,126,260,126,和
﻿260,126,273,126,273,147,260,147,二
﻿260,147,273,147,273,168,260,168,年
﻿259,170,281,170,281,190,259,190,都
﻿259,190,281,190,281,211,259,211,護
﻿259,211,281,211,281,231,259,231,韓
﻿259,231,281,231,281,252,259,252,約
﻿259,252,281,252,281,273,259,273,擊
﻿259,273,281,273,281,293,259,293,峯
﻿259,293,281,293,281,314,259,314,州
﻿259,314,281,314,281,334,259,334,王
﻿259,334,281,334,281,355,259,355,昇
﻿259,355,281,355,281,376,259,376,朝
﻿259,376,281,376,281,396,259,396,克
﻿259,396,281,396,281,417,259,417,之
﻿259,417,281,417,281,438,259,438,後
﻿234,44,256,44,256,65,234,65,為
﻿234,65,256,65,256,86,234,86,楊
﻿234,86,256,86,256,107,234,107,清
﻿234,107,256,107,256,128,234,128,所
﻿234,128,256,128,256,149,234,149,逐
﻿234,149,256,149,256,170,234,170,奔
﻿234,170,256,170,256,191,234,191,還
﻿234,191,256,191,256,212,234,212,廣
﻿234,212,256,212,256,233,234,233,州
﻿205,44,225,44,225,62,205,62,辛
﻿205,62,225,62,225,81,205,81,酉
﻿217,84,230,84,230,104,217,104,唐
﻿217,104,230,104,230,124,217,124,武
﻿217,124,230,124,230,144,217,144,宗
﻿217,144,230,144,230,164,217,164,炎
﻿200,83,216,83,216,103,200,103,會
﻿200,103,216,103,216,124,200,124,昌
﻿200,124,216,124,216,144,200,144,元
﻿200,144,216,144,216,165,200,165,年
﻿200,169,225,169,225,190,200,190,唐
﻿200,190,225,190,225,211,200,211,詔
﻿200,211,225,211,225,232,200,232,之
﻿200,232,225,232,225,253,200,253,武
﻿200,253,225,253,225,274,200,274,渾
﻿200,274,225,274,225,295,200,295,代
﻿200,295,225,295,225,316,200,316,韓
﻿200,316,225,316,225,337,200,337,約
﻿200,337,225,337,225,358,200,358,為
﻿200,358,225,358,225,379,200,379,經
﻿200,379,225,379,225,400,200,400,畧
﻿200,400,225,400,225,421,200,421,使
﻿172,42,192,42,192,60,172,60,癸
﻿172,60,192,60,192,79,172,79,亥
﻿185,83,198,83,198,103,185,103,唐
﻿185,103,198,103,198,123,185,123,會
﻿185,123,198,123,198,143,185,143,昌
﻿171,84,184,84,184,102,171,102,三
﻿171,102,184,102,184,121,171,121,年
﻿169,148,195,148,195,168,169,168,經
﻿169,168,195,168,195,188,169,188,畧
﻿169,188,195,188,195,209,169,209,使
﻿169,209,195,209,195,229,169,229,武
﻿169,229,195,229,195,250,169,250,渾
﻿169,250,195,250,195,270,169,270,役
﻿169,270,195,270,195,291,169,291,將
﻿169,291,195,291,195,311,169,311,士
﻿169,311,195,311,195,331,169,331,治
﻿169,331,195,331,195,352,169,352,城
﻿169,352,195,352,195,372,169,372,府
﻿169,372,195,372,195,393,169,393,將
﻿169,393,195,393,195,413,169,413,士
﻿169,413,195,413,195,434,169,434,作
﻿141,42,165,42,165,62,141,62,亂
﻿141,62,165,62,165,83,141,83,燒
﻿141,83,165,83,165,104,141,104,城
﻿141,104,165,104,165,125,141,125,樓
﻿141,125,165,125,165,145,141,145,刧
﻿141,145,165,145,165,166,141,166,府
﻿141,166,165,166,165,187,141,187,庫
﻿141,187,165,187,165,208,141,208,渾
﻿141,208,165,208,165,229,141,229,奔
﻿141,229,165,229,165,249,141,249,廣
﻿141,249,165,249,165,270,141,270,州
﻿141,270,165,270,165,291,141,291,監
﻿141,291,165,291,165,312,141,312,軍
﻿141,312,165,312,165,333,141,333,段
﻿141,333,165,333,165,353,141,353,士
﻿141,353,165,353,165,374,141,374,則
﻿141,374,165,374,165,395,141,395,撫
﻿141,395,165,395,165,416,141,416,安
﻿141,416,165,416,165,437,141,437,乱
﻿115,42,135,42,135,65,115,65,眾
﻿82,41,101,41,101,60,82,60,丙
﻿82,60,101,60,101,79,82,79,寅
﻿92,81,105,81,105,101,92,101,唐
﻿92,101,105,101,105,122,92,122,會
﻿92,122,105,122,105,143,92,143,昌
﻿78,83,90,83,90,103,78,103,六
﻿78,103,90,103,90,123,78,123,年
﻿79,145,101,145,101,165,79,165,南
﻿79,165,101,165,101,186,79,186,蠻
﻿79,186,101,186,101,206,79,206,入
﻿79,206,101,206,101,227,79,227,寇
﻿79,227,101,227,101,248,79,248,唐
﻿79,248,101,248,101,268,79,268,詔
﻿79,268,101,268,101,289,79,289,經
﻿79,289,101,289,101,310,79,310,畧
﻿79,310,101,310,101,330,79,330,使
﻿79,330,101,330,101,351,79,351,裴
﻿79,351,101,351,101,372,79,372,元
﻿79,372,101,372,101,392,79,392,又
﻿79,392,101,392,101,413,79,413,帥
﻿79,413,101,413,101,434,79,434,鄰
﻿51,41,72,41,72,61,51,61,道
﻿51,61,72,61,72,81,51,81,兵
﻿51,81,72,81,72,102,51,102,討
﻿51,102,72,102,72,122,51,122,平
﻿51,122,72,122,72,143,51,143,之
﻿20,39,41,39,41,57,20,57,丁
﻿20,57,41,57,41,75,20,75,丑
﻿31,80,45,80,45,100,31,100,唐
﻿31,100,45,100,45,120,31,120,宣
﻿31,120,45,120,45,140,31,140,宗
﻿31,140,45,140,45,160,31,160,󰠐
﻿31,160,45,160,45,181,31,181,大
﻿17,80,30,80,30,100,17,100,中
﻿17,100,30,100,30,121,17,121,十
﻿17,121,30,121,30,142,17,142,一
﻿17,142,30,142,30,163,17,163,年
﻿16,185,41,185,41,205,16,205,夏
﻿16,205,41,205,41,226,16,226,四
﻿16,226,41,226,41,246,16,246,月
﻿16,246,41,246,41,267,16,267,唐
﻿16,267,41,267,41,287,16,287,以
﻿16,287,41,287,41,308,16,308,右
﻿16,308,41,308,41,329,16,329,千
﻿16,329,41,329,41,349,16,349,牛
﻿16,349,41,349,41,370,16,370,衞
﻿16,370,41,370,41,390,16,390,大
﻿16,390,41,390,41,411,16,411,將
﻿16,411,41,411,41,432,16,432,軍
