265,32,289,32,289,53,265,53,戱
﻿265,53,289,53,289,74,265,74,崇
﻿265,74,289,74,289,95,265,95,德
﻿265,95,289,95,289,116,265,116,象
﻿265,116,289,116,289,137,265,137,賢
﻿265,137,289,137,289,159,265,159,義
﻿265,159,289,159,289,180,265,180,無
﻿265,180,289,180,289,201,265,201,間
﻿265,201,289,201,289,222,265,222,於
﻿265,222,289,222,289,243,265,243,遠
﻿265,243,289,243,289,264,265,264,近
﻿265,264,289,264,289,286,265,286,繼
﻿265,286,289,286,289,307,265,307,志
﻿265,307,289,307,289,328,265,328,述
﻿265,328,289,328,289,349,265,349,事
﻿265,349,289,349,289,370,265,370,心
﻿265,370,289,370,289,391,265,391,勿
﻿265,391,289,391,289,413,265,413,替
﻿236,32,259,32,259,53,236,53,於
﻿236,53,259,53,259,74,236,74,始
﻿236,74,259,74,259,95,236,95,終
﻿236,95,259,95,259,116,236,116,尚
﻿236,116,259,116,259,137,236,137,祈
﻿236,137,259,137,259,158,236,158,國
﻿236,158,259,158,259,179,236,179,中
﻿236,179,259,179,259,200,236,200,耆
﻿236,200,259,200,259,222,236,222,舊
﻿236,222,259,222,259,243,236,243,臣
﻿236,243,259,243,259,264,236,264,僚
﻿236,264,259,264,259,285,236,285,同
﻿236,285,259,285,259,306,236,306,寅
﻿236,306,259,306,259,327,236,327,恊
﻿236,327,259,327,259,348,236,348,恭
﻿236,348,259,348,259,369,236,369,以
﻿236,369,259,369,259,390,236,390,称
﻿236,390,259,390,259,412,236,412,朕
﻿207,32,229,32,229,53,207,53,𢙇
﻿207,53,229,53,229,74,207,74,來
﻿207,74,229,74,229,95,207,95,之
﻿207,95,229,95,229,116,207,116,德
﻿207,116,229,116,229,138,207,138,故
﻿207,138,229,138,229,159,207,159,下
﻿207,159,229,159,229,180,207,180,詔
﻿207,180,229,180,229,201,207,201,示
﻿207,201,229,201,229,223,207,223,使
﻿207,223,229,223,229,244,207,244,之
﻿207,244,229,244,229,265,207,265,知
﻿207,265,229,265,229,286,207,286,悉
﻿207,286,229,286,229,307,207,307,舊
﻿207,307,229,307,229,329,207,329,禮
﻿207,329,229,329,229,350,207,350,儀
﻿207,350,229,350,229,371,207,371,註
﻿207,371,229,371,229,392,207,392,無
﻿207,392,229,392,229,414,207,414,上
﻿175,33,198,33,198,54,175,54,香
﻿175,54,198,54,198,75,175,75,無
﻿175,75,198,75,198,96,175,96,舞
﻿175,96,198,96,198,117,175,117,蹈
﻿175,117,198,117,198,138,175,138,山
﻿175,138,198,138,198,159,175,159,呼
﻿175,159,198,159,198,180,175,180,至
﻿175,180,198,180,198,201,175,201,是
﻿175,201,198,201,198,223,175,223,儲
﻿175,223,198,223,198,244,175,244,縝
﻿175,244,198,244,198,265,175,265,等
﻿175,265,198,265,198,286,175,286,送
﻿175,286,198,286,198,307,175,307,儀
﻿175,307,198,307,198,328,175,328,註
﻿175,328,198,328,198,349,175,349,有
﻿175,349,198,349,198,370,175,370,之
﻿175,370,198,370,198,391,175,391,帝
﻿175,391,198,391,198,413,175,413,不
﻿143,35,169,35,169,56,143,56,從
﻿143,56,169,56,169,77,143,77,各
﻿143,77,169,77,169,98,143,98,報
﻿143,98,169,98,169,119,143,119,儲
﻿143,119,169,119,169,140,143,140,等
﻿143,140,169,140,169,161,143,161,遵
﻿143,161,169,161,169,182,143,182,如
﻿143,182,169,182,169,203,143,203,舊
﻿143,203,169,203,169,225,143,225,例
﻿143,225,169,225,169,246,143,246,禮
﻿143,246,169,246,169,267,143,267,畢
﻿143,267,169,267,169,288,143,288,帝
﻿143,288,169,288,169,309,143,309,詣
﻿143,309,169,309,169,330,143,330,勤
﻿143,330,169,330,169,351,143,351,政
﻿143,351,169,351,169,372,143,372,殿
﻿143,372,169,372,169,393,143,393,行
﻿143,393,169,393,169,415,143,415,相
﻿114,35,136,35,136,56,114,56,見
﻿114,56,136,56,136,77,114,77,禮
﻿114,77,136,77,136,98,114,98,仍
﻿114,98,136,98,136,119,114,119,命
﻿114,119,136,119,136,140,114,140,百
﻿114,140,136,140,136,162,114,162,官
﻿114,162,136,162,136,183,114,183,送
﻿114,183,136,183,136,204,114,204,儲
﻿114,204,136,204,136,225,114,225,等
﻿114,225,136,225,136,246,114,246,出
﻿114,246,136,246,136,267,114,267,使
﻿114,267,136,267,136,289,114,289,舘
﻿114,289,136,289,136,310,114,310,二
﻿114,310,136,310,136,331,114,331,十
﻿114,331,136,331,136,352,114,352,九
﻿114,352,136,352,136,373,114,373,日
﻿114,373,136,373,136,394,114,394,梁
﻿114,394,136,394,136,416,114,416,儲
﻿83,34,105,34,105,55,83,55,病
﻿83,55,105,55,105,76,83,76,帝
﻿83,76,105,76,105,97,83,97,親
﻿83,97,105,97,105,118,83,118,詣
﻿83,118,105,118,105,139,83,139,舘
﻿83,139,105,139,105,161,83,161,視
﻿83,161,105,161,105,182,83,182,儲
﻿83,182,105,182,105,203,83,203,疾
﻿83,203,105,203,105,224,83,224,儲
﻿83,224,105,224,105,245,83,245,出
﻿83,245,105,245,105,266,83,266,見
﻿83,266,105,266,105,288,83,288,是
﻿83,288,105,288,105,309,83,309,日
﻿83,309,105,309,105,330,83,330,帝
﻿83,330,105,330,105,351,83,351,宴
﻿83,351,105,351,105,372,83,372,儲
﻿83,372,105,372,105,393,83,393,等
﻿83,393,105,393,105,415,83,415,于
﻿50,36,75,36,75,56,50,56,勤
﻿50,56,75,56,75,77,50,77,政
﻿50,77,75,77,75,98,50,98,殿
﻿50,98,75,98,75,119,50,119,并
﻿50,119,75,119,75,140,50,140,賜
﻿50,140,75,140,75,161,50,161,金
﻿50,161,75,161,75,182,50,182,銀
﻿50,182,75,182,75,203,50,203,絲
﻿50,203,75,203,75,224,50,224,絹
﻿50,224,75,224,75,245,50,245,各
﻿50,245,75,245,75,266,50,266,有
﻿50,266,75,266,75,287,50,287,差
﻿50,287,75,287,75,308,50,308,儲
﻿50,308,75,308,75,329,50,329,等
﻿50,329,75,329,75,350,50,350,並
﻿50,350,75,350,75,371,50,371,不
﻿50,371,75,371,75,392,50,392,受
﻿50,392,75,392,75,413,50,413,固
﻿20,35,46,35,46,57,20,57,辝
﻿20,57,46,57,46,79,20,79,㱕
﻿20,79,46,79,46,102,20,102,國
﻿20,102,46,102,46,124,20,124,帝
﻿20,124,46,124,46,147,20,147,作
﻿20,147,46,147,46,169,20,169,詩
﻿20,169,46,169,46,191,20,191,以
﻿20,191,46,191,46,214,20,214,餞
﻿20,214,46,214,46,236,20,236,之
﻿20,236,46,236,46,259,20,259,立
﻿20,259,46,259,46,281,20,281,景
﻿20,281,46,281,46,303,20,303,統
﻿20,303,46,303,46,326,20,326,二
﻿20,326,46,326,46,348,20,348,年
﻿20,348,46,348,46,371,20,371,己
﻿20,371,46,371,46,393,20,393,未
﻿20,393,46,393,46,416,20,416,科
