252,55,273,55,273,75,252,75,壬
﻿252,75,273,75,273,95,252,95,午
﻿252,95,273,95,273,115,252,115,四
﻿252,115,273,115,273,136,252,136,年
﻿263,138,276,138,276,156,263,156,元
﻿263,156,276,156,276,175,263,175,至
﻿263,175,276,175,276,194,263,194,元
﻿249,137,262,137,262,155,249,155,十
﻿249,155,262,155,262,174,249,174,九
﻿249,174,262,174,262,193,249,193,年
﻿250,195,275,195,275,214,250,214,春
﻿250,214,275,214,275,234,250,234,二
﻿250,234,275,234,275,254,250,254,月
﻿250,254,275,254,275,274,250,274,占
﻿250,274,275,274,275,294,250,294,城
﻿250,294,275,294,275,314,250,314,遣
﻿250,314,275,314,275,333,250,333,布
﻿250,333,275,333,275,353,250,353,婆
﻿250,353,275,353,275,373,250,373,麻
﻿250,373,275,373,275,393,250,393,各
﻿250,393,275,393,275,413,250,413,一
﻿250,413,275,413,275,433,250,433,百
﻿221,53,244,53,244,75,221,75,人
﻿221,75,244,75,244,97,221,97,來
﻿221,97,244,97,244,120,221,120,進
﻿221,120,244,120,244,142,221,142,白
﻿221,142,244,142,244,165,221,165,象
﻿221,165,244,165,244,187,221,187,夏
﻿221,187,244,187,244,210,221,210,四
﻿221,210,244,210,244,232,221,232,月
﻿221,232,244,232,244,255,221,255,陳
﻿221,255,244,255,244,277,221,277,遺
﻿221,277,244,277,244,300,221,300,愛
﻿221,300,244,300,244,322,221,322,等
﻿221,322,244,322,244,345,221,345,使
﻿221,345,244,345,244,367,221,367,回
﻿221,367,244,367,244,390,221,390,六
﻿221,390,244,390,244,412,221,412,月
﻿221,412,244,412,244,435,221,435,治
﻿191,54,215,54,215,75,191,75,判
﻿191,75,215,75,215,96,191,96,首
﻿191,96,215,96,215,117,191,117,陳
﻿191,117,215,117,215,138,191,138,隘
﻿191,138,215,138,215,159,191,159,等
﻿191,159,215,159,215,180,191,180,罪
﻿191,180,215,180,215,201,191,201,徒
﻿191,201,215,201,215,222,191,222,隘
﻿191,222,215,222,215,244,191,244,天
﻿191,244,215,244,215,265,191,265,長
﻿191,265,215,265,215,286,191,286,󰏴
﻿191,286,215,286,215,307,191,307,甲
﻿191,307,215,307,215,328,191,328,兵
﻿191,328,215,328,215,349,191,349,黎
﻿191,349,215,349,215,370,191,370,荀
﻿191,370,215,370,215,391,191,391,徒
﻿191,391,215,391,215,412,191,412,宋
﻿191,412,215,412,215,434,191,434,兵
﻿160,53,184,53,184,73,160,73,秋
﻿160,73,184,73,184,93,160,93,八
﻿160,93,184,93,184,113,160,113,月
﻿160,113,184,113,184,133,160,133,諒
﻿160,133,184,133,184,153,160,153,江
﻿160,153,184,153,184,173,160,173,守
﻿160,173,184,173,184,193,160,193,臣
﻿160,193,184,193,184,213,160,213,梁
﻿160,213,184,213,184,233,160,233,蔚
﻿160,233,184,233,184,254,160,254,驛
﻿160,254,184,254,184,274,160,274,奏
﻿160,274,184,274,184,294,160,294,元
﻿160,294,184,294,184,314,160,314,右
﻿160,314,184,314,184,334,160,334,丞
﻿160,334,184,334,184,354,160,354,相
﻿160,354,184,354,184,374,160,374,唆
﻿160,374,184,374,184,394,160,394,都
﻿160,394,184,394,184,414,160,414,領
﻿160,414,184,414,184,435,160,435,兵
﻿132,53,155,53,155,74,132,74,五
﻿132,74,155,74,155,95,132,95,十
﻿132,95,155,95,155,116,132,116,萬
﻿132,116,155,116,155,138,132,138,聲
﻿132,138,155,138,155,159,132,159,言
﻿132,159,155,159,155,180,132,180,假
﻿132,180,155,180,155,201,132,201,道
﻿132,201,155,201,155,223,132,223,征
﻿132,223,155,223,155,244,132,244,占
﻿132,244,155,244,155,265,132,265,城
﻿132,265,155,265,155,287,132,287,實
﻿132,287,155,287,155,308,132,308,則
﻿132,308,155,308,155,329,132,329,來
﻿132,329,155,329,155,350,132,350,侵
﻿132,350,155,350,155,372,132,372,時
﻿132,372,155,372,155,393,132,393,有
﻿132,393,155,393,155,414,132,414,鱷
﻿132,414,155,414,155,436,132,436,魚
﻿102,54,125,54,125,74,102,74,至
﻿102,74,125,74,125,94,102,94,瀘
﻿102,94,125,94,125,114,102,114,江
﻿102,114,125,114,125,134,102,134,帝
﻿102,134,125,134,125,154,102,154,命
﻿102,154,125,154,125,174,102,174,刑
﻿102,174,125,174,125,194,102,194,部
﻿102,194,125,194,125,214,102,214,尚
﻿102,214,125,214,125,234,102,234,書
﻿102,234,125,234,125,254,102,254,阮
﻿102,254,125,254,125,274,102,274,詮
﻿102,274,125,274,125,294,102,294,為
﻿102,294,125,294,125,314,102,314,文
﻿102,314,125,314,125,334,102,334,投
﻿102,334,125,334,125,354,102,354,之
﻿102,354,125,354,125,374,102,374,江
﻿102,374,125,374,125,394,102,394,中
﻿102,394,125,394,125,414,102,414,鱷
﻿102,414,125,414,125,435,102,435,魚
﻿72,54,96,54,96,74,72,74,自
﻿72,74,96,74,96,94,72,94,去
﻿72,94,96,94,96,114,72,114,帝
﻿72,114,96,114,96,134,72,134,以
﻿72,134,96,134,96,154,72,154,其
﻿72,154,96,154,96,174,72,174,事
﻿72,174,96,174,96,195,72,195,𩔗
﻿72,195,96,195,96,215,72,215,韓
﻿72,215,96,215,96,235,72,235,愈
﻿72,235,96,235,96,255,72,255,賜
﻿72,255,96,255,96,275,72,275,姓
﻿72,275,96,275,96,295,72,295,韓
﻿72,295,96,295,96,316,72,316,詮
﻿72,316,96,316,96,336,72,336,又
﻿72,336,96,336,96,356,72,356,䏻
﻿72,356,96,356,96,376,72,376,國
﻿72,376,96,376,96,396,72,396,語
﻿72,396,96,396,96,416,72,416,賦
﻿72,416,96,416,96,437,72,437,詩
﻿41,55,66,55,66,76,41,76,我
﻿41,76,66,76,66,97,41,97,國
﻿41,97,66,97,66,118,41,118,賦
﻿41,118,66,118,66,139,41,139,詩
﻿41,139,66,139,66,160,41,160,多
﻿41,160,66,160,66,181,41,181,用
﻿41,181,66,181,66,202,41,202,國
﻿41,202,66,202,66,223,41,223,語
﻿41,223,66,223,66,245,41,245,實
﻿41,245,66,245,66,266,41,266,自
﻿41,266,66,266,66,287,41,287,此
﻿41,287,66,287,66,308,41,308,始
﻿41,308,66,308,66,329,41,329,冬
﻿41,329,66,329,66,350,41,350,十
﻿41,350,66,350,66,371,41,371,月
﻿41,371,66,371,66,392,41,392,帝
﻿41,392,66,392,66,413,41,413,幸
﻿41,413,66,413,66,435,41,435,平
﻿13,55,38,55,38,75,13,75,灘
﻿13,75,38,75,38,95,13,95,駐
﻿13,95,38,95,38,115,13,115,蹕
﻿13,115,38,115,38,135,13,135,陳
﻿13,135,38,135,38,155,13,155,舍
﻿13,155,38,155,38,175,13,175,灣
﻿13,175,38,175,38,195,13,195,會
﻿13,195,38,195,38,215,13,215,王
﻿13,215,38,215,38,235,13,235,侯
﻿13,235,38,235,38,255,13,255,百
﻿13,255,38,255,38,275,13,275,官
﻿13,275,38,275,38,295,13,295,議
﻿13,295,38,295,38,315,13,315,攻
﻿13,315,38,315,38,335,13,335,守
﻿13,335,38,335,38,355,13,355,之
﻿13,355,38,355,38,375,13,375,策
﻿13,375,38,375,38,395,13,395,及
﻿13,395,38,395,38,415,13,415,分
﻿13,415,38,415,38,435,13,435,守
