256,47,278,47,278,67,256,67,國
﻿256,67,278,67,278,87,256,87,朝
﻿256,87,278,87,278,108,256,108,太
﻿256,108,278,108,278,128,256,128,祖
﻿256,128,278,128,278,149,256,149,髙
﻿256,149,278,149,278,169,256,169,皇
﻿256,169,278,169,278,189,256,189,帝
﻿256,189,278,189,278,210,256,210,為
﻿256,210,278,210,278,230,256,230,本
﻿256,230,278,230,278,251,256,251,紀
﻿256,251,278,251,278,271,256,271,全
﻿256,271,278,271,278,292,256,292,書
﻿256,292,278,292,278,312,256,312,並
﻿256,312,278,312,278,332,256,332,依
﻿256,332,278,332,278,353,256,353,如
﻿256,353,278,353,278,373,256,373,前
﻿256,373,278,373,278,394,256,394,史
﻿256,394,278,394,278,414,256,414,臣
﻿256,414,278,414,278,435,256,435,吳
﻿230,62,251,62,251,82,230,82,士
﻿230,82,251,82,251,103,230,103,連
﻿230,103,251,103,251,124,230,124,武
﻿230,124,251,124,251,145,230,145,瓊
﻿230,145,251,145,251,165,230,165,等
﻿230,165,251,165,251,186,230,186,之
﻿230,186,251,186,251,207,230,207,所
﻿230,207,251,207,251,228,230,228,着
﻿230,228,251,228,251,248,230,248,述
﻿230,248,251,248,251,269,230,269,也
﻿230,269,251,269,251,290,230,290,其
﻿230,290,251,290,251,311,230,311,自
﻿196,46,222,46,222,66,196,66,國
﻿196,66,222,66,222,87,196,87,朝
﻿196,87,222,87,222,107,196,107,太
﻿196,107,222,107,222,128,196,128,宗
﻿196,128,222,128,222,148,196,148,至
﻿196,148,222,148,222,169,196,169,恭
﻿196,169,222,169,222,189,196,189,皇
﻿196,189,222,189,222,210,196,210,則
﻿196,210,222,210,222,230,196,230,因
﻿196,230,222,230,222,251,196,251,前
﻿196,251,222,251,222,271,196,271,書
﻿196,271,222,271,222,292,196,292,所
﻿196,292,222,292,222,312,196,312,載
﻿196,312,222,312,222,333,196,333,題
﻿196,333,222,333,222,353,196,353,曰
﻿196,353,222,353,222,374,196,374,本
﻿196,374,222,374,222,394,196,394,紀
﻿196,394,222,394,222,415,196,415,實
﻿196,415,222,415,222,436,196,436,録
﻿166,65,194,65,194,85,166,85,又
﻿166,85,194,85,194,106,166,106,參
﻿166,106,194,106,194,126,166,126,究
﻿166,126,194,126,194,147,166,147,登
﻿166,147,194,147,194,168,166,168,柄
﻿166,168,194,168,194,188,166,188,野
﻿166,188,194,188,194,209,166,209,史
﻿166,209,194,209,194,229,166,229,及
﻿166,229,194,229,194,250,166,250,畧
﻿166,250,194,250,194,271,166,271,取
﻿166,271,194,271,194,291,166,291,當
﻿166,291,194,291,194,312,166,312,時
﻿166,312,194,312,194,332,166,332,所
﻿166,332,194,332,194,353,166,353,献
﻿166,353,194,353,194,374,166,374,各
﻿166,374,194,374,194,394,166,394,遺
﻿166,394,194,394,194,415,166,415,編
﻿166,415,194,415,194,436,166,436,述
﻿141,65,157,65,157,85,141,85,自
﻿108,46,131,46,131,66,108,66,國
﻿108,66,131,66,131,86,108,86,朝
﻿108,86,131,86,131,107,108,107,庄
﻿108,107,131,107,131,127,108,127,宗
﻿108,127,131,127,131,147,108,147,裕
﻿108,147,131,147,131,168,108,168,皇
﻿108,168,131,168,131,188,108,188,帝
﻿108,188,131,188,131,209,108,209,至
﻿77,44,102,44,102,64,77,64,神
﻿77,64,102,64,102,85,77,85,宗
﻿77,85,102,85,102,106,77,106,淵
﻿77,106,102,106,102,126,77,126,皇
﻿77,126,102,126,102,147,77,147,帝
﻿77,147,102,147,102,168,77,168,增
﻿77,168,102,168,102,188,77,188,入
﻿77,188,102,188,102,209,77,209,國
﻿77,209,102,209,102,230,77,230,史
﻿77,230,102,230,102,250,77,250,命
﻿77,250,102,250,102,271,77,271,曰
﻿77,271,102,271,102,292,77,292,大
﻿77,292,102,292,102,312,77,312,𧻗
﻿77,312,102,312,102,333,77,333,史
﻿77,333,102,333,102,354,77,354,記
﻿77,354,102,354,102,374,77,374,本
﻿77,374,102,374,102,395,77,395,紀
﻿77,395,102,395,102,416,77,416,續
﻿77,416,102,416,102,437,77,437,編
﻿47,61,71,61,71,81,47,81,總
﻿47,81,71,81,71,102,47,102,分
﻿47,102,71,102,71,123,47,123,爲
﻿47,123,71,123,71,143,47,143,二
﻿47,143,71,143,71,164,47,164,十
﻿47,164,71,164,71,185,47,185,三
﻿47,185,71,185,71,206,47,206,卷
﻿47,206,71,206,71,226,47,226,凣
﻿47,226,71,226,71,247,47,247,所
﻿47,247,71,247,71,268,47,268,續
﻿47,268,71,268,71,288,47,288,編
﻿47,288,71,288,71,309,47,309,其
﻿47,309,71,309,71,330,47,330,繋
﻿47,330,71,330,71,351,47,351,年
﻿47,351,71,351,71,371,47,371,之
﻿47,371,71,371,71,392,47,392,下
﻿47,392,71,392,71,413,47,413,非
﻿47,413,71,413,71,434,47,434,正
﻿17,61,42,61,42,81,17,81,統
﻿17,81,42,81,42,102,17,102,者
﻿17,102,42,102,42,123,17,123,及
﻿17,123,42,123,42,144,17,144,北
﻿17,144,42,144,42,164,17,164,朝
﻿17,164,42,164,42,185,17,185,年
﻿17,185,42,185,42,206,17,206,號
﻿17,206,42,206,42,227,17,227,皆
﻿17,227,42,227,42,248,17,248,两
﻿17,248,42,248,42,268,17,268,行
﻿17,268,42,268,42,289,17,289,分
﻿17,289,42,289,42,310,17,310,註
﻿17,310,42,310,42,331,17,331,與
﻿17,331,42,331,42,351,17,351,夫
﻿17,351,42,351,42,372,17,372,凣
﻿17,372,42,372,42,393,17,393,例
﻿17,393,42,393,42,414,17,414,所
﻿17,414,42,414,42,435,17,435,書
