248,63,271,63,271,83,248,83,周
﻿248,83,271,83,271,104,248,104,易
﻿248,104,271,104,271,125,248,125,曰
﻿248,125,271,125,271,146,248,146,有
﻿248,146,271,146,271,167,248,167,天
﻿248,167,271,167,271,188,248,188,地
﻿248,188,271,188,271,208,248,208,然
﻿248,208,271,208,271,229,248,229,後
﻿248,229,271,229,271,250,248,250,有
﻿248,250,271,250,271,271,248,271,萬
﻿248,271,271,271,271,292,248,292,物
﻿248,292,271,292,271,313,248,313,有
﻿248,313,271,313,271,333,248,333,萬
﻿248,333,271,333,271,354,248,354,物
﻿248,354,271,354,271,375,248,375,然
﻿248,375,271,375,271,396,248,396,後
﻿248,396,271,396,271,417,248,417,有
﻿248,417,271,417,271,438,248,438,夫
﻿220,62,245,62,245,82,220,82,婦
﻿220,82,245,82,245,103,220,103,有
﻿220,103,245,103,245,124,220,124,夫
﻿220,124,245,124,245,145,220,145,婦
﻿220,145,245,145,245,166,220,166,然
﻿220,166,245,166,245,187,220,187,後
﻿220,187,245,187,245,208,220,208,有
﻿220,208,245,208,245,229,220,229,父
﻿220,229,245,229,245,250,220,250,子
﻿220,250,245,250,245,270,220,270,有
﻿220,270,245,270,245,291,220,291,父
﻿220,291,245,291,245,312,220,312,子
﻿220,312,245,312,245,333,220,333,然
﻿220,333,245,333,245,354,220,354,後
﻿220,354,245,354,245,375,220,375,有
﻿220,375,245,375,245,396,220,396,君
﻿220,396,245,396,245,417,220,417,臣
﻿220,417,245,417,245,438,220,438,此
﻿190,61,214,61,214,81,190,81,綱
﻿190,81,214,81,214,102,190,102,常
﻿190,102,214,102,214,123,190,123,之
﻿190,123,214,123,214,144,190,144,道
﻿190,144,214,144,214,165,190,165,所
﻿190,165,214,165,214,186,190,186,由
﻿190,186,214,186,214,207,190,207,著
﻿190,207,214,207,214,228,190,228,也
﻿190,228,214,228,214,249,190,249,大
﻿190,249,214,249,214,269,190,269,學
﻿190,269,214,269,214,290,190,290,曰
﻿190,290,214,290,214,311,190,311,心
﻿190,311,214,311,214,332,190,332,正
﻿190,332,214,332,214,353,190,353,而
﻿190,353,214,353,214,374,190,374,后
﻿190,374,214,374,214,395,190,395,身
﻿190,395,214,395,214,416,190,416,脩
﻿190,416,214,416,214,437,190,437,身
﻿160,61,184,61,184,81,160,81,脩
﻿160,81,184,81,184,102,160,102,而
﻿160,102,184,102,184,123,160,123,后
﻿160,123,184,123,184,144,160,144,家
﻿160,144,184,144,184,165,160,165,齊
﻿160,165,184,165,184,186,160,186,家
﻿160,186,184,186,184,207,160,207,齊
﻿160,207,184,207,184,228,160,228,而
﻿160,228,184,228,184,249,160,249,后
﻿160,249,184,249,184,269,160,269,國
﻿160,269,184,269,184,290,160,290,治
﻿160,290,184,290,184,311,160,311,國
﻿160,311,184,311,184,332,160,332,治
﻿160,332,184,332,184,353,160,353,而
﻿160,353,184,353,184,374,160,374,后
﻿160,374,184,374,184,395,160,395,天
﻿160,395,184,395,184,416,160,416,下
﻿160,416,184,416,184,437,160,437,平
﻿130,61,156,61,156,81,130,81,此
﻿130,81,156,81,156,102,130,102,治
﻿130,102,156,102,156,123,130,123,平
﻿130,123,156,123,156,144,130,144,之
﻿130,144,156,144,156,165,130,165,道
﻿130,165,156,165,156,186,130,186,所
﻿130,186,156,186,156,206,130,206,由
﻿130,206,156,206,156,227,130,227,行
﻿130,227,156,227,156,248,130,248,也
﻿130,248,156,248,156,269,130,269,然
﻿130,269,156,269,156,290,130,290,則
﻿130,290,156,290,156,311,130,311,天
﻿130,311,156,311,156,331,130,331,地
﻿130,331,156,331,156,352,130,352,之
﻿130,352,156,352,156,373,130,373,道
﻿130,373,156,373,156,394,130,394,不
﻿130,394,156,394,156,415,130,415,能
﻿130,415,156,415,156,436,130,436,外
﻿101,61,124,61,124,81,101,81,綱
﻿101,81,124,81,124,102,101,102,常
﻿101,102,124,102,124,123,101,123,以
﻿101,123,124,123,124,144,101,144,立
﻿101,144,124,144,124,165,101,165,極
﻿101,165,124,165,124,186,101,186,帝
﻿101,186,124,186,124,206,101,206,王
﻿101,206,124,206,124,227,101,227,之
﻿101,227,124,227,124,248,101,248,道
﻿101,248,124,248,124,269,101,269,𡸈
﻿101,269,124,269,124,290,101,290,䏻
﻿101,290,124,290,124,311,101,311,外
﻿101,311,124,311,124,331,101,331,綱
﻿101,331,124,331,124,352,101,352,常
﻿101,352,124,352,124,373,101,373,以
﻿101,373,124,373,124,394,101,394,為
﻿101,394,124,394,124,415,101,415,治
﻿101,415,124,415,124,436,101,436,㢤
﻿70,60,95,60,95,80,70,80,粤
﻿70,80,95,80,95,101,70,101,自
﻿70,101,95,101,95,122,70,122,洪
﻿70,122,95,122,95,143,70,143,庞
﻿70,143,95,143,95,164,70,164,氏
﻿70,164,95,164,95,185,70,185,經
﻿70,185,95,185,95,206,70,206,陽
﻿70,206,95,206,95,227,70,227,王
﻿70,227,95,227,95,248,70,248,繼
﻿70,248,95,248,95,268,70,268,神
﻿70,268,95,268,95,289,70,289,農
﻿70,289,95,289,95,310,70,310,之
﻿70,310,95,310,95,331,70,331,後
﻿70,331,95,331,95,352,70,352,娶
﻿70,352,95,352,95,373,70,373,洞
﻿70,373,95,373,95,394,70,394,庭
﻿70,394,95,394,95,415,70,415,君
﻿70,415,95,415,95,436,70,436,女
﻿39,62,65,62,65,82,39,82,明
﻿39,82,65,82,65,103,39,103,夫
﻿39,103,65,103,65,124,39,124,婦
﻿39,124,65,124,65,145,39,145,之
﻿39,145,65,145,65,166,39,166,道
﻿39,166,65,166,65,187,39,187,正
﻿39,187,65,187,65,207,39,207,風
﻿39,207,65,207,65,228,39,228,化
﻿39,228,65,228,65,249,39,249,之
﻿39,249,65,249,65,270,39,270,原
﻿39,270,65,270,65,291,39,291,君
﻿39,291,65,291,65,312,39,312,焉
﻿39,312,65,312,65,332,39,332,則
﻿39,332,65,332,65,353,39,353,以
﻿39,353,65,353,65,374,39,374,德
﻿39,374,65,374,65,395,39,395,化
﻿39,395,65,395,65,416,39,416,民
﻿39,416,65,416,65,437,39,437,垂
﻿11,61,36,61,36,81,11,81,衣
﻿11,81,36,81,36,102,11,102,掑
﻿11,102,36,102,36,123,11,123,手
﻿11,123,36,123,36,144,11,144,民
﻿11,144,36,144,36,165,11,165,焉
﻿11,165,36,165,36,186,11,186,則
﻿11,186,36,186,36,206,11,206,耕
﻿11,206,36,206,36,227,11,227,田
﻿11,227,36,227,36,248,11,248,𮢶
﻿11,248,36,248,36,269,11,269,井
﻿11,269,36,269,36,290,11,290,出
﻿11,290,36,290,36,311,11,311,作
﻿11,311,36,311,36,331,11,331,入
﻿11,331,36,331,36,352,11,352,息
﻿11,352,36,352,36,373,11,373,其
﻿11,373,36,373,36,394,11,394,炎
﻿11,394,36,394,36,415,11,415,帝
﻿11,415,36,415,36,436,11,436,太
