256,54,278,54,278,75,256,75,陞
﻿256,75,278,75,278,97,256,97,職
﻿256,97,278,97,278,119,256,119,爵
﻿256,119,278,119,278,141,256,141,有
﻿256,141,278,141,278,162,256,162,差
﻿256,162,278,162,278,184,256,184,九
﻿256,184,278,184,278,206,256,206,月
﻿256,206,278,206,278,228,256,228,大
﻿256,228,278,228,278,249,256,249,舉
﻿256,249,278,249,278,271,256,271,進
﻿256,271,278,271,278,293,256,293,征
﻿256,293,278,293,278,315,256,315,髙
﻿256,315,278,315,278,336,256,336,平
﻿256,336,278,336,278,358,256,358,時
﻿256,358,278,358,278,380,256,380,髙
﻿256,380,278,380,278,402,256,402,平
﻿256,402,278,402,278,424,256,424,地
﻿229,52,250,52,250,72,229,72,方
﻿229,72,250,72,250,93,229,93,猶
﻿229,93,250,93,250,114,229,114,爲
﻿229,114,250,114,250,135,229,135,莫
﻿229,135,250,135,250,155,229,155,敬
﻿229,155,250,155,250,176,229,176,宇
﻿229,176,250,176,250,197,229,197,阻
﻿229,197,250,197,250,218,229,218,㨿
﻿229,218,250,218,250,239,229,239,拒
﻿229,239,250,239,250,259,229,259,違
﻿229,259,250,259,250,280,229,280,朝
﻿229,280,250,280,250,301,229,301,命
﻿229,301,250,301,250,322,229,322,不
﻿229,322,250,322,250,342,229,342,臣
﻿229,342,250,342,250,363,229,363,州
﻿229,363,250,363,250,384,229,384,民
﻿229,384,250,384,250,405,229,405,𨺻
﻿229,405,250,405,250,426,229,426,溺
﻿198,53,222,53,222,73,198,73,於
﻿198,73,222,73,222,94,198,94,是
﻿198,94,222,94,222,115,198,115,王
﻿198,115,222,115,222,135,198,135,親
﻿198,135,222,135,222,156,198,156,提
﻿198,156,222,156,222,177,198,177,大
﻿198,177,222,177,222,197,198,197,兵
﻿198,197,222,197,222,218,198,218,進
﻿198,218,222,218,222,239,198,239,𤼵
﻿198,239,222,239,222,259,198,259,諒
﻿198,259,222,259,222,280,198,280,山
﻿198,280,222,280,222,301,198,301,道
﻿198,301,222,301,222,321,198,321,委
﻿198,321,222,321,222,342,198,342,節
﻿198,342,222,342,222,363,198,363,制
﻿198,363,222,363,222,383,198,383,府
﻿198,383,222,383,222,404,198,404,太
﻿198,404,222,404,222,425,198,425,尉
﻿167,52,191,52,191,72,167,72,宜
﻿167,72,191,72,191,93,167,93,國
﻿167,93,191,93,191,114,167,114,公
﻿167,114,191,114,191,135,167,135,鄭
﻿167,135,191,135,191,155,167,155,根
﻿167,155,191,155,191,176,167,176,統
﻿167,176,191,176,191,197,167,197,督
﻿167,197,191,197,191,218,167,218,諸
﻿167,218,191,218,191,239,167,239,将
﻿167,239,191,239,191,259,167,259,進
﻿167,259,191,259,191,280,167,280,𤼵
﻿167,280,191,280,191,301,167,301,太
﻿167,301,191,301,191,322,167,322,原
﻿167,322,191,322,191,342,167,342,道
﻿167,342,191,342,191,363,167,363,差
﻿167,363,191,363,191,384,167,384,太
﻿167,384,191,384,191,405,167,405,傅
﻿167,405,191,405,191,426,167,426,莅
﻿137,54,160,54,160,74,137,74,郡
﻿137,74,160,74,160,95,137,95,公
﻿137,95,160,95,160,116,137,116,鄭
﻿137,116,160,116,160,136,137,136,棟
﻿137,136,160,136,160,157,137,157,少
﻿137,157,160,157,160,178,137,178,尉
﻿137,178,160,178,160,198,137,198,雲
﻿137,198,160,198,160,219,137,219,郡
﻿137,219,160,219,160,240,137,240,公
﻿137,240,160,240,160,260,137,260,鄭
﻿137,260,160,260,160,281,137,281,榩
﻿137,281,160,281,160,302,137,302,少
﻿137,302,160,302,160,322,137,322,尉
﻿137,322,160,322,160,343,137,343,豪
﻿137,343,160,343,160,364,137,364,郡
﻿137,364,160,364,160,384,137,384,公
﻿137,384,160,384,160,405,137,405,黎
﻿137,405,160,405,160,426,137,426,時
﻿108,52,132,52,132,72,108,72,憲
﻿108,72,132,72,132,93,108,93,少
﻿108,93,132,93,132,114,108,114,傅
﻿108,114,132,114,132,135,108,135,奠
﻿108,135,132,135,132,156,108,156,郡
﻿108,156,132,156,132,177,108,177,公
﻿108,177,132,177,132,197,108,197,鄭
﻿108,197,132,197,132,218,108,218,楃
﻿108,218,132,218,132,239,108,239,都
﻿108,239,132,239,132,260,108,260,督
﻿108,260,132,260,132,281,108,281,同
﻿108,281,132,281,132,302,108,302,知
﻿108,302,132,302,132,322,108,322,禄
﻿108,322,132,322,132,343,108,343,郡
﻿108,343,132,343,132,364,108,364,公
﻿108,364,132,364,132,385,108,385,丁
﻿108,385,132,385,132,406,108,406,文
﻿108,406,132,406,132,427,108,427,左
﻿77,55,101,55,101,75,77,75,立
﻿77,75,101,75,101,96,77,96,郡
﻿77,96,101,96,101,117,77,117,公
﻿77,117,101,117,101,138,77,138,黎
﻿77,138,101,138,101,158,77,158,珠
﻿77,158,101,158,101,179,77,179,等
﻿77,179,101,179,101,200,77,200,爲
﻿77,200,101,200,101,221,77,221,統
﻿77,221,101,221,101,242,77,242,領
﻿77,242,101,242,101,262,77,262,督
﻿77,262,101,262,101,283,77,283,率
﻿77,283,101,283,101,304,77,304,以
﻿77,304,101,304,101,325,77,325,禮
﻿77,325,101,325,101,345,77,345,部
﻿77,345,101,345,101,366,77,366,左
﻿77,366,101,366,101,387,77,387,侍
﻿77,387,101,387,101,408,77,408,郎
﻿77,408,101,408,101,429,77,429,陽
﻿49,53,70,53,70,73,49,73,郡
﻿49,73,70,73,70,94,49,94,公
﻿49,94,70,94,70,115,49,115,阮
﻿49,115,70,115,70,135,49,135,能
﻿49,135,70,135,70,156,49,156,紹
﻿49,156,70,156,70,177,49,177,刑
﻿49,177,70,177,70,197,49,197,部
﻿49,197,70,197,70,218,49,218,左
﻿49,218,70,218,70,239,49,239,侍
﻿49,239,70,239,70,259,49,259,郎
﻿49,259,70,259,70,280,49,280,桂
﻿49,280,70,280,70,301,49,301,海
﻿49,301,70,301,70,321,49,321,侯
﻿49,321,70,321,70,342,49,342,黎
﻿49,342,70,342,70,363,49,363,仕
﻿49,363,70,363,70,383,49,383,澈
﻿49,383,70,383,70,404,49,404,工
﻿49,404,70,404,70,425,49,425,部
﻿17,53,39,53,39,73,17,73,左
﻿17,73,39,73,39,94,17,94,侍
﻿17,94,39,94,39,115,17,115,郎
﻿17,115,39,115,39,136,17,136,延
﻿17,136,39,136,39,156,17,156,禄
﻿17,156,39,156,39,177,17,177,伯
﻿17,177,39,177,39,198,17,198,楊
﻿17,198,39,198,39,219,17,219,㵆
﻿17,219,39,219,39,240,17,240,兵
﻿17,240,39,240,39,260,17,260,部
﻿17,260,39,260,39,281,17,281,右
﻿17,281,39,281,39,302,17,302,侍
﻿17,302,39,302,39,323,17,323,郎
﻿17,323,39,323,39,343,17,343,潤
﻿17,343,39,343,39,364,17,364,裔
﻿17,364,39,364,39,385,17,385,伯
﻿17,385,39,385,39,406,17,406,胡
﻿17,406,39,406,39,427,17,427,士
