260,27,280,27,280,48,260,48,之
﻿260,48,280,48,280,69,260,69,遺
﻿260,69,280,69,280,91,260,91,澤
﻿260,91,280,91,280,112,260,112,未
﻿260,112,280,112,280,133,260,133,泯
﻿260,133,280,133,280,155,260,155,荘
﻿260,155,280,155,280,176,260,176,宗
﻿260,176,280,176,280,198,260,198,裕
﻿260,198,280,198,280,219,260,219,皇
﻿260,219,280,219,280,240,260,240,帝
﻿260,240,280,240,280,262,260,262,奮
﻿260,262,280,262,280,283,260,283,󰒂
﻿260,283,280,283,280,305,260,305,旅
﻿260,305,280,305,280,326,260,326,以
﻿260,326,280,326,280,347,260,347,󰰻
﻿260,347,280,347,280,369,260,369,乱
﻿260,369,280,369,280,390,260,390,中
﻿260,390,280,390,280,412,260,412,宗
﻿233,26,255,26,255,47,233,47,武
﻿233,47,255,47,255,68,233,68,皇
﻿233,68,255,68,255,90,233,90,帝
﻿233,90,255,90,255,111,233,111,立
﻿233,111,255,111,255,133,233,133,祖
﻿233,133,255,133,255,154,233,154,業
﻿233,154,255,154,255,176,233,176,以
﻿233,176,255,176,255,197,233,197,救
﻿233,197,255,197,255,219,233,219,民
﻿233,219,255,219,255,240,233,240,迨
﻿233,240,255,240,255,261,233,261,我
﻿233,261,255,261,255,283,233,283,皇
﻿233,283,255,283,255,304,233,304,考
﻿233,304,255,304,255,326,233,326,英
﻿233,326,255,326,255,347,233,347,宗
﻿233,347,255,347,255,369,233,369,峻
﻿233,369,255,369,255,390,233,390,皇
﻿233,390,255,390,255,412,233,412,帝
﻿203,31,227,31,227,52,203,52,天
﻿203,52,227,52,227,73,203,73,挺
﻿203,73,227,73,227,94,203,94,剛
﻿203,94,227,94,227,115,203,115,明
﻿203,115,227,115,227,137,203,137,志
﻿203,137,227,137,227,158,203,158,平
﻿203,158,227,158,227,179,203,179,僣
﻿203,179,227,179,227,200,203,200,叛
﻿203,200,227,200,227,222,203,222,其
﻿203,222,227,222,227,243,203,243,翊
﻿203,243,227,243,227,264,203,264,扶
﻿203,264,227,264,227,285,203,285,日
﻿203,285,227,285,227,306,203,306,月
﻿203,306,227,306,227,328,203,328,整
﻿203,328,227,328,227,349,203,349,頓
﻿203,349,227,349,227,370,203,370,乾
﻿203,370,227,370,227,391,203,391,坤
﻿203,391,227,391,227,413,203,413,寔
﻿168,29,193,29,193,50,168,50,頼
﻿168,50,193,50,193,71,168,71,明
﻿168,71,193,71,193,92,168,92,康
﻿168,92,193,92,193,113,168,113,太
﻿168,113,193,113,193,134,168,134,王
﻿168,134,193,134,193,156,168,156,之
﻿168,156,193,156,193,177,168,177,勳
﻿168,177,193,177,193,198,168,198,之
﻿168,198,193,198,193,219,168,219,德
﻿168,219,193,219,193,240,168,240,中
﻿168,240,193,240,193,261,168,261,興
﻿168,261,193,261,193,283,168,283,功
﻿168,283,193,283,193,304,168,304,業
﻿168,304,193,304,193,325,168,325,實
﻿168,325,193,325,193,346,168,346,始
﻿168,346,193,346,193,367,168,367,於
﻿168,367,193,367,193,388,168,388,此
﻿168,388,193,388,193,410,168,410,朕
﻿135,28,160,28,160,49,135,49,紹
﻿135,49,160,49,160,70,135,70,恢
﻿135,70,160,70,160,91,135,91,前
﻿135,91,160,91,160,113,135,113,烈
﻿135,113,160,113,160,134,135,134,總
﻿135,134,160,134,160,155,135,155,攢
﻿135,155,160,155,160,176,135,176,大
﻿135,176,160,176,160,198,135,198,權
﻿135,198,160,198,160,219,135,219,每
﻿135,219,160,219,160,240,135,240,以
﻿135,240,160,240,160,262,135,262,滅
﻿135,262,160,262,160,283,135,283,仇
﻿135,283,160,283,160,304,135,304,敵
﻿135,304,160,304,160,325,135,325,復
﻿135,325,160,325,160,347,135,347,中
﻿135,347,160,347,160,368,135,368,原
﻿135,368,160,368,160,389,135,389,爲
﻿135,389,160,389,160,411,135,411,念
﻿105,27,130,27,130,48,105,48,特
﻿105,48,130,48,130,69,105,69,命
﻿105,69,130,69,130,90,105,90,都
﻿105,90,130,90,130,112,105,112,将
﻿105,112,130,112,130,133,105,133,節
﻿105,133,130,133,130,154,105,154,制
﻿105,154,130,154,130,175,105,175,各
﻿105,175,130,175,130,197,105,197,處
﻿105,197,130,197,130,218,105,218,水
﻿105,218,130,218,130,239,105,239,步
﻿105,239,130,239,130,261,105,261,諸
﻿105,261,130,261,130,282,105,282,營
﻿105,282,130,282,130,303,105,303,兼
﻿105,303,130,303,130,324,105,324,總
﻿105,324,130,324,130,346,105,346,内
﻿105,346,130,346,130,367,105,367,外
﻿105,367,130,367,130,388,105,388,平
﻿105,388,130,388,130,410,105,410,章
﻿74,30,98,30,98,51,74,51,軍
﻿74,51,98,51,98,72,74,72,國
﻿74,72,98,72,98,93,74,93,重
﻿74,93,98,93,98,114,74,114,事
﻿74,114,98,114,98,135,74,135,左
﻿74,135,98,135,98,156,74,156,将
﻿74,156,98,156,98,177,74,177,太
﻿74,177,98,177,98,198,74,198,尉
﻿74,198,98,198,98,219,74,219,長
﻿74,219,98,219,98,240,74,240,國
﻿74,240,98,240,98,261,74,261,公
﻿74,261,98,261,98,282,74,282,鄭
﻿74,282,98,282,98,303,74,303,松
﻿74,303,98,303,98,324,74,324,總
﻿74,324,98,324,98,345,74,345,統
﻿74,345,98,345,98,366,74,366,大
﻿74,366,98,366,98,387,74,387,兵
﻿74,387,98,387,98,408,74,408,攻
﻿44,29,68,29,68,50,44,50,勦
﻿44,50,68,50,68,71,44,71,莫
﻿44,71,68,71,68,92,44,92,黨
﻿44,92,68,92,68,113,44,113,上
﻿44,113,68,113,68,135,44,135,年
﻿44,135,68,135,68,156,44,156,十
﻿44,156,68,156,68,177,44,177,二
﻿44,177,68,177,68,198,44,198,月
﻿44,198,68,198,68,220,44,220,擒
﻿44,220,68,220,68,241,44,241,得
﻿44,241,68,241,68,262,44,262,逆
﻿44,262,68,262,68,283,44,283,登
﻿44,283,68,283,68,304,44,304,庸
﻿44,304,68,304,68,326,44,326,孫
﻿44,326,68,326,68,347,44,347,僞
﻿44,347,68,347,68,368,44,368,洪
﻿44,368,68,368,68,389,44,389,寕
﻿44,389,68,389,68,411,44,411,莫
﻿12,28,37,28,37,49,12,49,茂
﻿12,49,37,49,37,70,12,70,洽
﻿12,70,37,70,37,91,12,91,即
﻿12,91,37,91,37,112,12,112,正
﻿12,112,37,112,37,133,12,133,以
﻿12,133,37,133,37,155,12,155,法
﻿12,155,37,155,37,176,12,176,今
﻿12,176,37,176,37,197,12,197,年
﻿12,197,37,197,37,218,12,218,正
﻿12,218,37,218,37,239,12,239,月
﻿12,239,37,239,37,260,12,260,擒
﻿12,260,37,260,37,282,12,282,得
﻿12,282,37,282,37,303,12,303,偽
﻿12,303,37,303,37,324,12,324,䧺
﻿12,324,37,324,37,345,12,345,禮
﻿12,345,37,345,37,366,12,366,公
﻿12,366,37,366,37,387,12,387,僣
﻿12,387,37,387,37,409,12,409,稱
