256,28,278,28,278,49,256,49,康
﻿256,49,278,49,278,70,256,70,佑
﻿256,70,278,70,278,91,256,91,於
﻿256,91,278,91,278,112,256,112,是
﻿256,112,278,112,278,133,256,133,莫
﻿256,133,278,133,278,154,256,154,氏
﻿256,154,278,154,278,175,256,175,宗
﻿256,175,278,175,278,196,256,196,室
﻿256,196,278,196,278,217,256,217,莫
﻿256,217,278,217,278,238,256,238,敬
﻿256,238,278,238,278,259,256,259,敷
﻿256,259,278,259,278,280,256,280,莫
﻿256,280,278,280,278,301,256,301,敬
﻿256,301,278,301,278,322,256,322,誠
﻿256,322,278,322,278,343,256,343,莫
﻿256,343,278,343,278,364,256,364,敬
﻿256,364,278,364,278,385,256,385,慎
﻿256,385,278,385,278,407,256,407,等
﻿229,29,254,29,254,49,229,49,及
﻿229,49,254,49,254,70,229,70,男
﻿229,70,254,70,254,91,229,91,女
﻿229,91,254,91,254,112,229,112,大
﻿229,112,254,112,254,133,229,133,小
﻿229,133,254,133,254,154,229,154,數
﻿229,154,254,154,254,175,229,175,百
﻿229,175,254,175,254,196,229,196,人
﻿229,196,254,196,254,217,229,217,皆
﻿229,217,254,217,254,238,229,238,應
﻿229,238,254,238,254,259,229,259,之
﻿229,259,254,259,254,280,229,280,莫
﻿229,280,254,280,254,301,229,301,之
﻿229,301,254,301,254,322,229,322,宿
﻿229,322,254,322,254,343,229,343,舊
﻿229,343,254,343,254,364,229,364,文
﻿229,364,254,364,254,385,229,385,臣
﻿229,385,254,385,254,406,229,406,武
﻿199,26,222,26,222,47,199,47,士
﻿199,47,222,47,222,68,199,68,相
﻿199,68,222,68,222,89,199,89,率
﻿199,89,222,89,222,110,199,110,㱕
﻿199,110,222,110,222,131,199,131,之
﻿199,131,222,131,222,152,199,152,草
﻿199,152,222,152,222,173,199,173,立
﻿199,173,222,173,222,194,199,194,行
﻿199,194,222,194,222,216,199,216,在
﻿199,216,222,216,222,237,199,237,出
﻿199,237,222,237,222,258,199,258,榜
﻿199,258,222,258,222,279,199,279,招
﻿199,279,222,279,222,300,199,300,募
﻿199,300,222,300,222,321,199,321,丁
﻿199,321,222,321,222,342,199,342,民
﻿199,342,222,342,222,363,199,363,呼
﻿199,363,222,363,222,384,199,384,吸
﻿199,384,222,384,222,406,199,406,之
﻿166,29,191,29,191,50,166,50,間
﻿166,50,191,50,191,71,166,71,諸
﻿166,71,191,71,191,92,166,92,縣
﻿166,92,191,92,191,113,166,113,響
﻿166,113,191,113,191,134,166,134,應
﻿166,134,191,134,191,155,166,155,兵
﻿166,155,191,155,191,176,166,176,至
﻿166,176,191,176,191,197,166,197,七
﻿166,197,191,197,191,218,166,218,萬
﻿166,218,191,218,191,239,166,239,人
﻿166,239,191,239,191,260,166,260,先
﻿166,260,191,260,191,281,166,281,是
﻿166,281,191,281,191,302,166,302,莫
﻿166,302,191,302,191,323,166,323,茂
﻿166,323,191,323,191,344,166,344,洽
﻿166,344,191,344,191,365,166,365,使
﻿166,365,191,365,191,386,166,386,其
﻿166,386,191,386,191,407,166,407,長
﻿135,28,160,28,160,49,135,49,子
﻿135,49,160,49,160,70,135,70,全
﻿135,70,160,70,160,91,135,91,權
﻿135,91,160,91,160,112,135,112,監
﻿135,112,160,112,160,133,135,133,國
﻿135,133,160,133,160,154,135,154,事
﻿135,154,160,154,160,175,135,175,僣
﻿135,175,160,175,160,196,135,196,號
﻿135,196,160,196,160,217,135,217,武
﻿135,217,160,217,160,238,135,238,安
﻿135,238,160,238,160,259,135,259,至
﻿135,259,160,259,160,280,135,280,茂
﻿135,280,160,280,160,301,135,301,洽
﻿135,301,160,301,160,322,135,322,被
﻿135,322,160,322,160,343,135,343,俘
﻿135,343,160,343,160,364,135,364,人
﻿135,364,160,364,160,385,135,385,心
﻿135,385,160,385,160,406,135,406,不
﻿106,28,130,28,130,48,106,48,服
﻿106,48,130,48,130,68,106,68,復
﻿106,68,130,68,130,88,106,88,㱕
﻿106,88,130,88,130,108,106,108,附
﻿106,108,130,108,130,128,106,128,莫
﻿106,128,130,128,130,148,106,148,敬
﻿106,148,130,148,130,168,106,168,止
﻿106,168,130,168,130,188,106,188,莫
﻿106,188,130,188,130,208,106,208,全
﻿106,208,130,208,130,228,106,228,自
﻿106,228,130,228,130,248,106,248,遁
﻿106,248,130,248,130,268,106,268,又
﻿106,268,130,268,130,288,106,288,為
﻿106,288,130,288,130,308,106,308,官
﻿106,308,130,308,130,328,106,328,兵
﻿106,328,130,328,130,348,106,348,所
﻿106,348,130,348,130,368,106,368,󰱐
﻿106,368,130,368,130,388,106,388,時
﻿106,388,130,388,130,409,106,409,莫
﻿75,27,98,27,98,48,75,48,敬
﻿75,48,98,48,98,69,75,69,止
﻿75,69,98,69,98,90,75,90,㨿
﻿75,90,98,90,98,111,75,111,青
﻿75,111,98,111,98,132,75,132,林
﻿75,132,98,132,98,153,75,153,分
﻿75,153,98,153,98,174,75,174,置
﻿75,174,98,174,98,195,75,195,内
﻿75,195,98,195,98,217,75,217,外
﻿75,217,98,217,98,238,75,238,左
﻿75,238,98,238,98,259,75,259,右
﻿75,259,98,259,98,280,75,280,割
﻿75,280,98,280,98,301,75,301,㨿
﻿75,301,98,301,98,322,75,322,諸
﻿75,322,98,322,98,343,75,343,縣
﻿75,343,98,343,98,364,75,364,以
﻿75,364,98,364,98,385,75,385,拒
﻿75,385,98,385,98,407,75,407,官
﻿43,28,68,28,68,47,43,47,兵
﻿43,47,68,47,68,67,43,67,節
﻿43,67,68,67,68,87,43,87,制
﻿43,87,68,87,68,107,43,107,鄭
﻿43,107,68,107,68,127,43,127,松
﻿43,127,68,127,68,147,43,147,命
﻿43,147,68,147,68,167,43,167,阮
﻿43,167,68,167,68,187,43,187,七
﻿43,187,68,187,68,207,43,207,里
﻿43,207,68,207,68,227,43,227,裴
﻿43,227,68,227,68,247,43,247,文
﻿43,247,68,247,68,267,43,267,奎
﻿43,267,68,267,68,287,43,287,陳
﻿43,287,68,287,68,307,43,307,百
﻿43,307,68,307,68,327,43,327,年
﻿43,327,68,327,68,347,43,347,阮
﻿43,347,68,347,68,367,43,367,峩
﻿43,367,68,367,68,387,43,387,等
﻿43,387,68,387,68,407,43,407,将
﻿13,29,38,29,38,49,13,49,兵
﻿13,49,38,49,38,70,13,70,猝
﻿13,70,38,70,38,91,13,91,至
﻿13,91,38,91,38,112,13,112,敬
﻿13,112,38,112,38,133,13,133,止
﻿13,133,38,133,38,154,13,154,率
﻿13,154,38,154,38,175,13,175,軍
﻿13,175,38,175,38,196,13,196,襲
﻿13,196,38,196,38,217,13,217,戦
﻿13,217,38,217,38,237,13,237,於
﻿13,237,38,237,38,258,13,258,江
﻿13,258,38,258,38,279,13,279,中
﻿13,279,38,279,38,300,13,300,七
﻿13,300,38,300,38,321,13,321,里
﻿13,321,38,321,38,342,13,342,不
﻿13,342,38,342,38,363,13,363,及
﻿13,363,38,363,38,384,13,384,戦
﻿13,384,38,384,38,405,13,405,死
