249,13,274,13,274,35,249,35,院
﻿249,35,274,35,274,57,249,57,司
﻿249,57,274,57,274,80,249,80,徒
﻿249,80,274,80,274,102,249,102,文
﻿249,102,274,102,274,125,249,125,惠
﻿249,125,274,125,274,147,249,147,公
﻿249,147,274,147,274,170,249,170,光
﻿249,170,274,170,274,192,249,192,朝
﻿249,192,274,192,274,215,249,215,卒
﻿261,216,273,216,273,234,261,234,年
﻿261,234,273,234,273,252,261,252,三
﻿246,217,260,217,260,234,246,234,十
﻿246,234,260,234,260,252,246,252,九
﻿221,16,242,16,242,35,221,35,丙
﻿221,35,242,35,242,55,221,55,寅
﻿221,55,242,55,242,74,221,74,三
﻿221,74,242,74,242,94,221,94,年
﻿231,95,244,95,244,113,231,113,元
﻿231,113,244,113,244,131,231,131,泰
﻿231,131,244,131,244,149,231,149,定
﻿216,95,230,95,230,113,216,113,三
﻿216,113,230,113,230,131,216,131,年
﻿216,153,240,153,240,175,216,175,春
﻿216,175,240,175,240,198,216,198,二
﻿216,198,240,198,240,221,216,221,月
﻿216,221,240,221,240,243,216,243,至
﻿216,243,240,243,240,266,216,266,六
﻿216,266,240,266,240,289,216,289,月
﻿216,289,240,289,240,312,216,312,不
﻿216,312,240,312,240,334,216,334,雨
﻿216,334,240,334,240,357,216,357,三
﻿216,357,240,357,240,380,216,380,月
﻿216,380,240,380,240,403,216,403,中
﻿183,13,212,13,212,33,183,33,書
﻿183,33,212,33,212,54,183,54,侍
﻿183,54,212,54,212,74,183,74,郎
﻿183,74,212,74,212,95,183,95,知
﻿183,95,212,95,212,115,183,115,審
﻿183,115,212,115,212,136,183,136,刑
﻿183,136,212,136,212,157,183,157,院
﻿183,157,212,157,212,177,183,177,事
﻿183,177,212,177,212,198,183,198,裴
﻿183,198,212,198,212,218,183,218,木
﻿183,218,212,218,212,239,183,239,鐸
﻿183,239,212,239,212,259,183,259,卒
﻿183,259,212,259,212,280,183,280,先
﻿183,280,212,280,212,301,183,301,是
﻿183,301,212,301,212,321,183,321,英
﻿183,321,212,321,212,342,183,342,宗
﻿183,342,212,342,212,362,183,362,臨
﻿183,362,212,362,212,383,183,383,崩
﻿183,383,212,383,212,404,183,404,之
﻿152,14,179,14,179,34,152,34,日
﻿152,34,179,34,179,55,152,55,謂
﻿152,55,179,55,179,75,152,75,帝
﻿152,75,179,75,179,96,152,96,曰
﻿152,96,179,96,179,117,152,117,木
﻿152,117,179,117,179,137,152,137,鐸
﻿152,137,179,137,179,158,152,158,歷
﻿152,158,179,158,179,179,152,179,事
﻿152,179,179,179,179,199,152,199,三
﻿152,199,179,199,179,220,152,220,朝
﻿152,220,179,220,179,240,152,240,謙
﻿152,240,179,240,179,261,152,261,恭
﻿152,261,179,261,179,282,152,282,恪
﻿152,282,179,282,179,302,152,302,守
﻿152,302,179,302,179,323,152,323,文
﻿152,323,179,323,179,344,152,344,質
﻿152,344,179,344,179,364,152,364,可
﻿152,364,179,364,179,385,152,385,觀
﻿152,385,179,385,179,406,152,406,善
﻿124,14,149,14,149,34,124,34,待
﻿124,34,149,34,149,54,124,54,之
﻿124,54,149,54,149,75,124,75,勿
﻿124,75,149,75,149,95,124,95,為
﻿124,95,149,95,149,116,124,116,人
﻿124,116,149,116,149,136,124,136,所
﻿124,136,149,136,149,156,124,156,沮
﻿124,156,149,156,149,177,124,177,帝
﻿124,177,149,177,149,197,124,197,因
﻿124,197,149,197,149,218,124,218,畵
﻿124,218,149,218,149,238,124,238,像
﻿124,238,149,238,149,259,124,259,藏
﻿124,259,149,259,149,279,124,279,于
﻿124,279,149,279,149,299,124,299,書
﻿124,299,149,299,149,320,124,320,府
﻿124,320,149,320,149,340,124,340,有
﻿124,340,149,340,149,361,124,361,意
﻿124,361,149,361,149,381,124,381,大
﻿124,381,149,381,149,402,124,402,用
﻿96,14,118,14,118,34,96,34,未
﻿96,34,118,34,118,54,96,54,及
﻿96,54,118,54,118,74,96,74,遷
﻿96,74,118,74,118,94,96,94,而
﻿96,94,118,94,118,114,96,114,卒
﻿107,115,120,115,120,132,107,132,年
﻿107,132,120,132,120,149,107,149,六
﻿94,115,107,115,107,131,94,131,十
﻿94,131,107,131,107,147,94,147,二
﻿94,153,118,153,118,175,94,175,秋
﻿94,175,118,175,118,198,94,198,七
﻿94,198,118,198,118,221,94,221,月
﻿94,221,118,221,118,243,94,243,閲
﻿94,243,118,243,118,266,94,266,定
﻿94,266,118,266,118,289,94,289,文
﻿94,289,118,289,118,312,94,312,武
﻿94,312,118,312,118,334,94,334,以
﻿94,334,118,334,118,357,94,357,内
﻿94,357,118,357,118,380,94,380,書
﻿94,380,118,380,118,403,94,403,火
﻿63,15,90,15,90,35,63,35,正
﻿63,35,90,35,90,55,63,55,掌
﻿63,55,90,55,90,76,63,76,奉
﻿63,76,90,76,90,96,63,96,御
﻿63,96,90,96,90,117,63,117,謝
﻿63,117,90,117,90,137,63,137,不
﻿63,137,90,137,90,158,63,158,矜
﻿63,158,90,158,90,178,63,178,為
﻿63,178,90,178,90,199,63,199,入
﻿63,199,90,199,90,219,63,219,内
﻿63,219,90,219,90,240,63,240,行
﻿63,240,90,240,90,260,63,260,遣
﻿63,260,90,260,90,281,63,281,行
﻿63,281,90,281,90,301,63,301,左
﻿63,301,90,301,90,322,63,322,司
﻿63,322,90,322,90,342,63,342,郎
﻿63,342,90,342,90,363,63,363,中
﻿63,363,90,363,90,383,63,383,陳
﻿63,383,90,383,90,404,63,404,克
﻿32,14,60,14,60,34,32,34,終
﻿32,34,60,34,60,55,32,55,為
﻿32,55,60,55,60,75,32,75,少
﻿32,75,60,75,60,96,32,96,保
﻿32,96,60,96,60,116,32,116,行
﻿32,116,60,116,60,137,32,137,聖
﻿32,137,60,137,60,158,32,158,慈
﻿32,158,60,158,60,178,32,178,宫
﻿32,178,60,178,60,199,32,199,左
﻿32,199,60,199,60,219,32,219,司
﻿32,219,60,219,60,240,32,240,事
﻿32,240,60,240,60,260,32,260,賜
﻿32,260,60,260,60,281,32,281,字
﻿32,281,60,281,60,302,32,302,文
﻿32,302,60,302,60,322,32,322,節
﻿32,322,60,322,60,343,32,343,加
﻿32,343,60,343,60,363,32,363,同
﻿32,363,60,363,60,384,32,384,中
﻿32,384,60,384,60,405,32,405,書
﻿3,14,28,14,28,34,3,34,門
﻿3,34,28,34,28,54,3,54,下
﻿3,54,28,54,28,75,3,75,平
﻿3,75,28,75,28,95,3,95,章
﻿3,95,28,95,28,116,3,116,事
﻿3,116,28,116,28,136,3,136,國
﻿3,136,28,136,28,157,3,157,𥘉
﻿3,157,28,157,28,177,3,177,因
﻿3,177,28,177,28,198,3,198,李
﻿3,198,28,198,28,218,3,218,舊
﻿3,218,28,218,28,239,3,239,行
﻿3,239,28,239,28,259,3,259,遣
﻿3,259,28,259,28,280,3,280,衘
﻿3,280,28,280,28,300,3,300,加
﻿3,300,28,300,28,321,3,321,中
﻿3,321,28,321,28,341,3,341,書
﻿3,341,28,341,28,362,3,362,門
﻿3,362,28,362,28,382,3,382,下
﻿3,382,28,382,28,403,3,403,平
