262,41,286,41,286,62,262,62,以
﻿262,62,286,62,286,84,262,84,黎
﻿262,84,286,84,286,106,262,106,輔
﻿262,106,286,106,286,128,262,128,陳
﻿262,128,286,128,286,149,262,149,為
﻿262,149,286,149,286,171,262,171,御
﻿262,171,286,171,286,193,262,193,史
﻿262,193,286,193,286,215,262,215,中
﻿262,215,286,215,286,237,262,237,相
﻿262,237,286,237,286,258,262,258,知
﻿262,258,286,258,286,280,262,280,三
﻿262,280,286,280,286,302,262,302,司
﻿262,302,286,302,286,324,262,324,院
﻿262,324,286,324,286,345,262,345,事
﻿262,345,286,345,286,367,262,367,秋
﻿262,367,286,367,286,389,262,389,七
﻿262,389,286,389,286,411,262,411,月
﻿262,411,286,411,286,433,262,433,以
﻿233,40,257,40,257,60,233,60,明
﻿233,60,257,60,257,81,233,81,字
﻿233,81,257,81,257,102,233,102,劉
﻿233,102,257,102,257,123,233,123,免
﻿233,123,257,123,257,143,233,143,為
﻿233,143,257,143,257,164,233,164,清
﻿233,164,257,164,257,185,233,185,化
﻿233,185,257,185,257,206,233,206,府
﻿233,206,257,206,257,226,233,226,路
﻿233,226,257,226,257,247,233,247,安
﻿233,247,257,247,257,268,233,268,撫
﻿233,268,257,268,257,289,233,289,使
﻿202,41,227,41,227,61,202,61,辛
﻿202,61,227,61,227,82,202,82,亥
﻿202,82,227,82,227,102,202,102,二
﻿202,102,227,102,227,123,202,123,十
﻿202,123,227,123,227,144,202,144,年
﻿214,149,229,149,229,169,214,169,二
﻿214,169,229,169,229,189,214,189,月
﻿214,189,229,189,229,209,214,209,以
﻿214,209,229,209,229,229,214,229,後
﻿214,229,229,229,229,249,214,249,元
﻿214,249,229,249,229,269,214,269,豊
﻿214,269,229,269,229,289,214,289,元
﻿214,289,229,289,229,309,214,309,年
﻿214,309,229,309,229,329,214,329,宋
﻿214,329,229,329,229,349,214,349,淳
﻿214,349,229,349,229,369,214,369,祐
﻿198,148,213,148,213,167,198,167,十
﻿198,167,213,167,213,187,198,187,一
﻿198,187,213,187,213,206,198,206,年
﻿198,206,213,206,213,226,198,226,元
﻿198,226,213,226,213,245,198,245,憲
﻿198,245,213,245,213,265,198,265,宗
﻿198,265,213,265,213,284,198,284,𫎇
﻿198,284,213,284,213,304,198,304,哥
﻿198,304,213,304,213,323,198,323,元
﻿198,323,213,323,213,343,198,343,年
﻿202,371,226,371,226,391,202,391,春
﻿202,391,226,391,226,412,202,412,二
﻿202,412,226,412,226,433,202,433,月
﻿171,40,196,40,196,61,171,61,改
﻿171,61,196,61,196,83,171,83,元
﻿171,83,196,83,196,105,171,105,元
﻿171,105,196,105,196,127,171,127,豊
﻿171,127,196,127,196,149,171,149,元
﻿171,149,196,149,196,171,171,171,年
﻿171,171,196,171,196,193,171,193,上
﻿171,193,196,193,196,215,171,215,親
﻿171,215,196,215,196,237,171,237,寫
﻿171,237,196,237,196,259,171,259,銘
﻿171,259,196,259,196,281,171,281,文
﻿171,281,196,281,196,303,171,303,賜
﻿171,303,196,303,196,325,171,325,諸
﻿171,325,196,325,196,347,171,347,皇
﻿171,347,196,347,196,369,171,369,子
﻿171,369,196,369,196,391,171,391,教
﻿171,391,196,391,196,413,171,413,以
﻿171,413,196,413,196,435,171,435,忠
﻿139,41,166,41,166,62,139,62,孝
﻿139,62,166,62,166,84,139,84,和
﻿139,84,166,84,166,106,139,106,遜
﻿139,106,166,106,166,127,139,127,温
﻿139,127,166,127,166,149,139,149,良
﻿139,149,166,149,166,171,139,171,恭
﻿139,171,166,171,166,192,139,192,儉
﻿139,192,166,192,166,214,139,214,以
﻿139,214,166,214,166,236,139,236,天
﻿139,236,166,236,166,258,139,258,城
﻿139,258,166,258,166,279,139,279,長
﻿139,279,166,279,166,301,139,301,公
﻿139,301,166,301,166,323,139,323,主
﻿139,323,166,323,166,344,139,344,嫁
﻿139,344,166,344,166,366,139,366,忠
﻿139,366,166,366,166,388,139,388,誠
﻿139,388,166,388,166,410,139,410,王
﻿153,414,167,414,167,432,153,432,缺
﻿138,414,152,414,152,432,138,432,名
﻿107,41,135,41,135,61,107,61,安
﻿107,61,135,61,135,82,107,82,生
﻿107,82,135,82,135,102,107,102,王
﻿107,102,135,102,135,123,107,123,子
﻿107,123,135,123,135,144,107,144,國
﻿107,144,135,144,135,164,107,164,峻
﻿107,164,135,164,135,185,107,185,奪
﻿107,185,135,185,135,206,107,206,之
﻿107,206,135,206,135,226,107,226,公
﻿107,226,135,226,135,247,107,247,主
﻿107,247,135,247,135,267,107,267,㱕
﻿107,267,135,267,135,288,107,288,于
﻿107,288,135,288,135,309,107,309,國
﻿107,309,135,309,135,329,107,329,峻
﻿107,329,135,329,135,350,107,350,是
﻿107,350,135,350,135,371,107,371,月
﻿107,371,135,371,135,391,107,391,十
﻿107,391,135,391,135,412,107,412,五
﻿107,412,135,412,135,433,107,433,日
﻿78,37,105,37,105,58,78,58,帝
﻿78,58,105,58,105,79,78,79,設
﻿78,79,105,79,105,100,78,100,大
﻿78,100,105,100,105,121,78,121,會
﻿78,121,105,121,105,142,78,142,七
﻿78,142,105,142,105,163,78,163,日
﻿78,163,105,163,105,184,78,184,夜
﻿78,184,105,184,105,205,78,205,?
﻿78,205,105,205,105,226,78,226,合
﻿78,226,105,226,105,247,78,247,䯻
﻿78,247,105,247,105,268,78,268,圖
﻿78,268,105,268,105,289,78,289,及
﻿78,289,105,289,105,310,78,310,百
﻿78,310,105,310,105,331,78,331,戲
﻿78,331,105,331,105,352,78,352,縱
﻿78,352,105,352,105,373,78,373,朝
﻿78,373,105,373,105,394,78,394,也
﻿78,394,105,394,105,415,78,415,遊
﻿78,415,105,415,105,436,78,436,觀
﻿47,39,72,39,72,59,47,59,欲
﻿47,59,72,59,72,80,47,80,令
﻿47,80,72,80,72,101,47,101,天
﻿47,101,72,101,72,122,47,122,城
﻿47,122,72,122,72,143,47,143,與
﻿47,143,72,143,72,164,47,164,忠
﻿47,164,72,164,72,185,47,185,誠
﻿47,185,72,185,72,206,47,206,合
﻿47,206,72,206,72,227,47,227,䯻
﻿47,227,72,227,72,247,47,247,先
﻿47,247,72,247,72,268,47,268,遣
﻿47,268,72,268,72,289,47,289,天
﻿47,289,72,289,72,310,47,310,城
﻿47,310,72,310,72,331,47,331,公
﻿47,331,72,331,72,352,47,352,主
﻿47,352,72,352,72,373,47,373,居
﻿47,373,72,373,72,394,47,394,仁
﻿47,394,72,394,72,415,47,415,道
﻿47,415,72,415,72,436,47,436,王
﻿18,39,38,39,38,61,18,61,第
﻿30,63,44,63,44,82,30,82,因
﻿30,82,44,82,44,101,30,101,道
﻿30,101,44,101,44,120,30,120,王
﻿30,120,44,120,44,139,30,139,乃
﻿14,64,28,64,28,83,14,83,忠
﻿14,83,28,83,28,102,14,102,誠
﻿14,102,28,102,28,121,14,121,王
﻿14,121,28,121,28,140,14,140,父
﻿16,144,44,144,44,164,16,164,國
﻿16,164,44,164,44,185,16,185,峻
﻿16,185,44,185,44,206,16,206,欲
﻿16,206,44,206,44,227,16,227,求
﻿16,227,44,227,44,247,16,247,配
﻿16,247,44,247,44,268,16,268,而
﻿16,268,44,268,44,289,16,289,無
﻿16,289,44,289,44,310,16,310,由
﻿16,310,44,310,44,331,16,331,夜
﻿16,331,44,331,44,351,16,351,間
﻿16,351,44,351,44,372,16,372,乃
﻿16,372,44,372,44,393,16,393,潜
﻿16,393,44,393,44,414,16,414,入
﻿16,414,44,414,44,435,16,435,天
