238,30,262,30,262,50,238,50,官
﻿238,50,262,50,262,70,238,70,攬
﻿238,70,262,70,262,91,238,91,擾
﻿238,91,262,91,262,111,238,111,其
﻿238,111,262,111,262,131,238,131,民
﻿238,131,262,131,262,152,238,152,并
﻿238,152,262,152,262,172,238,172,私
﻿238,172,262,172,262,192,238,192,殺
﻿238,192,262,192,262,213,238,213,丹
﻿238,213,262,213,262,233,238,233,田
﻿238,233,262,233,262,253,238,253,縣
﻿238,253,262,253,262,274,238,274,武
﻿238,274,262,274,262,294,238,294,舍
﻿238,294,262,294,262,314,238,314,安
﻿238,314,262,314,262,335,238,335,傳
﻿238,335,262,335,262,355,238,355,等
﻿238,355,262,355,262,375,238,375,社
﻿238,375,262,375,262,396,238,396,土
﻿209,29,231,29,231,49,209,49,酋
﻿209,49,231,49,231,69,209,69,胡
﻿209,69,231,69,231,90,209,90,伯
﻿209,90,231,90,231,110,209,110,光
﻿209,110,231,110,231,131,209,131,等
﻿209,131,231,131,231,151,209,151,四
﻿209,151,231,151,231,172,209,172,人
﻿209,172,231,172,231,192,209,192,以
﻿209,192,231,192,231,213,209,213,故
﻿209,213,231,213,231,233,209,233,伯
﻿209,233,231,233,231,253,209,253,光
﻿209,253,231,253,231,274,209,274,子
﻿209,274,231,274,231,294,209,294,弟
﻿209,294,231,294,231,315,209,315,率
﻿209,315,231,315,231,335,209,335,本
﻿209,335,231,335,231,356,209,356,處
﻿209,356,231,356,231,376,209,376,四
﻿209,376,231,376,231,397,209,397,千
﻿179,28,202,28,202,48,179,48,餘
﻿179,48,202,48,202,69,179,69,人
﻿179,69,202,69,202,89,179,89,逼
﻿179,89,202,89,202,110,179,110,圍
﻿179,110,202,110,202,130,179,130,其
﻿179,130,202,130,202,151,179,151,城
﻿179,151,202,151,202,171,179,171,逐
﻿179,171,202,171,202,192,179,192,文
﻿179,192,202,192,202,212,179,212,訓
﻿179,212,202,212,202,233,179,233,文
﻿179,233,202,233,202,253,179,253,訓
﻿179,253,202,253,202,274,179,274,棄
﻿179,274,202,274,202,294,179,294,妻
﻿179,294,202,294,202,315,179,315,子
﻿179,315,202,315,202,335,179,335,迯
﻿179,335,202,335,202,356,179,356,出
﻿179,356,202,356,202,376,179,376,新
﻿179,376,202,376,202,397,179,397,平
﻿149,28,173,28,173,48,149,48,地
﻿149,48,173,48,173,68,149,68,方
﻿149,68,173,68,173,89,149,89,行
﻿149,89,173,89,173,109,149,109,順
﻿149,109,173,109,173,130,149,130,化
﻿149,130,173,130,173,150,149,150,承
﻿149,150,173,150,173,171,149,171,宣
﻿149,171,173,171,173,191,149,191,使
﻿149,191,173,191,173,212,149,212,范
﻿149,212,173,212,173,232,149,232,謙
﻿149,232,173,232,173,252,149,252,柄
﻿149,252,173,252,173,273,149,273,憲
﻿149,273,173,273,173,293,149,293,察
﻿149,293,173,293,173,314,149,314,使
﻿149,314,173,314,173,334,149,334,吳
﻿149,334,173,334,173,355,149,355,光
﻿149,355,173,355,173,375,149,375,祖
﻿149,375,173,375,173,396,149,396,等
﻿117,28,141,28,141,48,117,48,𭁈
﻿117,48,141,48,141,68,117,68,文
﻿117,68,141,68,141,89,117,89,訓
﻿117,89,141,89,141,109,117,109,妻
﻿117,109,141,109,141,129,117,129,子
﻿117,129,141,129,141,150,117,150,俱
﻿117,150,141,150,141,170,117,170,承
﻿117,170,141,170,141,191,117,191,船
﻿117,191,141,191,141,211,117,211,遁
﻿117,211,141,211,141,231,117,231,被
﻿117,231,141,231,141,252,117,252,本
﻿117,252,141,252,141,272,117,272,處
﻿117,272,141,272,141,293,117,293,民
﻿117,293,141,293,141,313,117,313,盡
﻿117,313,141,313,141,333,117,333,掠
﻿117,333,141,333,141,354,117,354,取
﻿117,354,141,354,141,374,117,374,文
﻿117,374,141,374,141,395,117,395,訓
﻿87,27,113,27,113,47,87,47,船
﻿87,47,113,47,113,68,87,68,財
﻿87,68,113,68,113,88,87,88,物
﻿87,88,113,88,113,109,87,109,并
﻿87,109,113,109,113,129,87,129,妻
﻿87,129,113,129,113,150,87,150,子
﻿87,150,113,150,113,170,87,170,固
﻿87,170,113,170,113,191,87,191,要
﻿87,191,113,191,113,212,87,212,謙
﻿87,212,113,212,113,232,87,232,柄
﻿87,232,113,232,113,253,87,253,光
﻿87,253,113,253,113,273,87,273,祖
﻿87,273,113,273,113,294,87,294,船
﻿87,294,113,294,113,314,87,314,逼
﻿87,314,113,314,113,335,87,335,令
﻿87,335,113,335,113,355,87,355,還
﻿87,355,113,355,113,376,87,376,任
﻿87,376,113,376,113,397,87,397,後
﻿56,28,82,28,82,48,56,48,二
﻿56,48,82,48,82,69,56,69,月
﻿56,69,82,69,82,90,56,90,帝
﻿56,90,82,90,82,110,56,110,命
﻿56,110,82,110,82,131,56,131,蔡
﻿56,131,82,131,82,152,56,152,憼
﻿69,154,80,154,80,172,69,172,音
﻿56,154,68,154,68,173,56,173,景
﻿56,174,79,174,79,194,56,194,代
﻿56,194,79,194,79,214,56,214,謙
﻿56,214,79,214,79,234,56,234,柄
﻿56,234,79,234,79,255,56,255,為
﻿56,255,79,255,79,275,56,275,順
﻿56,275,79,275,79,295,56,295,化
﻿56,295,79,295,79,315,56,315,承
﻿56,315,79,315,79,336,56,336,政
﻿56,336,79,336,79,356,56,356,使
﻿56,356,79,356,79,376,56,376,謙
﻿56,376,79,376,79,397,56,397,柄
﻿27,27,53,27,53,48,27,48,等
﻿27,48,53,48,53,69,27,69,由
﻿27,69,53,69,53,90,27,90,是
﻿27,90,53,90,53,111,27,111,始
﻿27,111,53,111,53,132,27,132,得
﻿27,132,53,132,53,153,27,153,還
﻿4,29,25,29,25,49,4,49,秋
﻿4,49,25,49,25,69,4,69,閏
﻿4,69,25,69,25,90,4,90,八
﻿4,90,25,90,25,110,4,110,月
﻿4,110,25,110,25,130,4,130,二
﻿4,130,25,130,25,151,4,151,十
﻿4,151,25,151,25,171,4,171,三
﻿4,171,25,171,25,192,4,192,日
﻿4,192,25,192,25,212,4,212,贈
﻿4,212,25,212,25,232,4,232,杜
﻿4,232,25,232,25,253,4,253,岳
﻿4,253,25,253,25,273,4,273,為
﻿4,273,25,273,25,294,4,294,少
﻿4,294,25,294,25,314,4,314,保
﻿4,314,25,314,25,334,4,334,尚
﻿4,334,25,334,25,355,4,355,書
﻿4,355,25,355,25,375,4,375,御
﻿4,375,25,375,25,396,4,396,史
