245,35,267,35,267,57,245,57,󰱇
﻿245,57,267,57,267,80,245,80,潘
﻿245,80,267,80,267,102,245,102,兼
﻿245,102,267,102,267,125,245,125,全
﻿245,125,267,125,267,147,245,147,竝
﻿245,147,267,147,267,170,245,170,協
﻿245,170,267,170,267,193,245,193,同
﻿245,193,267,193,267,215,245,215,參
﻿245,215,267,215,267,238,245,238,贊
﻿245,238,267,238,267,260,245,260,軍
﻿245,260,267,260,267,283,245,283,務
﻿245,283,267,283,267,306,245,306,二
﻿245,306,267,306,267,328,245,328,月
﻿245,328,267,328,267,351,245,351,改
﻿245,351,267,351,267,373,245,373,元
﻿245,373,267,373,267,396,245,396,以
﻿245,396,267,396,267,419,245,419,是
﻿212,38,235,38,235,60,212,60,年
﻿212,60,235,60,235,82,212,82,爲
﻿212,82,235,82,235,104,212,104,永
﻿212,104,235,104,235,126,212,126,壽
﻿212,126,235,126,235,149,212,149,元
﻿212,149,235,149,235,171,212,171,年
﻿212,171,235,171,235,193,212,193,大
﻿212,193,235,193,235,215,212,215,赦
﻿212,215,235,215,235,238,212,238,夏
﻿212,238,235,238,235,260,212,260,五
﻿212,260,235,260,235,282,212,282,月
﻿212,282,235,282,235,304,212,304,時
﻿212,304,235,304,235,327,212,327,天
﻿212,327,235,327,235,349,212,349,下
﻿212,349,235,349,235,371,212,371,錢
﻿212,371,235,371,235,393,212,393,幣
﻿212,393,235,393,235,416,212,416,日
﻿179,38,204,38,204,59,179,59,用
﻿179,59,204,59,204,80,179,80,官
﻿179,80,204,80,204,101,179,101,民
﻿179,101,204,101,204,122,179,122,出
﻿179,122,204,122,204,143,179,143,納
﻿179,143,204,143,204,164,179,164,買
﻿179,164,204,164,204,185,179,185,賣
﻿179,185,204,185,204,206,179,206,循
﻿179,206,204,206,204,228,179,228,習
﻿179,228,204,228,204,249,179,249,相
﻿179,249,204,249,204,270,179,270,效
﻿179,270,204,270,204,291,179,291,揀
﻿179,291,204,291,204,312,179,312,擇
﻿179,312,204,312,204,333,179,333,太
﻿179,333,204,333,204,354,179,354,過
﻿179,354,204,354,204,375,179,375,至
﻿179,375,204,375,204,396,179,396,是
﻿179,396,204,396,204,418,179,418,始
﻿150,35,175,35,175,56,150,56,禁
﻿150,56,175,56,175,77,150,77,自
﻿150,77,175,77,175,98,150,98,今
﻿150,98,175,98,175,119,150,119,不
﻿150,119,175,119,175,141,150,141,得
﻿150,141,175,141,175,162,150,162,揀
﻿150,162,175,162,175,183,150,183,擇
﻿150,183,175,183,175,204,150,204,其
﻿150,204,175,204,175,226,150,226,買
﻿150,226,175,226,175,247,150,247,物
﻿150,247,175,247,175,268,150,268,者
﻿150,268,175,268,175,289,150,289,亦
﻿150,289,175,289,175,310,150,310,不
﻿150,310,175,310,175,332,150,332,得
﻿150,332,175,332,175,353,150,353,雜
﻿150,353,175,353,175,374,150,374,用
﻿150,374,175,374,175,395,150,395,鉛
﻿150,395,175,395,175,417,150,417,錫
﻿119,33,142,33,142,55,119,55,破
﻿119,55,142,55,142,77,119,77,鈌
﻿119,77,142,77,142,100,119,100,錢
﻿119,100,142,100,142,122,119,122,自
﻿119,122,142,122,142,145,119,145,是
﻿119,145,142,145,142,167,119,167,財
﻿119,167,142,167,142,189,119,189,貨
﻿119,189,142,189,142,212,119,212,通
﻿119,212,142,212,142,234,119,234,融
﻿119,234,142,234,142,257,119,257,公
﻿119,257,142,257,142,279,119,279,私
﻿119,279,142,279,142,301,119,301,俱
﻿119,301,142,301,142,324,119,324,便
﻿119,324,142,324,142,346,119,346,時
﻿119,346,142,346,142,369,119,369,用
﻿119,369,142,369,142,391,119,391,兵
﻿119,391,142,391,142,414,119,414,日
﻿90,33,112,33,112,54,90,54,久
﻿90,54,112,54,112,75,90,75,用
﻿90,75,112,75,112,96,90,96,度
﻿90,96,112,96,112,118,90,118,煩
﻿90,118,112,118,112,139,90,139,費
﻿90,139,112,139,112,160,90,160,令
﻿90,160,112,160,112,181,90,181,天
﻿90,181,112,181,112,203,90,203,下
﻿90,203,112,203,112,224,90,224,入
﻿90,224,112,224,112,245,90,245,粟
﻿90,245,112,245,112,267,90,267,各
﻿90,267,112,267,112,288,90,288,以
﻿90,288,112,288,112,309,90,309,多
﻿90,309,112,309,112,330,90,330,少
﻿90,330,112,330,112,352,90,352,除
﻿90,352,112,352,112,373,90,373,官
﻿90,373,112,373,112,394,90,394,有
﻿90,394,112,394,112,416,90,416,差
﻿57,33,80,33,80,55,57,55,六
﻿57,55,80,55,80,77,57,77,月
﻿57,77,80,77,80,100,57,100,瓊
﻿57,100,80,100,80,122,57,122,瑠
﻿57,122,80,122,80,145,57,145,仲
﻿57,145,80,145,80,167,57,167,洽
﻿57,167,80,167,80,190,57,190,册
﻿57,190,80,190,80,212,57,212,郎
﻿57,212,80,212,80,235,57,235,公
﻿57,235,80,235,80,257,57,257,僅
﻿57,257,80,257,80,280,57,280,隂
﻿57,280,80,280,80,302,57,302,懷
﻿57,302,80,302,80,325,57,325,異
﻿57,325,80,325,80,347,57,347,志
﻿57,347,80,347,80,370,57,370,潛
﻿57,370,80,370,80,392,57,392,引
﻿57,392,80,392,80,415,57,415,賊
﻿27,32,51,32,51,53,27,53,徒
﻿27,53,51,53,51,74,27,74,間
﻿27,74,51,74,51,95,27,95,行
﻿27,95,51,95,51,117,27,117,山
﻿27,117,51,117,51,138,27,138,脚
﻿27,138,51,138,51,159,27,159,至
﻿27,159,51,159,51,180,27,180,東
﻿27,180,51,180,51,202,27,202,城
﻿27,202,51,202,51,223,27,223,陽
﻿27,223,51,223,51,244,27,244,洽
﻿27,244,51,244,51,266,27,266,方
﻿27,266,51,266,51,287,27,287,民
﻿27,287,51,287,51,308,27,308,騷
﻿27,308,51,308,51,329,27,329,動
﻿27,329,51,329,51,351,27,351,統
﻿27,351,51,351,51,372,27,372,領
﻿27,372,51,372,51,393,27,393,官
﻿27,393,51,393,51,415,27,415,富
﻿2,34,21,34,21,55,2,55,郡
﻿2,55,21,55,21,76,2,76,公
﻿2,76,21,76,21,97,2,97,鄭
﻿2,97,21,97,21,118,2,118,根
﻿2,118,21,118,21,140,2,140,差
﻿2,140,21,140,21,161,2,161,黎
﻿2,161,21,161,21,182,2,182,文
﻿2,182,21,182,21,203,2,203,暿
﻿2,203,21,203,21,225,2,225,劉
﻿2,225,21,225,21,246,2,246,世
﻿2,246,21,246,21,267,2,267,賡
﻿2,267,21,267,21,288,2,288,等
﻿2,288,21,288,21,309,2,309,攻
﻿2,309,21,309,21,331,2,331,破
﻿2,331,21,331,21,352,2,352,之
﻿2,352,21,352,21,373,2,373,公
﻿2,373,21,373,21,394,2,394,僅
﻿2,394,21,394,21,416,2,416,後
