254,40,279,40,279,60,254,60,來
﻿254,60,279,60,279,81,254,81,侵
﻿254,81,279,81,279,101,254,101,冏
﻿254,101,279,101,279,122,254,122,以
﻿254,122,279,122,279,142,254,142,春
﻿254,142,279,142,279,163,254,163,瘴
﻿254,163,279,163,279,183,254,183,方
﻿254,183,279,183,279,204,254,204,起
﻿254,204,279,204,279,224,254,224,請
﻿254,224,279,224,279,245,254,245,待
﻿254,245,279,245,279,265,254,265,秋
﻿254,265,279,265,279,286,254,286,時
﻿254,286,279,286,279,306,254,306,廣
﻿254,306,279,306,279,327,254,327,州
﻿254,327,279,327,279,347,254,347,刺
﻿254,347,279,347,279,368,254,368,史
﻿254,368,279,368,279,388,254,388,新
﻿254,388,279,388,279,409,254,409,喻
﻿254,409,279,409,279,430,254,430,侯
﻿225,39,247,39,247,59,225,59,瑍
﻿225,59,247,59,247,80,225,80,不
﻿225,80,247,80,247,100,225,100,許
﻿225,100,247,100,247,121,225,121,武
﻿225,121,247,121,247,141,225,141,林
﻿225,141,247,141,247,162,225,162,侯
﻿225,162,247,162,247,183,225,183,諮
﻿225,183,247,183,247,203,225,203,趣
﻿225,203,247,203,247,224,225,224,之
﻿225,224,247,224,247,244,225,244,子
﻿225,244,247,244,247,265,225,265,䧺
﻿225,265,247,265,247,285,225,285,等
﻿225,285,247,285,247,306,225,306,到
﻿225,306,247,306,247,327,225,327,合
﻿225,327,247,327,247,347,225,347,浦
﻿225,347,247,347,247,368,225,368,死
﻿225,368,247,368,247,388,225,388,者
﻿225,388,247,388,247,409,225,409,十
﻿225,409,247,409,247,430,225,430,六
﻿192,39,215,39,215,59,192,59,七
﻿192,59,215,59,215,79,192,79,眾
﻿192,79,215,79,215,100,192,100,潰
﻿192,100,215,100,215,120,192,120,而
﻿192,120,215,120,215,141,192,141,歸
﻿192,141,215,141,215,161,192,161,諮
﻿192,161,215,161,215,182,192,182,誣
﻿192,182,215,182,215,202,192,202,奏
﻿192,202,215,202,215,223,192,223,冏
﻿192,223,215,223,215,243,192,243,及
﻿192,243,215,243,215,264,192,264,子
﻿192,264,215,264,215,284,192,284,䧺
﻿192,284,215,284,215,305,192,305,追
﻿192,305,215,305,215,325,192,325,遛
﻿192,325,215,325,215,346,192,346,皆
﻿192,346,215,346,215,366,192,366,賜
﻿192,366,215,366,215,387,192,387,死
﻿163,40,183,40,183,60,163,60,癸
﻿163,60,183,60,183,80,163,80,亥
﻿163,80,183,80,183,100,163,100,三
﻿163,100,183,100,183,121,163,121,年
﻿174,123,186,123,186,141,174,141,梁
﻿174,141,186,141,186,159,174,159,大
﻿174,159,186,159,186,178,174,178,同
﻿160,124,173,124,173,142,160,142,九
﻿160,142,173,142,173,160,160,160,年
﻿162,181,185,181,185,201,162,201,夏
﻿162,201,185,201,185,222,162,222,四
﻿162,222,185,222,185,243,162,243,月
﻿162,243,185,243,185,264,162,264,林
﻿162,264,185,264,185,285,162,285,邑
﻿162,285,185,285,185,306,162,306,王
﻿162,306,185,306,185,326,162,326,寇
﻿162,326,185,326,185,347,162,347,日
﻿162,347,185,347,185,368,162,368,南
﻿162,368,185,368,185,389,162,389,帝
﻿162,389,185,389,185,410,162,410,命
﻿162,410,185,410,185,431,162,431,其
﻿131,39,154,39,154,59,131,59,將
﻿131,59,154,59,154,79,131,79,范
﻿131,79,154,79,154,100,131,100,脩
﻿131,100,154,100,154,120,131,120,擊
﻿131,120,154,120,154,140,131,140,破
﻿131,140,154,140,154,161,131,161,之
﻿131,161,154,161,154,181,131,181,于
﻿131,181,154,181,154,201,131,201,九
﻿131,201,154,201,154,222,131,222,德
﻿102,41,126,41,126,61,102,61,甲
﻿102,61,126,61,126,81,102,81,子
﻿102,81,126,81,126,101,102,101,天
﻿102,101,126,101,126,121,102,121,德
﻿102,121,126,121,126,141,102,141,元
﻿102,141,126,141,126,162,102,162,年
﻿112,164,126,164,126,183,112,183,梁
﻿112,183,126,183,126,202,112,202,大
﻿112,202,126,202,126,221,112,221,同
﻿98,164,111,164,111,183,98,183,十
﻿98,183,111,183,111,203,98,203,年
﻿101,222,125,222,125,243,101,243,春
﻿101,243,125,243,125,264,101,264,正
﻿101,264,125,264,125,285,101,285,月
﻿101,285,125,285,125,306,101,306,帝
﻿101,306,125,306,125,327,101,327,因
﻿101,327,125,327,125,348,101,348,勝
﻿101,348,125,348,125,369,101,369,敵
﻿101,369,125,369,125,390,101,390,自
﻿101,390,125,390,125,411,101,411,稱
﻿101,411,125,411,125,432,101,432,南
﻿69,39,94,39,94,59,69,59,越
﻿69,59,94,59,94,79,69,79,帝
﻿69,79,94,79,94,100,69,100,即
﻿69,100,94,100,94,120,69,120,位
﻿69,120,94,120,94,141,69,141,建
﻿69,141,94,141,94,161,69,161,元
﻿69,161,94,161,94,182,69,182,置
﻿69,182,94,182,94,202,69,202,百
﻿69,202,94,202,94,223,69,223,官
﻿69,223,94,223,94,243,69,243,建
﻿69,243,94,243,94,264,69,264,國
﻿69,264,94,264,94,284,69,284,號
﻿69,284,94,284,94,305,69,305,曰
﻿69,305,94,305,94,325,69,325,萬
﻿69,325,94,325,94,346,69,346,春
﻿69,346,94,346,94,366,69,366,望
﻿69,366,94,366,94,387,69,387,社
﻿69,387,94,387,94,407,69,407,稷
﻿69,407,94,407,94,428,69,428,至
﻿40,39,64,39,64,59,40,59,萬
﻿40,59,64,59,64,80,40,80,世
﻿40,80,64,80,64,101,40,101,也
﻿40,101,64,101,64,121,40,121,起
﻿40,121,64,121,64,142,40,142,萬
﻿40,142,64,142,64,163,40,163,壽
﻿40,163,64,163,64,183,40,183,殿
﻿40,183,64,183,64,204,40,204,以
﻿40,204,64,204,64,225,40,225,爲
﻿40,225,64,225,64,245,40,245,朝
﻿40,245,64,245,64,266,40,266,會
﻿40,266,64,266,64,287,40,287,之
﻿40,287,64,287,64,307,40,307,所
﻿40,307,64,307,64,328,40,328,以
﻿40,328,64,328,64,349,40,349,趙
﻿40,349,64,349,64,369,40,369,肅
﻿40,369,64,369,64,390,40,390,爲
﻿40,390,64,390,64,411,40,411,太
﻿40,411,64,411,64,432,40,432,傅
﻿11,39,33,39,33,59,11,59,并
﻿11,59,33,59,33,80,11,80,韶
﻿11,80,33,80,33,100,11,100,范
﻿11,100,33,100,33,121,11,121,脩
﻿11,121,33,121,33,142,11,142,等
﻿11,142,33,142,33,162,11,162,並
﻿11,162,33,162,33,183,11,183,拜
﻿11,183,33,183,33,203,11,203,將
﻿11,203,33,203,33,224,11,224,相
﻿11,224,33,224,33,245,11,245,官
