259,30,279,30,279,51,259,51,功
﻿259,51,279,51,279,72,259,72,臣
﻿259,72,279,72,279,93,259,93,上
﻿259,93,279,93,279,114,259,114,相
﻿259,114,279,114,279,135,259,135,明
﻿259,135,279,135,279,157,259,157,康
﻿259,157,279,157,279,178,259,178,仁
﻿259,178,279,178,279,199,259,199,智
﻿259,199,279,199,279,220,259,220,武
﻿259,220,279,220,279,241,259,241,貞
﻿259,241,279,241,279,262,259,262,䧺
﻿259,262,279,262,279,284,259,284,畧
﻿259,284,279,284,279,305,259,305,太
﻿259,305,279,305,279,326,259,326,王
﻿259,326,279,326,279,347,259,347,尚
﻿259,347,279,347,279,368,259,368,其
﻿259,368,279,368,279,389,259,389,祇
﻿259,389,279,389,279,411,259,411,受
﻿228,30,254,30,254,51,228,51,顯
﻿228,51,254,51,254,72,228,72,褒
﻿228,72,254,72,254,93,228,93,勉
﻿228,93,254,93,254,114,228,114,圖
﻿228,114,254,114,254,135,228,135,篤
﻿228,135,254,135,254,157,228,157,弼
﻿228,157,254,157,254,178,228,178,惟
﻿228,178,254,178,254,199,228,199,久
﻿228,199,254,199,254,220,228,220,大
﻿228,220,254,220,254,241,228,241,永
﻿228,241,254,241,254,262,228,262,扶
﻿228,262,254,262,254,284,228,284,於
﻿228,284,254,284,254,305,228,305,國
﻿228,305,254,305,254,326,228,326,祚
﻿228,326,254,326,254,347,228,347,斯
﻿228,347,254,347,254,368,228,368,寵
﻿228,368,254,368,254,389,228,389,榮
﻿228,389,254,389,254,411,228,411,不
﻿200,29,226,29,226,50,200,50,賛
﻿200,50,226,50,226,72,200,72,於
﻿200,72,226,72,226,94,200,94,雲
﻿200,94,226,94,226,115,200,115,仍
﻿200,115,226,115,226,137,200,137,欽
﻿200,137,226,137,226,159,200,159,㢤
﻿168,31,192,31,192,52,168,52,命
﻿168,52,192,52,192,73,168,73,阮
﻿168,73,192,73,192,94,168,94,茂
﻿168,94,192,94,192,115,168,115,宣
﻿168,115,192,115,192,136,168,136,等
﻿168,136,192,136,192,157,168,157,賫
﻿168,157,192,157,192,178,168,178,勑
﻿168,178,192,178,192,199,168,199,追
﻿168,199,192,199,192,220,168,220,贈
﻿168,220,192,220,192,241,168,241,加
﻿168,241,192,241,192,262,168,262,封
﻿168,262,192,262,192,283,168,283,太
﻿168,283,192,283,192,304,168,304,宰
﻿168,304,192,304,192,325,168,325,太
﻿168,325,192,325,192,346,168,346,師
﻿168,346,192,346,192,367,168,367,興
﻿168,367,192,367,192,388,168,388,國
﻿168,388,192,388,192,409,168,409,公
﻿138,30,161,30,161,51,138,51,阮
﻿138,51,161,51,161,72,138,72,金
﻿138,72,161,72,161,94,138,94,為
﻿138,94,161,94,161,115,138,115,昭
﻿138,115,161,115,161,137,138,137,勳
﻿138,137,161,137,161,158,138,158,輔
﻿138,158,161,158,161,180,138,180,哲
﻿138,180,161,180,161,201,138,201,靖
﻿138,201,161,201,161,223,138,223,公
﻿104,30,130,30,130,52,104,52,四
﻿104,52,130,52,130,74,104,74,月
﻿104,74,130,74,130,96,104,96,己
﻿104,96,130,96,130,119,104,119,酉
﻿104,119,130,119,130,141,104,141,朔
﻿104,141,130,141,130,163,104,163,日
﻿104,163,130,163,130,186,104,186,蝕
﻿104,186,130,186,130,208,104,208,天
﻿104,208,130,208,130,230,104,230,雨
﻿104,230,130,230,130,252,104,252,大
﻿104,252,130,252,130,275,104,275,旱
﻿104,275,130,275,130,297,104,297,二
﻿104,297,130,297,130,319,104,319,十
﻿104,319,130,319,130,342,104,342,八
﻿104,342,130,342,130,364,104,364,日
﻿104,364,130,364,130,386,104,386,右
﻿104,386,130,386,130,409,104,409,相
﻿74,26,98,26,98,47,74,47,黄
﻿74,47,98,47,98,68,74,68,廷
﻿74,68,98,68,98,90,74,90,爱
﻿74,90,98,90,98,111,74,111,領
﻿74,111,98,111,98,132,74,132,兵
﻿74,132,98,132,98,154,74,154,攻
﻿74,154,98,154,98,175,74,175,破
﻿74,175,98,175,98,196,74,196,右
﻿74,196,98,196,98,218,74,218,𨻫
﻿74,218,98,218,98,239,74,239,斬
﻿74,239,98,239,98,260,74,260,󰱐
﻿74,260,98,260,98,282,74,282,偽
﻿74,282,98,282,98,303,74,303,福
﻿74,303,98,303,98,324,74,324,郡
﻿74,324,98,324,98,346,74,346,公
﻿74,346,98,346,98,367,74,367,傳
﻿74,367,98,367,98,388,74,388,首
﻿74,388,98,388,98,410,74,410,詣
﻿46,27,68,27,68,51,46,51,京
﻿46,51,68,51,68,75,46,75,師
﻿11,27,36,27,36,48,11,48,太
﻿11,48,36,48,36,69,11,69,原
﻿11,69,36,69,36,90,11,90,降
﻿11,90,36,90,36,111,11,111,将
﻿11,111,36,111,36,132,11,132,迪
﻿11,132,36,132,36,153,11,153,義
﻿11,153,36,153,36,174,11,174,營
﻿11,174,36,174,36,195,11,195,廉
﻿11,195,36,195,36,216,11,216,郡
﻿11,216,36,216,36,238,11,238,公
﻿23,240,37,240,37,261,23,261,缺
﻿11,240,22,240,22,261,11,261,名
﻿10,263,37,263,37,283,10,283,擒
﻿10,283,37,283,37,304,10,304,󰱐
﻿10,304,37,304,37,324,10,324,莫
﻿10,324,37,324,37,345,10,345,偽
﻿10,345,37,345,37,365,10,365,宏
﻿10,365,37,365,37,386,10,386,羙
﻿10,386,37,386,37,407,10,407,公
