262,13,289,13,289,33,262,33,瑞
﻿262,33,289,33,289,54,262,54,亦
﻿262,54,289,54,289,75,262,75,以
﻿262,75,289,75,289,96,262,96,是
﻿262,96,289,96,289,117,262,117,日
﻿262,117,289,117,289,138,262,138,薨
﻿262,138,289,138,289,158,262,158,法
﻿262,158,289,158,289,179,262,179,螺
﻿262,179,289,179,289,200,262,200,燒
﻿262,200,289,200,289,221,262,221,得
﻿262,221,289,221,289,242,262,242,舍
﻿262,242,289,242,289,263,262,263,利
﻿262,263,289,263,289,283,262,283,三
﻿262,283,289,283,289,304,262,304,千
﻿262,304,289,304,289,325,262,325,餘
﻿262,325,289,325,289,346,262,346,粒
﻿262,346,289,346,289,367,262,367,奉
﻿262,367,289,367,289,388,262,388,至
﻿262,388,289,388,289,409,262,409,京
﻿231,16,259,16,259,36,231,36,師
﻿231,36,259,36,259,57,231,57,資
﻿231,57,259,57,259,78,231,78,福
﻿231,78,259,78,259,98,231,98,寺
﻿231,98,259,98,259,119,231,119,帝
﻿231,119,259,119,259,140,231,140,疑
﻿231,140,259,140,259,160,231,160,之
﻿231,160,259,160,259,181,231,181,群
﻿231,181,259,181,259,202,231,202,臣
﻿231,202,259,202,259,222,231,222,多
﻿231,222,259,222,259,243,231,243,請
﻿231,243,259,243,259,264,231,264,罪
﻿231,264,259,264,259,284,231,284,法
﻿231,284,259,284,259,305,231,305,螺
﻿231,305,259,305,259,326,231,326,皇
﻿231,326,259,326,259,346,231,346,太
﻿231,346,259,346,259,367,231,367,子
﻿231,367,259,367,259,388,231,388,奣
﻿231,388,259,388,259,409,231,409,年
﻿202,14,227,14,227,34,202,34,九
﻿202,34,227,34,227,55,202,55,嵗
﻿202,55,227,55,227,76,202,76,侍
﻿202,76,227,76,227,96,202,96,側
﻿202,96,227,96,227,117,202,117,懷
﻿202,117,227,117,227,138,202,138,忠
﻿202,138,227,138,227,159,202,159,忽
﻿202,159,227,159,227,179,202,179,有
﻿202,179,227,179,227,200,202,200,舍
﻿202,200,227,200,227,221,202,221,利
﻿202,221,227,221,227,242,202,242,數
﻿202,242,227,242,227,262,202,262,粒
﻿202,262,227,262,227,283,202,283,出
﻿202,283,227,283,227,304,202,304,以
﻿202,304,227,304,227,325,202,325,示
﻿202,325,227,325,227,345,202,345,之
﻿202,345,227,345,227,366,202,366,檢
﻿202,366,227,366,227,387,202,387,匣
﻿202,387,227,387,227,408,202,408,内
﻿172,15,195,15,195,35,172,35,已
﻿172,35,195,35,195,55,172,55,有
﻿172,55,195,55,195,76,172,76,缺
﻿172,76,195,76,195,96,172,96,數
﻿172,96,195,96,195,117,172,117,帝
﻿172,117,195,117,195,137,172,137,感
﻿172,137,195,137,195,157,172,157,泣
﻿172,157,195,157,195,178,172,178,意
﻿172,178,195,178,195,198,172,198,乃
﻿172,198,195,198,195,219,172,219,解
﻿138,29,162,29,162,49,138,49,史
﻿138,49,162,49,162,70,138,70,臣
﻿138,70,162,70,162,91,138,91,吳
﻿138,91,162,91,162,112,138,112,士
﻿138,112,162,112,162,133,138,133,連
﻿138,133,162,133,162,154,138,154,曰
﻿138,154,162,154,162,175,138,175,仁
﻿138,175,162,175,162,196,138,196,宗
﻿138,196,162,196,162,217,138,217,上
﻿138,217,162,217,162,238,138,238,奉
﻿138,238,162,238,162,259,138,259,慈
﻿138,259,162,259,162,280,138,280,宫
﻿138,280,162,280,162,301,138,301,有
﻿138,301,162,301,162,322,138,322,光
﻿138,322,162,322,162,343,138,343,孝
﻿138,343,162,343,162,364,138,364,道
﻿138,364,162,364,162,385,138,385,下
﻿138,385,162,385,162,406,138,406,任
﻿107,29,132,29,132,49,107,49,賢
﻿107,49,132,49,132,70,107,70,輔
﻿107,70,132,70,132,91,107,91,克
﻿107,91,132,91,132,112,107,112,定
﻿107,112,132,112,132,133,107,133,武
﻿107,133,132,133,132,154,107,154,功
﻿107,154,132,154,132,175,107,175,非
﻿107,175,132,175,132,196,107,196,有
﻿107,196,132,196,132,217,107,217,仁
﻿107,217,132,217,132,238,107,238,明
﻿107,238,132,238,132,259,107,259,英
﻿107,259,132,259,132,280,107,280,武
﻿107,280,132,280,132,301,107,301,之
﻿107,301,132,301,132,322,107,322,資
﻿107,322,132,322,132,343,107,343,䏻
﻿107,343,132,343,132,364,107,364,如
﻿107,364,132,364,132,385,107,385,是
﻿107,385,132,385,132,406,107,406,乎
﻿76,31,101,31,101,51,76,51,獨
﻿76,51,101,51,101,72,76,72,出
﻿76,72,101,72,101,93,76,93,家
﻿76,93,101,93,101,114,76,114,一
﻿76,114,101,114,101,134,76,134,事
﻿76,134,101,134,101,155,76,155,不
﻿76,155,101,155,101,176,76,176,合
﻿76,176,101,176,101,197,76,197,中
﻿76,197,101,197,101,217,76,217,庸
﻿76,217,101,217,101,238,76,238,之
﻿76,238,101,238,101,259,76,259,道
﻿76,259,101,259,101,280,76,280,賢
﻿76,280,101,280,101,300,76,300,者
﻿76,300,101,300,101,321,76,321,過
﻿76,321,101,321,101,342,76,342,之
﻿76,342,101,342,101,363,76,363,也
﻿44,14,70,14,70,37,44,37,元
﻿44,37,70,37,70,60,44,60,使
﻿44,60,70,60,70,83,44,83,尚
﻿44,83,70,83,70,106,44,106,書
﻿44,106,70,106,70,129,44,129,安
﻿44,129,70,129,70,153,44,153,魯
﻿44,153,70,153,70,176,44,176,威
﻿44,176,70,176,70,199,44,199,來
﻿44,199,70,199,70,222,44,222,吿
﻿44,222,70,222,70,245,44,245,武
﻿44,245,70,245,70,268,44,268,宗
﻿44,268,70,268,70,292,44,292,即
﻿44,292,70,292,70,315,44,315,位
﻿44,315,70,315,70,338,44,338,帝
﻿44,338,70,338,70,361,44,361,遣
﻿44,361,70,361,70,384,44,384,莫
﻿44,384,70,384,70,408,44,408,挺
﻿15,12,38,12,38,32,15,32,之
﻿15,32,38,32,38,53,15,53,如
﻿15,53,38,53,38,74,15,74,元
﻿15,74,38,74,38,94,15,94,挺
﻿15,94,38,94,38,115,15,115,之
﻿15,115,38,115,38,136,15,136,卑
﻿15,136,38,136,38,157,15,157,小
﻿15,157,38,157,38,177,15,177,元
﻿15,177,38,177,38,198,15,198,人
﻿15,198,38,198,38,219,15,219,鄙
﻿15,219,38,219,38,240,15,240,之
﻿15,240,38,240,38,260,15,260,一
﻿15,260,38,260,38,281,15,281,日
﻿15,281,38,281,38,302,15,302,宰
﻿15,302,38,302,38,323,15,323,臣
﻿15,323,38,323,38,343,15,343,召
﻿15,343,38,343,38,364,15,364,入
﻿15,364,38,364,38,385,15,385,府
﻿15,385,38,385,38,406,15,406,與
