238,12,262,12,262,33,238,33,飲
﻿238,33,262,33,262,55,238,55,寬
﻿238,55,262,55,262,77,238,77,以
﻿238,77,262,77,262,99,238,99,計
﻿238,99,262,99,262,120,238,120,詐
﻿238,120,262,120,262,142,238,142,飲
﻿238,142,262,142,262,164,238,164,盡
﻿238,164,262,164,262,186,238,186,百
﻿238,186,262,186,262,208,238,208,升
﻿238,208,262,208,262,229,238,229,賞
﻿238,229,262,229,262,251,238,251,爵
﻿238,251,262,251,262,273,238,273,二
﻿238,273,262,273,262,295,238,295,資
﻿238,295,262,295,262,316,238,316,五
﻿238,316,262,316,262,338,238,338,月
﻿238,338,262,338,262,360,238,360,帝
﻿238,360,262,360,262,382,238,382,迎
﻿238,382,262,382,262,404,238,404,風
﻿209,12,233,12,233,32,209,32,翫
﻿209,32,233,32,233,53,209,53,月
﻿209,53,233,53,233,74,209,74,飲
﻿209,74,233,74,233,94,209,94,酒
﻿209,94,233,94,233,115,209,115,大
﻿209,115,233,115,233,136,209,136,醉
﻿209,136,233,136,233,156,209,156,親
﻿209,156,233,156,233,177,209,177,浴
﻿209,177,233,177,233,198,209,198,于
﻿209,198,233,198,233,218,209,218,江
﻿209,218,233,218,233,239,209,239,因
﻿209,239,233,239,233,260,209,260,此
﻿209,260,233,260,233,280,209,280,致
﻿209,280,233,280,233,301,209,301,疾
﻿209,301,233,301,233,322,209,322,令
﻿209,322,233,322,233,342,209,342,藥
﻿209,342,233,342,233,363,209,363,官
﻿209,363,233,363,233,384,209,384,鄒
﻿209,384,233,384,233,405,209,405,庚
﻿179,11,203,11,203,34,179,34,等
﻿179,34,203,34,203,57,179,57,日
﻿179,57,203,57,203,80,179,80,夜
﻿179,80,203,80,203,103,179,103,輪
﻿179,103,203,103,203,126,179,126,直
﻿179,126,203,126,203,149,179,149,侍
﻿179,149,203,149,203,172,179,172,湯
﻿179,172,203,172,203,195,179,195,藥
﻿179,195,203,195,203,219,179,219,秋
﻿179,219,203,219,203,242,179,242,七
﻿179,242,203,242,203,265,179,265,月
﻿179,265,203,265,203,288,179,288,疾
﻿179,288,203,288,203,311,179,311,愈
﻿179,311,203,311,203,334,179,334,八
﻿179,334,203,334,203,357,179,357,月
﻿179,357,203,357,203,380,179,380,選
﻿179,380,203,380,203,404,179,404,天
﻿148,12,173,12,173,33,148,33,下
﻿148,33,173,33,173,55,148,55,黄
﻿148,55,173,55,173,77,148,77,男
﻿148,77,173,77,173,99,148,99,定
﻿148,99,173,99,173,121,148,121,三
﻿148,121,173,121,173,143,148,143,等
﻿148,143,173,143,173,164,148,164,軍
﻿148,164,173,164,173,186,148,186,伍
﻿148,186,173,186,173,208,148,208,修
﻿148,208,173,208,173,230,148,230,戰
﻿148,230,173,230,173,252,148,252,船
﻿148,252,173,252,173,274,148,274,戰
﻿148,274,173,274,173,295,148,295,噐
﻿148,295,173,295,173,317,148,317,以
﻿148,317,173,317,173,339,148,339,防
﻿148,339,173,339,173,361,148,361,邊
﻿148,361,173,361,173,383,148,383,事
﻿148,383,173,383,173,405,148,405,冬
﻿119,11,142,11,142,32,119,32,十
﻿119,32,142,32,142,53,119,53,月
﻿119,53,142,53,142,74,119,74,恭
﻿119,74,142,74,142,95,119,95,肃
﻿119,95,142,95,142,116,119,116,王
﻿119,116,142,116,142,137,119,137,元
﻿119,137,142,137,142,158,119,158,昱
﻿119,158,142,158,142,180,119,180,卒
﻿88,12,112,12,112,32,88,32,乙
﻿88,32,112,32,112,53,88,53,巳
﻿88,53,112,53,112,74,88,74,八
﻿88,74,112,74,112,95,88,95,年
﻿100,98,116,98,116,116,100,116,元
﻿100,116,116,116,116,135,100,135,至
﻿100,135,116,135,116,153,100,153,正
﻿100,153,116,153,116,172,100,172,二
﻿87,97,99,97,99,117,87,117,十
﻿87,117,99,117,99,138,87,138,五
﻿87,138,99,138,99,159,87,159,年
﻿87,176,112,176,112,195,87,195,春
﻿87,195,112,195,112,214,87,214,正
﻿87,214,112,214,112,233,87,233,月
﻿87,233,112,233,112,252,87,252,占
﻿87,252,112,252,112,271,87,271,?
﻿87,271,112,271,112,291,87,291,人
﻿87,291,112,291,112,310,87,310,掠
﻿87,310,112,310,112,329,87,329,化
﻿87,329,112,329,112,348,87,348,州
﻿87,348,112,348,112,367,87,367,春
﻿87,367,112,367,112,386,87,386,遊
﻿87,386,112,386,112,406,87,406,民
﻿56,11,83,11,83,32,56,32,先
﻿56,32,83,32,83,54,56,54,是
﻿56,54,83,54,83,76,56,76,化
﻿56,76,83,76,83,97,56,97,州
﻿56,97,83,97,83,119,56,119,俗
﻿56,119,83,119,83,141,56,141,每
﻿56,141,83,141,83,162,56,162,年
﻿56,162,83,162,83,184,56,184,春
﻿56,184,83,184,83,206,56,206,正
﻿56,206,83,206,83,227,56,227,月
﻿56,227,83,227,83,249,56,249,會
﻿56,249,83,249,83,271,56,271,士
﻿56,271,83,271,83,292,56,292,女
﻿56,292,83,292,83,314,56,314,鞦
﻿56,314,83,314,83,336,56,336,韆
﻿56,336,83,336,83,357,56,357,於
﻿56,357,83,357,83,379,56,379,󰜏
﻿56,379,83,379,83,401,56,401,陽
﻿28,12,52,12,52,32,28,32,占
﻿28,32,52,32,52,53,28,53,人
﻿28,53,52,53,52,74,28,74,於
﻿28,74,52,74,52,94,28,94,前
﻿28,94,52,94,52,115,28,115,年
﻿28,115,52,115,52,136,28,136,十
﻿28,136,52,136,52,157,28,157,二
﻿28,157,52,157,52,177,28,177,月
﻿28,177,52,177,52,198,28,198,潜
﻿28,198,52,198,52,219,28,219,伏
﻿28,219,52,219,52,240,28,240,化
﻿28,240,52,240,52,260,28,260,州
﻿28,260,52,260,52,281,28,281,源
﻿28,281,52,281,52,302,28,302,頭
﻿28,302,52,302,52,323,28,323,至
﻿28,323,52,323,52,343,28,343,是
﻿28,343,52,343,52,364,28,364,奄
﻿28,364,52,364,52,385,28,385,至
﻿28,385,52,385,52,406,28,406,擄
﻿2,12,23,12,23,33,2,33,掠
﻿2,33,23,33,23,55,2,55,人
﻿2,55,23,55,23,77,2,77,口
﻿2,77,23,77,23,99,2,99,以
﻿2,99,23,99,23,120,2,120,歸
﻿2,120,23,120,23,142,2,142,冬
﻿2,142,23,142,23,164,2,164,十
﻿2,164,23,164,23,186,2,186,一
﻿2,186,23,186,23,208,2,208,月
﻿2,208,23,208,23,229,2,229,詔
﻿2,229,23,229,23,251,2,251,諒
﻿2,251,23,251,23,273,2,273,江
﻿2,273,23,273,23,295,2,295,山
﻿2,295,23,295,23,316,2,316,僚
﻿2,316,23,316,23,338,2,338,等
﻿2,338,23,338,23,360,2,360,軍
﻿2,360,23,360,23,382,2,382,鎮
﻿2,382,23,382,23,404,2,404,守
