250,61,275,61,275,81,250,81,惠
﻿250,81,275,81,275,102,250,102,宗
﻿250,102,275,102,275,122,250,122,以
﻿250,122,275,122,275,143,250,143,酒
﻿250,143,275,143,275,163,250,163,色
﻿250,163,275,163,275,184,250,184,自
﻿250,184,275,184,275,204,250,204,娛
﻿250,204,275,204,275,225,250,225,帝
﻿250,225,275,225,275,245,250,245,王
﻿250,245,275,245,275,266,250,266,脩
﻿250,266,275,266,275,286,250,286,齊
﻿250,286,275,286,275,307,250,307,治
﻿250,307,275,307,275,327,250,327,平
﻿250,327,275,327,275,348,250,348,之
﻿250,348,275,348,275,368,250,368,道
﻿250,368,275,368,275,389,250,389,果
﻿250,389,275,389,275,409,250,409,如
﻿250,409,275,409,275,430,250,430,是
﻿221,61,248,61,248,81,221,81,乎
﻿221,81,248,81,248,102,221,102,在
﻿221,102,248,102,248,122,221,122,朝
﻿221,122,248,122,248,143,221,143,之
﻿221,143,248,143,248,163,221,163,臣
﻿221,163,248,163,248,184,221,184,則
﻿221,184,248,184,248,204,221,204,有
﻿221,204,248,204,248,225,221,225,李
﻿221,225,248,225,248,246,221,246,道
﻿221,246,248,246,248,266,221,266,成
﻿221,266,248,266,248,287,221,287,之
﻿221,287,248,287,248,307,221,307,托
﻿221,307,248,307,248,328,221,328,孤
﻿221,328,248,328,248,348,221,348,蘇
﻿221,348,248,348,248,369,221,369,憲
﻿221,369,248,369,248,389,221,389,誠
﻿221,389,248,389,248,410,221,410,之
﻿221,410,248,410,248,431,221,431,輔
﻿192,59,219,59,219,79,192,79,政
﻿192,79,219,79,219,100,192,100,彷
﻿192,100,219,100,219,121,192,121,彿
﻿192,121,219,121,219,141,192,141,乎
﻿192,141,219,141,219,162,192,162,伊
﻿192,162,219,162,219,183,192,183,尹
﻿192,183,219,183,219,203,192,203,周
﻿192,203,219,203,219,224,192,224,公
﻿192,224,219,224,219,245,192,245,之
﻿192,245,219,245,219,265,192,265,忠
﻿192,265,219,265,219,286,192,286,爱
﻿192,286,219,286,219,307,192,307,固
﻿192,307,219,307,219,327,192,327,可
﻿192,327,219,327,219,348,192,348,嘉
﻿192,348,219,348,219,369,192,369,矣
﻿192,369,219,369,219,389,192,389,至
﻿192,389,219,389,219,410,192,410,於
﻿192,410,219,410,219,431,192,431,陶
﻿162,57,189,57,189,77,162,77,甘
﻿162,77,189,77,189,98,162,98,沐
﻿162,98,189,98,189,119,162,119,陶
﻿162,119,189,119,189,140,162,140,碩
﻿162,140,189,140,189,160,162,160,輔
﻿162,160,189,160,189,181,162,181,梁
﻿162,181,189,181,189,202,162,202,任
﻿162,202,189,202,189,223,162,223,文
﻿162,223,189,223,189,244,162,244,陶
﻿162,244,189,244,189,264,162,264,處
﻿162,264,189,264,189,285,162,285,中
﻿162,285,189,285,189,306,162,306,李
﻿162,306,189,306,189,327,162,327,道
﻿162,327,189,327,189,347,162,347,紀
﻿162,347,189,347,189,368,162,368,廖
﻿162,368,189,368,189,389,162,389,嘉
﻿162,389,189,389,189,410,162,410,貞
﻿162,410,189,410,189,431,162,431,金
﻿133,61,157,61,157,81,133,81,英
﻿133,81,157,81,157,102,133,102,傑
﻿133,102,157,102,157,123,133,123,曹
﻿133,123,157,123,157,143,133,143,良
﻿133,143,157,143,157,164,133,164,翰
﻿133,164,157,164,157,185,133,185,楊
﻿133,185,157,185,157,205,133,205,景
﻿133,205,157,205,157,226,133,226,通
﻿133,226,157,226,157,247,133,247,魏
﻿133,247,157,247,157,267,133,267,仲
﻿133,267,157,267,157,288,133,288,弘
﻿133,288,157,288,157,309,133,309,刘
﻿133,309,157,309,157,329,133,329,禹
﻿133,329,157,329,157,350,133,350,儞
﻿133,350,157,350,157,371,133,371,李
﻿133,371,157,371,157,391,133,391,公
﻿133,391,157,391,157,412,133,412,平
﻿133,412,157,412,157,433,133,433,黄
﻿104,60,129,60,129,80,104,80,義
﻿104,80,129,80,129,101,104,101,賢
﻿104,101,129,101,129,122,104,122,李
﻿104,122,129,122,129,142,104,142,敬
﻿104,142,129,142,129,163,104,163,脩
﻿104,163,129,163,129,184,104,184,之
﻿104,184,129,184,129,204,104,204,諸
﻿104,204,129,204,129,225,104,225,彦
﻿104,225,129,225,129,246,104,246,不
﻿104,246,129,246,129,266,104,266,䏻
﻿104,266,129,266,129,287,104,287,正
﻿104,287,129,287,129,308,104,308,其
﻿104,308,129,308,129,328,104,328,君
﻿104,328,129,328,129,349,104,349,以
﻿104,349,129,349,129,370,104,370,成
﻿104,370,129,370,129,390,104,390,俗
﻿104,390,129,390,129,411,104,411,宜
﻿104,411,129,411,129,432,104,432,其
﻿75,61,99,61,99,81,75,81,治
﻿75,81,99,81,99,102,75,102,之
﻿75,102,99,102,99,122,75,122,不
﻿75,122,99,122,99,143,75,143,古
﻿75,143,99,143,99,163,75,163,若
﻿75,163,99,163,99,184,75,184,也
﻿75,184,99,184,99,204,75,204,他
﻿75,204,99,204,99,225,75,225,如
﻿75,225,99,225,99,245,75,245,杜
﻿75,245,99,245,99,266,75,266,英
﻿75,266,99,266,99,286,75,286,武
﻿75,286,99,286,99,307,75,307,之
﻿75,307,99,307,99,327,75,327,驕
﻿75,327,99,327,99,348,75,348,滛
﻿75,348,99,348,99,368,75,368,譚
﻿75,368,99,368,99,389,75,389,以
﻿75,389,99,389,99,409,75,409,𫎇
﻿75,409,99,409,99,430,75,430,之
﻿45,60,73,60,73,80,45,80,暴
﻿45,80,73,80,73,101,45,101,横
﻿45,101,73,101,73,121,45,121,何
﻿45,121,73,121,73,142,45,142,足
﻿45,142,73,142,73,162,45,162,道
﻿45,162,73,162,73,183,45,183,㢤
﻿45,183,73,183,73,203,45,203,陳
﻿45,203,73,203,73,224,45,224,太
﻿45,224,73,224,73,245,45,245,宗
﻿45,245,73,245,73,265,45,265,應
﻿45,265,73,265,73,286,45,286,天
﻿45,286,73,286,73,306,45,306,命
﻿45,306,73,306,73,327,45,327,之
﻿45,327,73,327,73,347,45,347,㱕
﻿45,347,73,347,73,368,45,368,受
﻿45,368,73,368,73,388,45,388,昭
﻿45,388,73,388,73,409,45,409,皇
﻿45,409,73,409,73,430,45,430,之
﻿14,60,40,60,40,80,14,80,樿
﻿14,80,40,80,40,101,14,101,有
﻿14,101,40,101,40,121,14,121,仁
﻿14,121,40,121,40,142,14,142,厚
﻿14,142,40,142,40,162,14,162,之
﻿14,162,40,162,40,183,14,183,德
﻿14,183,40,183,40,203,14,203,有
﻿14,203,40,203,40,224,14,224,簡
﻿14,224,40,224,40,245,14,245,重
﻿14,245,40,245,40,265,14,265,之
﻿14,265,40,265,40,286,14,286,容
﻿14,286,40,286,40,306,14,306,討
﻿14,306,40,306,40,327,14,327,叛
﻿14,327,40,327,40,347,14,347,保
﻿14,347,40,347,40,368,14,368,民
﻿14,368,40,368,40,388,14,388,設
﻿14,388,40,388,40,409,14,409,科
﻿14,409,40,409,40,430,14,430,取
