248,27,262,27,262,49,248,49,缺
﻿236,29,247,29,247,49,236,49,名
﻿234,50,261,50,261,71,234,71,檻
﻿234,71,261,71,261,92,234,92,送
﻿234,92,261,92,261,113,234,113,京
﻿234,113,261,113,261,134,234,134,師
﻿234,134,261,134,261,156,234,156,令
﻿234,156,261,156,261,177,234,177,斬
﻿234,177,261,177,261,198,234,198,之
﻿234,198,261,198,261,219,234,219,于
﻿234,219,261,219,261,240,234,240,草
﻿234,240,261,240,261,262,234,262,津
﻿203,31,229,31,229,51,203,51,五
﻿203,51,229,51,229,72,203,72,月
﻿203,72,229,72,229,92,203,92,差
﻿203,92,229,92,229,113,203,113,太
﻿203,113,229,113,229,133,203,133,傅
﻿203,133,229,133,229,154,203,154,鄭
﻿203,154,229,154,229,174,203,174,杜
﻿203,174,229,174,229,195,203,195,太
﻿203,195,229,195,229,216,203,216,保
﻿203,216,229,216,229,236,203,236,鄭
﻿203,236,229,236,229,257,203,257,檸
﻿203,257,229,257,229,277,203,277,等
﻿203,277,229,277,229,298,203,298,統
﻿203,298,229,298,229,318,203,318,率
﻿203,318,229,318,229,339,203,339,太
﻿203,339,229,339,229,359,203,359,原
﻿203,359,229,359,229,380,203,380,将
﻿203,380,229,380,229,401,203,401,廉
﻿172,28,199,28,199,48,172,48,郡
﻿172,48,199,48,199,69,172,69,公
﻿172,69,199,69,199,89,172,89,向
﻿172,89,199,89,199,110,172,110,導
﻿172,110,199,110,199,131,172,131,攻
﻿172,131,199,131,199,151,172,151,勦
﻿172,151,199,151,199,172,172,172,太
﻿172,172,199,172,199,192,172,192,原
﻿172,192,199,192,199,213,172,213,破
﻿172,213,199,213,199,234,172,234,偽
﻿172,234,199,234,199,254,172,254,永
﻿172,254,199,254,199,275,172,275,郡
﻿172,275,199,275,199,295,172,295,公
﻿172,295,199,295,199,316,172,316,缺
﻿172,316,199,316,199,337,172,337,名
﻿172,337,199,337,199,357,172,357,營
﻿172,357,199,357,199,378,172,378,永
﻿172,378,199,378,199,399,172,399,郡
﻿144,26,168,26,168,47,144,47,公
﻿144,47,168,47,168,68,144,68,率
﻿144,68,168,68,168,89,144,89,餘
﻿144,89,168,89,168,110,144,110,黨
﻿144,110,168,110,168,131,144,131,奔
﻿144,131,168,131,168,153,144,153,武
﻿113,25,137,25,137,45,113,45,崖
﻿113,45,137,45,137,66,113,66,十
﻿113,66,137,66,137,87,113,87,一
﻿113,87,137,87,137,108,113,108,日
﻿113,108,137,108,137,129,113,129,莫
﻿113,129,137,129,137,150,113,150,敬
﻿113,150,137,150,137,171,113,171,恭
﻿113,171,137,171,137,192,113,192,以
﻿113,192,137,192,137,213,113,213,莫
﻿113,213,137,213,137,233,113,233,玉
﻿113,233,137,233,137,254,113,254,󱗲
﻿113,254,137,254,137,275,113,275,為
﻿113,275,137,275,137,296,113,296,太
﻿113,296,137,296,137,317,113,317,傅
﻿113,317,137,317,137,338,113,338,将
﻿113,338,137,338,137,359,113,359,兵
﻿113,359,137,359,137,380,113,380,㨿
﻿113,380,137,380,137,401,113,401,安
﻿82,26,107,26,107,46,82,46,子
﻿82,46,107,46,107,67,82,67,山
﻿82,67,107,67,107,88,82,88,攻
﻿82,88,107,88,107,109,82,109,掠
﻿82,109,107,109,107,130,82,130,永
﻿82,130,107,130,107,151,82,151,頼
﻿82,151,107,151,107,172,82,172,縣
﻿82,172,107,172,107,193,82,193,所
﻿82,193,107,193,107,214,82,214,至
﻿82,214,107,214,107,234,82,234,民
﻿82,234,107,234,107,255,82,255,多
﻿82,255,107,255,107,276,82,276,㱕
﻿82,276,107,276,107,297,82,297,之
﻿82,297,107,297,107,318,82,318,節
﻿82,318,107,318,107,339,82,339,制
﻿82,339,107,339,107,360,82,360,鄭
﻿82,360,107,360,107,381,82,381,松
﻿82,381,107,381,107,402,82,402,差
﻿52,25,76,25,76,47,52,47,阮
﻿52,47,76,47,76,69,52,69,黄
﻿52,69,76,69,76,91,52,91,率
﻿52,91,76,91,76,113,52,113,水
﻿52,113,76,113,76,135,52,135,軍
﻿52,135,76,135,76,157,52,157,直
﻿52,157,76,157,76,179,52,179,進
﻿52,179,76,179,76,201,52,201,至
﻿52,201,76,201,76,223,52,223,海
﻿52,223,76,223,76,245,52,245,陽
﻿52,245,76,245,76,267,52,267,擊
﻿52,267,76,267,76,289,52,289,大
﻿52,289,76,289,76,311,52,311,破
﻿52,311,76,311,76,333,52,333,之
﻿52,333,76,333,76,355,52,355,玉
﻿52,355,76,355,76,377,52,377,󱗲
﻿52,377,76,377,76,400,52,400,奔
﻿21,28,48,28,48,49,21,49,安
﻿21,49,48,49,48,71,21,71,博
﻿21,71,48,71,48,93,21,93,後
﻿21,93,48,93,48,115,21,115,㨿
﻿21,115,48,115,48,137,21,137,萬
﻿21,137,48,137,48,159,21,159,寕
﻿21,159,48,159,48,181,21,181,州
﻿21,181,48,181,48,203,21,203,是
﻿21,203,48,203,48,225,21,225,月
﻿21,225,48,225,48,247,21,247,金
﻿21,247,48,247,48,269,21,269,星
﻿21,269,48,269,48,291,21,291,行
﻿21,291,48,291,48,313,21,313,失
﻿21,313,48,313,48,335,21,335,度
﻿21,335,48,335,48,357,21,357,旱
﻿21,357,48,357,48,379,21,379,禱
﻿21,379,48,379,48,401,21,401,得
﻿0,28,17,28,17,51,0,51,雨
﻿0,51,17,51,17,74,0,74,莫
﻿0,74,17,74,17,97,0,97,敬
﻿0,97,17,97,17,120,0,120,恭
﻿0,120,17,120,17,143,0,143,及
﻿0,143,17,143,17,167,0,167,其
﻿0,167,17,167,17,190,0,190,偽
﻿0,190,17,190,17,213,0,213,黨
﻿0,213,17,213,17,236,0,236,竄
﻿0,236,17,236,17,259,0,259,居
﻿0,259,17,259,17,283,0,283,明
﻿0,283,17,283,17,306,0,306,龍
﻿0,306,17,306,17,329,0,329,州
﻿0,329,17,329,17,352,0,352,至
﻿0,352,17,352,17,375,0,375,是
﻿0,375,17,375,17,399,0,399,多
