246,49,271,49,271,68,246,68,諸
﻿246,68,271,68,271,88,246,88,臣
﻿246,88,271,88,271,108,246,108,景
﻿246,108,271,108,271,128,246,128,異
﻿246,128,271,128,271,147,246,147,罵
﻿246,147,271,147,271,167,246,167,賊
﻿246,167,271,167,271,187,246,187,欲
﻿246,187,271,187,271,207,246,207,其
﻿246,207,271,207,271,227,246,227,速
﻿246,227,271,227,271,246,246,246,殺
﻿246,246,271,246,271,266,246,266,阮
﻿246,266,271,266,271,286,246,286,表
﻿246,286,271,286,271,306,246,306,數
﻿246,306,271,306,271,325,246,325,賊
﻿246,325,271,325,271,345,246,345,罪
﻿246,345,271,345,271,365,246,365,惡
﻿246,365,271,365,271,385,246,385,以
﻿246,385,271,385,271,405,246,405,?
﻿214,49,240,49,240,68,214,68,皆
﻿214,68,240,68,240,88,214,88,表
﻿214,88,240,88,240,108,214,108,表
﻿214,108,240,108,240,128,214,128,可
﻿214,128,240,128,240,148,214,148,稱
﻿214,148,240,148,240,168,214,168,者
﻿214,168,240,168,240,188,214,188,獨
﻿214,188,240,188,240,208,214,208,胡
﻿214,208,240,208,240,228,214,228,彦
﻿214,228,240,228,240,248,214,248,臣
﻿214,248,240,248,240,268,214,268,奉
﻿214,268,240,268,240,288,214,288,使
﻿214,288,240,288,240,308,214,308,辱
﻿214,308,240,308,240,328,214,328,命
﻿214,328,240,328,240,348,214,348,已
﻿214,348,240,348,240,368,214,368,受
﻿214,368,240,368,240,388,214,388,誅
﻿214,388,240,388,240,408,214,408,?
﻿184,50,210,50,210,69,184,69,潘
﻿184,69,210,69,210,88,184,88,僚
﻿184,88,210,88,210,107,184,107,告
﻿184,107,210,107,210,126,184,126,賊
﻿184,126,210,126,210,146,184,146,以
﻿184,146,210,146,210,165,184,165,國
﻿184,165,210,165,210,184,184,184,之
﻿184,184,210,184,210,203,184,203,彊
﻿184,203,210,203,210,223,184,223,弱
﻿184,223,210,223,210,242,184,242,雖
﻿184,242,210,242,210,261,184,261,免
﻿184,261,210,261,210,280,184,280,死
﻿184,280,210,280,210,300,184,300,於
﻿184,300,210,300,210,319,184,319,一
﻿184,319,210,319,210,338,184,338,時
﻿184,338,210,338,210,357,184,357,而
﻿184,357,210,357,210,377,184,377,我
﻿154,13,179,13,179,33,154,33,太
﻿154,33,179,33,179,54,154,54,祖
﻿154,54,179,54,179,74,154,74,髙
﻿154,74,179,74,179,95,154,95,皇
﻿154,95,179,95,179,116,154,116,帝
﻿154,116,179,116,179,136,154,136,又
﻿154,136,179,136,179,157,154,157,誅
﻿154,157,179,157,179,178,154,178,之
﻿154,178,179,178,179,198,154,198,也
﻿154,198,179,198,179,219,154,219,嗚
﻿154,219,179,219,179,239,154,239,呼
﻿154,239,179,239,179,260,154,260,人
﻿154,260,179,260,179,281,154,281,臣
﻿154,281,179,281,179,301,154,301,之
﻿154,301,179,301,179,322,154,322,忠
﻿154,322,179,322,179,343,154,343,於
﻿154,343,179,343,179,363,154,363,國
﻿154,363,179,363,179,384,154,384,者
﻿154,384,179,384,179,405,154,405,雖
﻿125,52,149,52,149,72,125,72,死
﻿125,72,149,72,149,93,125,93,其
﻿125,93,149,93,149,114,125,114,義
﻿125,114,149,114,149,135,125,135,無
﻿125,135,149,135,149,156,125,156,𠧨
﻿125,156,149,156,149,176,125,176,且
﻿125,176,149,176,149,197,125,197,流
﻿125,197,149,197,149,218,125,218,芳
﻿125,218,149,218,149,239,125,239,於
﻿125,239,149,239,149,260,125,260,無
﻿125,260,149,260,149,281,125,281,窮
﻿125,281,149,281,149,301,125,301,其
﻿125,301,149,301,149,322,125,322,不
﻿125,322,149,322,149,343,125,343,忠
﻿125,343,149,343,149,364,125,364,皆
﻿125,364,149,364,149,385,125,385,國
﻿125,385,149,385,149,406,125,406,者
﻿93,50,121,50,121,71,93,71,不
﻿93,71,121,71,121,92,93,92,免
﻿93,92,121,92,121,113,93,113,於
﻿93,113,121,113,121,134,93,134,死
﻿93,134,121,134,121,155,93,155,又
﻿93,155,121,155,121,176,93,176,遣
﻿93,176,121,176,121,197,93,197,臭
﻿93,197,121,197,121,218,93,218,於
﻿93,218,121,218,121,239,93,239,千
﻿93,239,121,239,121,260,93,260,載
﻿93,260,121,260,121,281,93,281,有
﻿93,281,121,281,121,302,93,302,如
﻿93,302,121,302,121,323,93,323,此
﻿93,323,121,323,121,344,93,344,夫
﻿64,72,89,72,89,93,64,93,属
﻿64,93,89,93,89,114,64,114,明
﻿64,114,89,114,89,135,64,135,紀
﻿37,14,58,14,58,34,37,34,甲
﻿37,34,58,34,58,54,37,54,午
﻿47,56,59,56,59,77,47,77,明
﻿47,77,59,77,59,98,47,98,永
﻿47,98,59,98,59,119,47,119,樂
﻿33,56,46,56,46,77,33,77,十
﻿33,77,46,77,46,98,33,98,二
﻿33,98,46,98,46,119,33,119,年
﻿34,120,61,120,61,140,34,140,春
﻿34,140,61,140,61,161,34,161,正
﻿34,161,61,161,61,181,34,181,月
﻿34,181,61,181,61,202,34,202,明
﻿34,202,61,202,61,222,34,222,張
﻿34,222,61,222,61,243,34,243,輔
﻿34,243,61,243,61,263,34,263,沐
﻿34,263,61,263,61,284,34,284,𣆭
﻿34,284,61,284,61,304,34,304,招
﻿34,304,61,304,61,325,34,325,撫
﻿34,325,61,325,61,345,34,345,新
﻿34,345,61,345,61,366,34,366,平
﻿34,366,61,366,61,386,34,386,順
﻿34,386,61,386,61,407,34,407,化
﻿7,32,28,32,28,52,7,52,󰰻
﻿7,52,28,52,28,73,7,73,分
﻿7,73,28,73,28,94,7,94,官
﻿7,94,28,94,28,115,7,115,治
﻿7,115,28,115,28,135,7,135,與
﻿7,135,28,135,28,156,7,156,土
﻿7,156,28,156,28,177,7,177,官
﻿7,177,28,177,28,198,7,198,同
﻿7,198,28,198,28,219,7,219,辨
﻿7,219,28,219,28,239,7,239,事
﻿7,239,28,239,28,260,7,260,取
﻿7,260,28,260,28,281,7,281,勘
﻿7,281,28,281,28,302,7,302,人
﻿7,302,28,302,28,322,7,322,口
﻿7,322,28,322,28,343,7,343,攅
﻿7,343,28,343,28,364,7,364,造
﻿7,364,28,364,28,385,7,385,户
﻿7,385,28,385,28,406,7,406,󰀋
