240,63,262,63,262,84,240,84,櫆
﻿240,84,262,84,262,105,240,105,爲
﻿240,105,262,105,262,127,240,127,吏
﻿240,127,262,127,262,148,240,148,部
﻿240,148,262,148,262,170,240,170,左
﻿240,170,262,170,262,191,240,191,侍
﻿240,191,262,191,262,213,240,213,郎
﻿240,213,262,213,262,234,240,234,阮
﻿240,234,262,234,262,256,240,256,曰
﻿240,256,262,256,262,277,240,277,庶
﻿240,277,262,277,262,299,240,299,爲
﻿240,299,262,299,262,320,240,320,吏
﻿240,320,262,320,262,342,240,342,科
﻿240,342,262,342,262,363,240,363,都
﻿240,363,262,363,262,385,240,385,給
﻿240,385,262,385,262,406,240,406,事
﻿240,406,262,406,262,428,240,428,中
﻿210,65,233,65,233,85,210,85,參
﻿210,85,233,85,233,105,210,105,從
﻿210,105,233,105,233,125,210,125,宰
﻿210,125,233,125,233,145,210,145,相
﻿210,145,233,145,233,166,210,166,兵
﻿210,166,233,166,233,186,210,186,部
﻿210,186,233,186,233,206,210,206,尙
﻿210,206,233,206,233,226,210,226,書
﻿210,226,233,226,233,247,210,247,川
﻿210,247,233,247,233,267,210,267,郡
﻿210,267,233,267,233,287,210,287,公
﻿210,287,233,287,233,307,210,307,陳
﻿210,307,233,307,233,327,210,327,登
﻿210,327,233,327,233,348,210,348,選
﻿210,348,233,348,233,368,210,368,卒
﻿210,368,233,368,233,388,210,388,登
﻿210,388,233,388,233,408,210,408,選
﻿210,408,233,408,233,429,210,429,爲
﻿179,64,205,64,205,84,179,84,人
﻿179,84,205,84,205,104,179,104,沉
﻿179,104,205,104,205,125,179,125,毅
﻿179,125,205,125,205,145,179,145,端
﻿179,145,205,145,205,165,179,165,正
﻿179,165,205,165,205,186,179,186,學
﻿179,186,205,186,205,206,179,206,識
﻿179,206,205,206,205,227,179,227,該
﻿179,227,205,227,205,247,179,247,搏
﻿179,247,205,247,205,267,179,267,南
﻿179,267,205,267,205,288,179,288,征
﻿179,288,205,288,205,308,179,308,之
﻿179,308,205,308,205,329,179,329,舉
﻿179,329,205,329,205,349,179,349,參
﻿179,349,205,349,205,369,179,369,賛
﻿179,369,205,369,205,390,179,390,軍
﻿179,390,205,390,205,410,179,410,務
﻿179,410,205,410,205,431,179,431,籌
﻿151,62,176,62,176,82,151,82,畫
﻿151,82,176,82,176,102,151,102,有
﻿151,102,176,102,176,123,151,123,功
﻿151,123,176,123,176,143,151,143,至
﻿151,143,176,143,176,163,151,163,是
﻿151,163,176,163,176,184,151,184,卒
﻿151,184,176,184,176,204,151,204,贈
﻿151,204,176,204,176,224,151,224,户
﻿151,224,176,224,176,245,151,245,部
﻿151,245,176,245,176,265,151,265,尙
﻿151,265,176,265,176,285,151,285,書
﻿151,285,176,285,176,306,151,306,少
﻿151,306,176,306,176,326,151,326,保
﻿151,326,176,326,176,346,151,346,賜
﻿151,346,176,346,176,367,151,367,謚
﻿151,367,176,367,176,387,151,387,雅
﻿151,387,176,387,176,408,151,408,量
﻿162,410,175,410,175,429,162,429,登
﻿148,411,161,411,161,426,148,426,選
﻿134,59,147,59,147,80,134,80,安
﻿134,80,147,80,147,101,134,101,勇
﻿134,101,147,101,147,122,134,122,黄
﻿119,61,133,61,133,81,119,81,梅
﻿119,81,133,81,133,102,119,102,人
﻿122,124,144,124,144,146,122,146,陪
﻿122,146,144,146,144,168,122,168,從
﻿122,168,144,168,144,190,122,190,兵
﻿122,190,144,190,144,212,122,212,部
﻿122,212,144,212,144,234,122,234,尙
﻿122,234,144,234,144,256,122,256,書
﻿122,256,144,256,144,278,122,278,少
﻿122,278,144,278,144,300,122,300,保
﻿122,300,144,300,144,322,122,322,頴
﻿122,322,144,322,144,344,122,344,郡
﻿122,344,144,344,144,366,122,366,公
﻿122,366,144,366,144,388,122,388,致
﻿122,388,144,388,144,410,122,410,仕
﻿122,410,144,410,144,432,122,432,阮
﻿94,62,118,62,118,82,94,82,悌
﻿94,82,118,82,118,102,94,102,卒
﻿94,102,118,102,118,123,94,123,贈
﻿94,123,118,123,118,143,94,143,户
﻿94,143,118,143,118,164,94,164,部
﻿94,164,118,164,118,184,94,184,尙
﻿94,184,118,184,118,205,94,205,書
﻿94,205,118,205,118,225,94,225,少
﻿94,225,118,225,118,246,94,246,傅
﻿94,246,118,246,118,266,94,266,賜
﻿94,266,118,266,118,287,94,287,謚
﻿94,287,118,287,118,307,94,307,惠
﻿94,307,118,307,118,328,94,328,󰔄
﻿104,329,118,329,118,347,104,347,悌
﻿104,347,118,347,118,366,104,366,玉
﻿104,366,118,366,118,385,104,385,山
﻿91,331,103,331,103,349,91,349,禾
﻿91,349,103,349,103,367,91,367,塲
﻿91,367,103,367,103,386,91,386,人
﻿63,42,88,42,88,61,63,61,甲
﻿63,61,88,61,88,80,63,80,寅
﻿63,80,88,80,88,99,63,99,三
﻿63,99,88,99,88,119,63,119,年
﻿77,119,89,119,89,139,77,139,十
﻿77,139,89,139,89,159,77,159,月
﻿77,159,89,159,89,179,77,179,以
﻿77,179,89,179,89,200,77,200,後
﻿77,200,89,200,89,220,77,220,改
﻿77,220,89,220,89,240,77,240,德
﻿77,240,89,240,89,260,77,260,元
﻿77,260,89,260,89,281,77,281,元
﻿62,121,75,121,75,143,62,143,年
﻿62,143,75,143,75,165,62,165,清
﻿62,165,75,165,75,187,62,187,康
﻿62,187,75,187,75,209,62,209,熙
﻿62,209,75,209,75,231,62,231,十
﻿62,231,75,231,75,253,62,253,三
﻿62,253,75,253,75,275,62,275,年
﻿65,285,84,285,84,305,65,305,春
﻿65,305,84,305,84,326,65,326,二
﻿65,326,84,326,84,346,65,346,月
﻿65,346,84,346,84,367,65,367,令
﻿65,367,84,367,84,387,65,387,旨
﻿65,387,84,387,84,408,65,408,訓
﻿65,408,84,408,84,429,65,429,戒
﻿36,59,59,59,59,79,36,79,各
﻿36,79,59,79,59,100,36,100,職
﻿36,100,59,100,59,120,36,120,司
﻿36,120,59,120,59,141,36,141,大
﻿36,141,59,141,59,161,36,161,畧
﻿36,161,59,161,59,182,36,182,以
﻿36,182,59,182,59,202,36,202,爲
﻿36,202,59,202,59,223,36,223,宰
﻿36,223,59,223,59,244,36,244,相
﻿36,244,59,244,59,264,36,264,之
﻿36,264,59,264,59,285,36,285,職
﻿36,285,59,285,59,305,36,305,在
﻿36,305,59,305,59,326,36,326,乎
﻿36,326,59,326,59,346,36,346,進
﻿36,346,59,346,59,367,36,367,賢
﻿36,367,59,367,59,387,36,387,退
﻿36,387,59,387,59,408,36,408,不
﻿36,408,59,408,59,429,36,429,肖
﻿7,58,32,58,32,78,7,78,當
﻿7,78,32,78,32,99,7,99,量
﻿7,99,32,99,32,120,7,120,才
﻿7,120,32,120,32,140,7,140,授
﻿7,140,32,140,32,161,7,161,官
﻿7,161,32,161,32,182,7,182,度
﻿7,182,32,182,32,203,7,203,德
﻿7,203,32,203,32,223,7,223,定
﻿7,223,32,223,32,244,7,244,立
﻿7,244,32,244,32,265,7,265,使
﻿7,265,32,265,32,285,7,285,卿
﻿7,285,32,285,32,306,7,306,大
﻿7,306,32,306,32,327,7,327,夫
﻿7,327,32,327,32,348,7,348,各
﻿7,348,32,348,32,368,7,368,當
﻿7,368,32,368,32,389,7,389,其
﻿7,389,32,389,32,410,7,410,任
﻿7,410,32,410,32,431,7,431,不
