232,32,257,32,257,51,232,51,乃
﻿232,51,257,51,257,71,232,71,渡
﻿232,71,257,71,257,90,232,90,正
﻿232,90,257,90,257,110,232,110,大
﻿232,110,257,110,257,129,232,129,江
﻿232,129,257,129,257,149,232,149,至
﻿232,149,257,149,257,169,232,169,揚
﻿232,169,257,169,257,188,232,188,武
﻿232,188,257,188,257,208,232,208,寨
﻿232,208,257,208,257,227,232,227,壘
﻿232,227,257,227,257,247,232,247,駐
﻿232,247,257,247,257,266,232,266,營
﻿232,266,257,266,257,286,232,286,經
﻿232,286,257,286,257,306,232,306,旬
﻿232,306,257,306,257,325,232,325,節
﻿232,325,257,325,257,345,232,345,制
﻿232,345,257,345,257,364,232,364,府
﻿232,364,257,364,257,384,232,384,佯
﻿232,384,257,384,257,404,232,404,撤
﻿204,31,228,31,228,51,204,51,兵
﻿204,51,228,51,228,72,204,72,回
﻿204,72,228,72,228,92,204,92,留
﻿204,92,228,92,228,113,204,113,奇
﻿204,113,228,113,228,133,204,133,兵
﻿204,133,228,133,228,154,204,154,象
﻿204,154,228,154,228,174,204,174,馬
﻿204,174,228,174,228,195,204,195,設
﻿204,195,228,195,228,216,204,216,伏
﻿204,216,228,216,228,236,204,236,營
﻿204,236,228,236,228,257,204,257,後
﻿204,257,228,257,228,277,204,277,焚
﻿204,277,228,277,228,298,204,298,其
﻿204,298,228,298,228,318,204,318,營
﻿204,318,228,318,228,339,204,339,舍
﻿204,339,228,339,228,359,204,359,以
﻿204,359,228,359,228,380,204,380,誘
﻿204,380,228,380,228,401,204,401,之
﻿173,30,199,30,199,50,173,50,賊
﻿173,50,199,50,199,71,173,71,果
﻿173,71,199,71,199,92,173,92,空
﻿173,92,199,92,199,112,173,112,寨
﻿173,112,199,112,199,133,173,133,柵
﻿173,133,199,133,199,154,173,154,爭
﻿173,154,199,154,199,174,173,174,先
﻿173,174,199,174,199,195,173,195,追
﻿173,195,199,195,199,216,173,216,擊
﻿173,216,199,216,199,236,173,236,伏
﻿173,236,199,236,199,257,173,257,兵
﻿173,257,199,257,199,278,173,278,卒
﻿173,278,199,278,199,298,173,298,起
﻿173,298,199,298,199,319,173,319,󰲡
﻿173,319,199,319,199,340,173,340,擊
﻿173,340,199,340,199,360,173,360,斬
﻿173,360,199,360,199,381,173,381,馘
﻿173,381,199,381,199,402,173,402,數
﻿143,32,167,32,167,52,143,52,百
﻿143,52,167,52,167,73,143,73,餘
﻿143,73,167,73,167,93,143,93,級
﻿143,93,167,93,167,114,143,114,賊
﻿143,114,167,114,167,134,143,134,将
﻿143,134,167,134,167,155,143,155,新
﻿143,155,167,155,167,175,143,175,郡
﻿143,175,167,175,167,196,143,196,公
﻿143,196,167,196,167,216,143,216,瓊
﻿143,216,167,216,167,237,143,237,郡
﻿143,237,167,237,167,258,143,258,公
﻿154,262,168,262,168,281,154,281,並
﻿154,281,168,281,168,300,154,300,名
﻿142,262,153,262,153,282,142,282,缺
﻿143,301,165,301,165,321,143,321,等
﻿143,321,165,321,165,341,143,341,僅
﻿143,341,165,341,165,361,143,361,以
﻿143,361,165,361,165,381,143,381,身
﻿143,381,165,381,165,402,143,402,免
﻿114,31,136,31,136,51,114,51,節
﻿114,51,136,51,136,72,114,72,制
﻿114,72,136,72,136,92,114,92,鄭
﻿114,92,136,92,136,113,114,113,松
﻿114,113,136,113,136,134,114,134,收
﻿114,134,136,134,136,154,114,154,軍
﻿114,154,136,154,136,175,114,175,而
﻿114,175,136,175,136,195,114,195,回
﻿114,195,136,195,136,216,114,216,至
﻿114,216,136,216,136,237,114,237,三
﻿114,237,136,237,136,257,114,257,疊
﻿114,257,136,257,136,278,114,278,山
﻿114,278,136,278,136,298,114,298,令
﻿114,298,136,298,136,319,114,319,諸
﻿114,319,136,319,136,340,114,340,軍
﻿114,340,136,340,136,360,114,360,討
﻿114,360,136,360,136,381,114,381,取
﻿114,381,136,381,136,402,114,402,大
﻿83,31,106,31,106,51,83,51,鉄
﻿83,51,106,51,106,72,83,72,林
﻿83,72,106,72,106,92,83,92,木
﻿83,92,106,92,106,113,83,113,直
﻿83,113,106,113,106,133,83,133,三
﻿83,133,106,133,106,154,83,154,十
﻿83,154,106,154,106,174,83,174,尺
﻿83,174,106,174,106,195,83,195,每
﻿83,195,106,195,106,215,83,215,三
﻿83,215,106,215,106,236,83,236,百
﻿83,236,106,236,106,256,83,256,人
﻿83,256,106,256,106,277,83,277,作
﻿83,277,106,277,106,297,83,297,一
﻿83,297,106,297,106,318,83,318,距
﻿83,318,106,318,106,338,83,338,至
﻿83,338,106,338,106,359,83,359,期
﻿83,359,106,359,106,379,83,379,拋
﻿83,379,106,379,106,400,83,400,于
﻿51,29,80,29,80,50,51,50,灵
﻿51,50,80,50,80,71,51,71,塲
﻿51,71,80,71,80,92,51,92,海
﻿51,92,80,92,80,113,51,113,門
﻿51,113,80,113,80,134,51,134,其
﻿51,134,80,134,80,155,51,155,木
﻿51,155,80,155,80,176,51,176,楂
﻿51,176,80,176,80,197,51,197,以
﻿51,197,80,197,80,218,51,218,鉄
﻿51,218,80,218,80,239,51,239,鎖
﻿51,239,80,239,80,260,51,260,之
﻿23,29,46,29,46,49,23,49,十
﻿23,49,46,49,46,70,23,70,二
﻿23,70,46,70,46,91,23,91,月
﻿23,91,46,91,46,112,23,112,二
﻿23,112,46,112,46,132,23,132,十
﻿23,132,46,132,46,153,23,153,八
﻿23,153,46,153,46,174,23,174,日
﻿23,174,46,174,46,195,23,195,瑞
﻿23,195,46,195,46,216,23,216,原
﻿23,216,46,216,46,236,23,236,挽
﻿23,236,46,236,46,257,23,257,河
﻿23,257,46,257,46,278,23,278,江
﻿23,278,46,278,46,299,23,299,水
﻿23,299,46,299,46,319,23,319,自
﻿23,319,46,319,46,340,23,340,赤
﻿23,340,46,340,46,361,23,361,色
﻿23,361,46,361,46,382,23,382,如
﻿23,382,46,382,46,403,23,403,流
﻿0,31,20,31,20,52,0,52,血
﻿0,52,20,52,20,73,0,73,一
﻿0,73,20,73,20,94,0,94,里
﻿0,94,20,94,20,116,0,116,餘
