248,26,275,26,275,47,248,47,榮
﻿248,47,275,47,275,68,248,68,禄
﻿248,68,275,68,275,89,248,89,大
﻿248,89,275,89,275,110,248,110,夫
﻿248,110,275,110,275,131,248,131,兼
﻿248,131,275,131,275,153,248,153,總
﻿248,153,275,153,275,174,248,174,内
﻿248,174,275,174,275,195,248,195,外
﻿248,195,275,195,275,216,248,216,平
﻿248,216,275,216,275,237,248,237,章
﻿248,237,275,237,275,258,248,258,軍
﻿248,258,275,258,275,280,248,280,國
﻿248,280,275,280,275,301,248,301,重
﻿248,301,275,301,275,322,248,322,事
﻿248,322,275,322,275,343,248,343,太
﻿248,343,275,343,275,364,248,364,國
﻿248,364,275,364,275,385,248,385,公
﻿248,385,275,385,275,407,248,407,贈
﻿215,29,241,29,241,50,215,50,明
﻿215,50,241,50,241,71,215,71,康
﻿215,71,241,71,241,92,215,92,仁
﻿215,92,241,92,241,113,215,113,智
﻿215,113,241,113,241,134,215,134,大
﻿215,134,241,134,241,155,215,155,王
﻿215,155,241,155,241,176,215,176,鄭
﻿215,176,241,176,241,197,215,197,檢
﻿215,197,241,197,241,218,215,218,棠
﻿215,218,241,218,241,239,215,239,喬
﻿215,239,241,239,241,260,215,260,鉅
﻿215,260,241,260,241,281,215,281,閥
﻿215,281,241,281,241,302,215,302,桓
﻿215,302,241,302,241,323,215,323,卷
﻿215,323,241,323,241,344,215,344,華
﻿215,344,241,344,241,365,215,365,纏
﻿215,365,241,365,241,386,215,386,初
﻿215,386,241,386,241,408,215,408,應
﻿185,25,209,25,209,46,185,46,義
﻿185,46,209,46,209,67,185,67,旗
﻿185,67,209,67,209,88,185,88,亨
﻿185,88,209,88,209,110,185,110,屯
﻿185,110,209,110,209,131,185,131,正
﻿185,131,209,131,209,152,185,152,經
﻿185,152,209,152,209,173,185,173,綸
﻿185,173,209,173,209,195,185,195,時
﻿185,195,209,195,209,216,185,216,節
﻿185,216,209,216,209,237,185,237,重
﻿185,237,209,237,209,259,185,259,恢
﻿185,259,209,259,209,280,185,280,舊
﻿185,280,209,280,209,301,185,301,境
﻿185,301,209,301,209,322,185,322,匡
﻿185,322,209,322,209,344,185,344,濟
﻿185,344,209,344,209,365,185,365,定
﻿185,365,209,365,209,386,185,386,興
﻿185,386,209,386,209,408,185,408,復
﻿155,28,180,28,180,49,155,49,䂓
﻿155,49,180,49,180,70,155,70,模
﻿155,70,180,70,180,91,155,91,嘉
﻿155,91,180,91,180,112,155,112,績
﻿155,112,180,112,180,133,155,133,多
﻿155,133,180,133,180,154,155,154,于
﻿155,154,180,154,180,175,155,175,先
﻿155,175,180,175,180,196,155,196,王
﻿155,196,180,196,180,217,155,217,盛
﻿155,217,180,217,180,238,155,238,業
﻿155,238,180,238,180,259,155,259,徵
﻿155,259,180,259,180,280,155,280,之
﻿155,280,180,280,180,301,155,301,後
﻿155,301,180,301,180,322,155,322,嗣
﻿155,322,180,322,180,343,155,343,西
﻿155,343,180,343,180,364,155,364,平
﻿155,364,180,364,180,385,155,385,一
﻿155,385,180,385,180,407,155,407,門
﻿124,24,147,24,147,45,124,45,忠
﻿124,45,147,45,147,66,124,66,義
﻿124,66,147,66,147,87,124,87,社
﻿124,87,147,87,147,108,124,108,稷
﻿124,108,147,108,147,130,124,130,計
﻿124,130,147,130,147,151,124,151,安
﻿124,151,147,151,147,172,124,172,汾
﻿124,172,147,172,147,193,124,193,陽
﻿124,193,147,193,147,215,124,215,再
﻿124,215,147,215,147,236,124,236,造
﻿124,236,147,236,147,257,124,257,國
﻿124,257,147,257,147,278,124,278,家
﻿124,278,147,278,147,299,124,299,天
﻿124,299,147,299,147,321,124,321,下
﻿124,321,147,321,147,342,124,342,功
﻿124,342,147,342,147,363,124,363,盖
﻿124,363,147,363,147,384,124,384,前
﻿124,384,147,384,147,406,124,406,休
﻿92,25,120,25,120,46,92,46,驗
﻿92,46,120,46,120,67,92,67,於
﻿92,67,120,67,120,88,92,88,兹
﻿92,88,120,88,120,110,92,110,敷
﻿92,110,120,110,120,131,92,131,賁
﻿92,131,120,131,120,152,92,152,新
﻿92,152,120,152,120,173,92,173,號
﻿92,173,120,173,120,195,92,195,加
﻿92,195,120,195,120,216,92,216,宜
﻿92,216,120,216,120,237,92,237,侈
﻿92,237,120,237,120,259,92,259,尊
﻿92,259,120,259,120,280,92,280,優
﻿92,280,120,280,120,301,92,301,特
﻿92,301,120,301,120,322,92,322,命
﻿92,322,120,322,120,344,92,344,推
﻿92,344,120,344,120,365,92,365,忠
﻿92,365,120,365,120,386,92,386,翊
﻿92,386,120,386,120,408,92,408,運
﻿62,29,86,29,86,50,62,50,同
﻿62,50,86,50,86,71,62,71,德
﻿62,71,86,71,86,92,62,92,功
﻿62,92,86,92,86,113,62,113,臣
﻿62,113,86,113,86,134,62,134,特
﻿62,134,86,134,86,155,62,155,進
﻿62,155,86,155,86,176,62,176,輔
﻿62,176,86,176,86,197,62,197,國
﻿62,197,86,197,86,218,62,218,上
﻿62,218,86,218,86,239,62,239,将
﻿62,239,86,239,86,260,62,260,軍
﻿62,260,86,260,86,281,62,281,中
﻿62,281,86,281,86,302,62,302,軍
﻿62,302,86,302,86,323,62,323,都
﻿62,323,86,323,86,344,62,344,督
﻿62,344,86,344,86,365,62,365,府
﻿62,365,86,365,86,386,62,386,左
﻿62,386,86,386,86,407,62,407,都
﻿33,27,57,27,57,48,33,48,督
﻿33,48,57,48,57,69,33,69,掌
﻿33,69,57,69,57,90,33,90,府
﻿33,90,57,90,57,111,33,111,事
﻿33,111,57,111,57,132,33,132,太
﻿33,132,57,132,57,153,33,153,尉
﻿33,153,57,153,57,174,33,174,端
﻿33,174,57,174,57,195,33,195,國
﻿33,195,57,195,57,217,33,217,公
﻿33,217,57,217,57,238,33,238,上
﻿33,238,57,238,57,259,33,259,柱
﻿33,259,57,259,57,280,33,280,國
﻿33,280,57,280,57,301,33,301,阮
﻿33,301,57,301,57,322,33,322,黄
﻿33,322,57,322,57,343,33,343,賫
﻿33,343,57,343,57,364,33,364,捧
﻿33,364,57,364,57,385,33,385,金
﻿33,385,57,385,57,407,33,407,冊
﻿6,28,27,28,27,49,6,49,進
﻿6,49,27,49,27,70,6,70,封
﻿6,70,27,70,27,91,6,91,推
﻿6,91,27,91,27,112,6,112,忠
﻿6,112,27,112,27,133,6,133,翊
﻿6,133,27,133,27,154,6,154,運
﻿6,154,27,154,27,175,6,175,恊
﻿6,175,27,175,27,196,6,196,謀
﻿6,196,27,196,27,217,6,217,同
﻿6,217,27,217,27,238,6,238,德
﻿6,238,27,238,27,259,6,259,輔
﻿6,259,27,259,27,280,6,280,國
﻿6,280,27,280,27,301,6,301,竭
﻿6,301,27,301,27,322,6,322,節
﻿6,322,27,322,27,343,6,343,󰦛
﻿6,343,27,343,27,364,6,364,厚
﻿6,364,27,364,27,385,6,385,明
﻿6,385,27,385,27,406,6,406,󰒂
