250,42,273,42,273,62,250,62,下
﻿250,62,273,62,273,83,250,83,督
﻿250,83,273,83,273,104,250,104,軍
﻿250,104,273,104,273,124,250,124,梁
﻿250,124,273,124,273,145,250,145,碩
﻿250,145,273,145,273,166,250,166,碩
﻿250,166,273,166,273,186,250,186,走
﻿250,186,273,186,273,207,250,207,得
﻿250,207,273,207,273,228,250,228,免
﻿250,228,273,228,273,248,250,248,起
﻿250,248,273,248,273,269,250,269,兵
﻿250,269,273,269,273,290,250,290,討
﻿250,290,273,290,273,310,250,310,壽
﻿250,310,273,310,273,331,250,331,擒
﻿250,331,273,331,273,352,250,352,之
﻿250,352,273,352,273,372,250,372,壽
﻿250,372,273,372,273,393,250,393,母
﻿250,393,273,393,273,414,250,414,令
﻿250,414,273,414,273,435,250,435,鴆
﻿217,42,242,42,242,62,217,62,殺
﻿217,62,242,62,242,83,217,83,之
﻿217,83,242,83,242,104,217,104,碩
﻿217,104,242,104,242,125,217,125,遂
﻿217,125,242,125,242,146,217,146,專
﻿217,146,242,146,242,167,217,167,制
﻿231,171,246,171,246,190,231,190,一
﻿231,190,246,190,246,209,231,209,云
﻿231,209,246,209,246,228,231,228,並
﻿231,228,246,228,246,247,231,247,其
﻿216,168,230,168,230,188,216,188,母
﻿216,188,230,188,230,208,216,208,皆
﻿216,208,230,208,230,228,216,228,鴆
﻿216,228,230,228,230,249,216,249,殺
﻿219,251,243,251,243,271,219,271,恐
﻿219,271,243,271,243,291,219,291,民
﻿219,291,243,291,243,312,219,312,情
﻿219,312,243,312,243,332,219,332,不
﻿219,332,243,332,243,352,219,352,叶
﻿219,352,243,352,243,373,219,373,乃
﻿219,373,243,373,243,393,219,393,令
﻿219,393,243,393,243,413,219,413,璜
﻿219,413,243,413,243,434,219,434,子
﻿188,41,213,41,213,61,188,61,蒼
﻿188,61,213,61,213,82,188,82,吳
﻿188,82,213,82,213,102,188,102,太
﻿188,102,213,102,213,123,188,123,守
﻿188,123,213,123,213,144,188,144,威
﻿188,144,213,144,213,164,188,164,領
﻿188,164,213,164,213,185,188,185,刺
﻿188,185,213,185,213,206,188,206,史
﻿188,206,213,206,213,226,188,226,威
﻿188,226,213,226,213,247,188,247,在
﻿188,247,213,247,213,267,188,267,職
﻿188,267,213,267,213,288,188,288,甚
﻿188,288,213,288,213,309,188,309,得
﻿188,309,213,309,213,329,188,329,百
﻿188,329,213,329,213,350,188,350,姓
﻿188,350,213,350,213,371,188,371,心
﻿188,371,213,371,213,391,188,391,三
﻿188,391,213,391,213,412,188,412,十
﻿188,412,213,412,213,433,188,433,年
﻿157,41,183,41,183,61,157,61,卒
﻿157,61,183,61,183,82,157,82,威
﻿157,82,183,82,183,102,157,102,弟
﻿157,102,183,102,183,123,157,123,淑
﻿157,123,183,123,183,143,157,143,子
﻿157,143,183,143,183,164,157,164,綏
﻿157,164,183,164,183,184,157,184,相
﻿157,184,183,184,183,205,157,205,繼
﻿157,205,183,205,183,225,157,225,爲
﻿157,225,183,225,183,246,157,246,刺
﻿157,246,183,246,183,266,157,266,史
﻿157,266,183,266,183,287,157,287,自
﻿157,287,183,287,183,307,157,307,基
﻿157,307,183,307,183,328,157,328,至
﻿157,328,183,328,183,348,157,348,綏
﻿157,348,183,348,183,369,157,369,凡
﻿157,369,183,369,183,389,157,389,四
﻿157,389,183,389,183,410,157,410,世
﻿157,410,183,410,183,431,157,431,並
﻿128,41,152,41,152,61,128,61,爲
﻿128,61,152,61,152,82,128,82,刺
﻿128,82,152,82,152,102,128,102,史
﻿128,102,152,102,152,123,128,123,基
﻿128,123,152,123,152,143,128,143,璜
﻿128,143,152,143,152,164,128,164,之
﻿128,164,152,164,152,184,128,184,祖
﻿128,184,152,184,152,205,128,205,父
﻿128,205,152,205,152,226,128,226,也
﻿100,41,120,41,120,61,100,61,戊
﻿100,61,120,61,120,82,100,82,寅
﻿111,84,125,84,125,104,111,104,東
﻿111,104,125,104,125,124,111,124,晉
﻿111,124,125,124,125,144,111,144,元
﻿111,144,125,144,125,164,111,164,帝
﻿111,164,125,164,125,184,111,184,司
﻿111,184,125,184,125,205,111,205,馬
﻿95,84,110,84,110,104,95,104,睿
﻿95,104,110,104,110,125,95,125,大
﻿95,125,110,125,110,146,95,146,興
﻿95,146,110,146,110,167,95,167,元
﻿95,167,110,167,110,188,95,188,年
﻿99,207,121,207,121,227,99,227,冬
﻿99,227,121,227,121,248,99,248,十
﻿99,248,121,248,121,268,99,268,月
﻿99,268,121,268,121,289,99,289,晉
﻿99,289,121,289,121,309,99,309,帝
﻿99,309,121,309,121,330,99,330,詔
﻿99,330,121,330,121,350,99,350,加
﻿99,350,121,350,121,371,99,371,廣
﻿99,371,121,371,121,391,99,391,州
﻿99,391,121,391,121,412,99,412,刺
﻿99,412,121,412,121,433,99,433,史
﻿68,42,92,42,92,62,68,62,陶
﻿68,62,92,62,92,83,68,83,侃
﻿68,83,92,83,92,104,68,104,都
﻿68,104,92,104,92,125,68,125,督
﻿68,125,92,125,92,145,68,145,交
﻿68,145,92,145,92,166,68,166,州
﻿68,166,92,166,92,187,68,187,諸
﻿68,187,92,187,92,208,68,208,軍
﻿68,208,92,208,92,229,68,229,事
﻿42,42,60,42,60,61,42,61,壬
﻿42,61,60,61,60,80,42,80,午
﻿51,83,64,83,64,102,51,102,晉
﻿51,102,64,102,64,121,51,121,永
﻿51,121,64,121,64,141,51,141,昌
﻿38,85,50,85,50,104,38,104,?
﻿38,104,50,104,50,124,38,124,年
﻿40,143,64,143,64,163,40,163,晋
﻿40,163,64,163,64,184,40,184,王
﻿40,184,64,184,64,204,40,204,敦
﻿40,204,64,204,64,225,40,225,以
﻿40,225,64,225,64,245,40,245,王
﻿40,245,64,245,64,266,40,266,諒
﻿40,266,64,266,64,287,40,287,爲
﻿40,287,64,287,64,307,40,307,刺
﻿40,307,64,307,64,328,40,328,史
﻿40,328,64,328,64,348,40,348,使
﻿40,348,64,348,64,369,40,369,攻
﻿40,369,64,369,64,389,40,389,梁
﻿40,389,64,389,64,410,40,410,碩
﻿40,410,64,410,64,431,40,431,碩
﻿11,42,35,42,35,62,11,62,舉
﻿11,62,35,62,35,83,11,83,兵
﻿11,83,35,83,35,104,11,104,圍
﻿11,104,35,104,35,125,11,125,諒
﻿11,125,35,125,35,146,11,146,於
﻿11,146,35,146,35,167,11,167,龍
﻿11,167,35,167,35,188,11,188,編
