231,28,255,28,255,48,231,48,四
﻿231,48,255,48,255,68,231,68,日
﻿231,68,255,68,255,88,231,88,當
﻿231,88,255,88,255,108,231,108,道
﻿231,108,255,108,255,128,231,128,土
﻿231,128,255,128,255,149,231,149,官
﻿231,149,255,149,255,169,231,169,衛
﻿231,169,255,169,255,189,231,189,󰒂
﻿231,189,255,189,255,209,231,209,侯
﻿231,209,255,209,255,229,231,229,宋
﻿231,229,255,229,255,249,231,249,時
﻿231,249,255,249,255,270,231,270,照
﻿231,270,255,270,255,290,231,290,将
﻿231,290,255,290,255,310,231,310,兵
﻿231,310,255,310,255,330,231,330,攻
﻿231,330,255,330,255,350,231,350,破
﻿231,350,255,350,255,370,231,370,僞
﻿231,370,255,370,255,391,231,391,莫
﻿201,26,227,26,227,46,201,46,斬
﻿201,46,227,46,227,67,201,67,得
﻿201,67,227,67,227,87,201,87,僞
﻿201,87,227,87,227,108,201,108,扶
﻿201,108,227,108,227,128,201,128,勝
﻿201,128,227,128,227,149,201,149,侯
﻿211,152,226,152,226,170,211,170,缺
﻿201,152,210,152,210,169,201,169,名
﻿202,171,225,171,225,190,202,190,𭁈
﻿202,190,225,190,225,210,202,210,徒
﻿202,210,225,210,225,229,202,229,黨
﻿202,229,225,229,225,249,202,249,馘
﻿202,249,225,249,225,269,202,269,十
﻿202,269,225,269,225,288,202,288,五
﻿202,288,225,288,225,308,202,308,顆
﻿202,308,225,308,225,328,202,328,󰱐
﻿202,328,225,328,225,347,202,347,馬
﻿202,347,225,347,225,367,202,367,一
﻿202,367,225,367,225,387,202,387,匹
﻿173,27,196,27,196,48,173,48,其
﻿173,48,196,48,196,69,173,69,噐
﻿173,69,196,69,196,90,173,90,械
﻿173,90,196,90,196,111,173,111,不
﻿173,111,196,111,196,132,173,132,勝
﻿173,132,196,132,196,153,173,153,數
﻿143,26,167,26,167,46,143,46,初
﻿143,46,167,46,167,66,143,66,六
﻿143,66,167,66,167,86,143,86,日
﻿143,86,167,86,167,106,143,106,右
﻿143,106,167,106,167,126,143,126,将
﻿143,126,167,126,167,147,143,147,黄
﻿143,147,167,147,167,167,143,167,廷
﻿143,167,167,167,167,187,143,187,爱
﻿143,187,167,187,167,207,143,207,至
﻿143,207,167,207,167,227,143,227,諒
﻿143,227,167,227,167,247,143,247,山
﻿143,247,167,247,167,268,143,268,城
﻿143,268,167,268,167,288,143,288,差
﻿143,288,167,288,167,308,143,308,都
﻿143,308,167,308,167,328,143,328,督
﻿143,328,167,328,167,348,143,348,林
﻿143,348,167,348,167,368,143,368,郡
﻿143,368,167,368,167,389,143,389,公
﻿114,25,137,25,137,45,114,45,陳
﻿114,45,137,45,137,65,114,65,福
﻿114,65,137,65,137,86,114,86,領
﻿114,86,137,86,137,106,114,106,兵
﻿114,106,137,106,137,126,114,126,千
﻿114,126,137,126,137,147,114,147,餘
﻿114,147,137,147,137,167,114,167,攻
﻿114,167,137,167,137,187,114,187,破
﻿114,187,137,187,137,208,114,208,脱
﻿114,208,137,208,137,228,114,228,朗
﻿114,228,137,228,137,248,114,248,州
﻿114,248,137,248,137,269,114,269,賊
﻿114,269,137,269,137,289,114,289,時
﻿114,289,137,289,137,309,114,309,莫
﻿114,309,137,309,137,330,114,330,敬
﻿114,330,137,330,137,350,114,350,恭
﻿114,350,137,350,137,370,114,370,兵
﻿114,370,137,370,137,391,114,391,從
﻿84,25,105,25,105,45,84,45,龍
﻿84,45,105,45,105,66,84,66,州
﻿84,66,105,66,105,86,84,86,來
﻿84,86,105,86,105,107,84,107,七
﻿84,107,105,107,105,127,84,127,泉
﻿84,127,105,127,105,148,84,148,使
﻿84,148,105,148,105,168,84,168,偽
﻿84,168,105,168,105,189,84,189,萬
﻿84,189,105,189,105,209,84,209,國
﻿84,209,105,209,105,230,84,230,公
﻿95,232,108,232,108,248,95,248,缺
﻿81,233,94,233,94,249,81,249,名
﻿84,251,106,251,106,270,84,270,拒
﻿84,270,106,270,106,290,84,290,戦
﻿84,290,106,290,106,310,84,310,陳
﻿84,310,106,310,106,330,84,330,福
﻿84,330,106,330,106,350,84,350,縱
﻿84,350,106,350,106,370,84,370,兵
﻿84,370,106,370,106,390,84,390,大
﻿55,26,78,26,78,46,55,46,擊
﻿55,46,78,46,78,66,55,66,斬
﻿55,66,78,66,78,86,55,86,萬
﻿55,86,78,86,78,107,55,107,國
﻿55,107,78,107,78,127,55,127,之
﻿55,127,78,127,78,147,55,147,子
﻿55,147,78,147,78,167,55,167,󰱐
﻿55,167,78,167,78,188,55,188,其
﻿55,188,78,188,78,208,55,208,妻
﻿55,208,78,208,78,228,55,228,孥
﻿55,228,78,228,78,249,55,249,徒
﻿55,249,78,249,78,269,55,269,黨
﻿55,269,78,269,78,289,55,289,焚
﻿55,289,78,289,78,309,55,309,其
﻿55,309,78,309,78,330,55,330,營
﻿55,330,78,330,78,350,55,350,寨
﻿55,350,78,350,78,370,55,370,賊
﻿55,370,78,370,78,391,55,391,兵
﻿27,28,47,28,47,48,27,48,潰
﻿27,48,47,48,47,68,27,68,散
﻿27,68,47,68,47,88,27,88,福
﻿27,88,47,88,47,108,27,108,等
﻿27,108,47,108,47,128,27,128,乘
﻿27,128,47,128,47,148,27,148,勝
﻿27,148,47,148,47,168,27,168,長
﻿27,168,47,168,47,188,27,188,驅
﻿27,188,47,188,47,209,27,209,直
﻿27,209,47,209,47,229,27,229,至
﻿27,229,47,229,47,249,27,249,敬
﻿27,249,47,249,47,269,27,269,恭
﻿27,269,47,269,47,289,27,289,營
﻿27,289,47,289,47,309,27,309,敬
﻿27,309,47,309,47,329,27,329,恭
﻿27,329,47,329,47,349,27,349,使
﻿27,349,47,349,47,369,27,369,福
﻿27,369,47,369,47,390,27,390,王
﻿3,29,21,29,21,49,3,49,領
﻿3,49,21,49,21,69,3,69,家
﻿3,69,21,69,21,89,3,89,小
﻿3,89,21,89,21,109,3,109,粮
﻿3,109,21,109,21,129,3,129,食
﻿3,129,21,129,21,149,3,149,先
﻿3,149,21,149,21,169,3,169,退
﻿3,169,21,169,21,189,3,189,入
﻿3,189,21,189,21,209,3,209,㨿
﻿3,209,21,209,21,229,3,229,龍
﻿3,229,21,229,21,249,3,249,州
﻿3,249,21,249,21,269,3,269,至
﻿3,269,21,269,21,289,3,289,徒
﻿3,289,21,289,21,309,3,309,中
﻿3,309,21,309,21,329,3,329,遇
﻿3,329,21,329,21,349,3,349,陳
﻿3,349,21,349,21,369,3,369,福
﻿3,369,21,369,21,390,3,390,長
