244,27,269,27,269,49,244,49,夏
﻿244,49,269,49,269,72,244,72,四
﻿244,72,269,72,269,94,244,94,月
﻿244,94,269,94,269,117,244,117,朔
﻿244,117,269,117,269,139,244,139,日
﻿244,139,269,139,269,162,244,162,有
﻿244,162,269,162,269,184,244,184,食
﻿244,184,269,184,269,207,244,207,之
﻿244,207,269,207,269,229,244,229,清
﻿244,229,269,229,269,252,244,252,沔
﻿244,252,269,252,269,274,244,274,人
﻿244,274,269,274,269,297,244,297,夜
﻿244,297,269,297,269,319,244,319,入
﻿244,319,269,319,269,342,244,342,殿
﻿244,342,269,342,269,364,244,364,中
﻿244,364,269,364,269,387,244,387,坐
﻿244,387,269,387,269,410,244,410,于
﻿215,25,240,25,240,47,215,47,竜
﻿215,47,240,47,240,70,215,70,椅
﻿215,70,240,70,240,93,215,93,命
﻿215,93,240,93,240,116,215,116,斬
﻿215,116,240,116,240,138,215,138,之
﻿215,138,240,138,240,161,215,161,是
﻿215,161,240,161,240,184,215,184,時
﻿215,184,240,184,240,207,215,207,平
﻿215,207,240,207,240,229,215,229,安
﻿215,229,240,229,240,252,215,252,王
﻿215,252,240,252,240,275,215,275,疑
﻿215,275,240,275,240,298,215,298,登
﻿215,298,240,298,240,320,215,320,郡
﻿215,320,240,320,240,343,215,343,公
﻿215,343,240,343,240,366,215,366,阮
﻿215,366,240,366,240,389,215,389,啓
﻿215,389,240,389,240,412,215,412,有
﻿183,27,208,27,208,48,183,48,異
﻿183,48,208,48,208,69,183,69,心
﻿183,69,208,69,208,91,183,91,命
﻿183,91,208,91,208,112,183,112,内
﻿183,112,208,112,208,133,183,133,監
﻿183,133,208,133,208,155,183,155,岳
﻿183,155,208,155,208,176,183,176,郡
﻿183,176,208,176,208,197,183,197,公
﻿183,197,208,197,208,219,183,219,裴
﻿183,219,208,219,208,240,183,240,仕
﻿183,240,208,240,208,261,183,261,林
﻿183,261,208,261,208,283,183,283,械
﻿183,283,208,283,208,304,183,304,繋
﻿183,304,208,304,208,325,183,325,之
﻿183,325,208,325,208,347,183,347,按
﻿183,347,208,347,208,368,183,368,驗
﻿183,368,208,368,208,389,183,389,無
﻿183,389,208,389,208,411,183,411,賍
﻿152,31,178,31,178,52,152,52,一
﻿152,52,178,52,178,73,152,73,年
﻿152,73,178,73,178,94,152,94,乃
﻿152,94,178,94,178,116,152,116,赦
﻿121,10,144,10,144,31,121,31,甲
﻿121,31,144,31,144,53,121,53,辰
﻿121,53,144,53,144,74,121,74,五
﻿121,74,144,74,144,96,121,96,年
﻿134,98,147,98,147,116,134,116,明
﻿134,116,147,116,147,135,134,135,萬
﻿134,135,147,135,147,154,134,154,曆
﻿134,154,147,154,147,173,134,173,十
﻿119,99,133,99,133,118,119,118,二
﻿119,118,133,118,133,137,119,137,年
﻿119,137,133,137,133,157,119,157,三
﻿122,174,147,174,147,195,122,195,春
﻿122,195,147,195,147,217,122,217,會
﻿122,217,147,217,147,239,122,239,試
﻿122,239,147,239,147,261,122,261,天
﻿122,261,147,261,147,283,122,283,下
﻿122,283,147,283,147,304,122,304,士
﻿122,304,147,304,147,326,122,326,人
﻿122,326,147,326,147,348,122,348,取
﻿122,348,147,348,147,370,122,370,中
﻿122,370,147,370,147,392,122,392,格
﻿122,392,147,392,147,414,122,414,鄧
﻿92,30,116,30,116,50,92,50,維
﻿92,50,116,50,116,70,92,70,明
﻿92,70,116,70,116,90,92,90,等
﻿92,90,116,90,116,110,92,110,七
﻿92,110,116,110,116,130,92,130,名
﻿92,130,116,130,116,150,92,150,及
﻿92,150,116,150,116,170,92,170,殿
﻿92,170,116,170,116,190,92,190,試
﻿92,190,116,190,116,210,92,210,賜
﻿92,210,116,210,116,231,92,231,阮
﻿92,231,116,231,116,251,92,251,世
﻿92,251,116,251,116,271,92,271,標
﻿92,271,116,271,116,291,92,291,等
﻿92,291,116,291,116,311,92,311,二
﻿92,311,116,311,116,331,92,331,名
﻿92,331,116,331,116,351,92,351,進
﻿92,351,116,351,116,371,92,371,士
﻿92,371,116,371,116,391,92,391,出
﻿92,391,116,391,116,412,92,412,身
﻿63,29,85,29,85,50,63,50,鄧
﻿63,50,85,50,85,72,63,72,維
﻿63,72,85,72,85,93,63,93,明
﻿63,93,85,93,85,115,63,115,等
﻿63,115,85,115,85,136,63,136,五
﻿63,136,85,136,85,158,63,158,名
﻿63,158,85,158,85,179,63,179,同
﻿63,179,85,179,85,201,63,201,進
﻿63,201,85,201,85,222,63,222,士
﻿63,222,85,222,85,244,63,244,出
﻿63,244,85,244,85,266,63,266,身
﻿34,9,54,9,54,30,34,30,丙
﻿34,30,54,30,54,51,34,51,午
﻿34,51,54,51,54,72,34,72,七
﻿34,72,54,72,54,94,34,94,年
﻿44,98,56,98,56,116,44,116,明
﻿44,116,56,116,56,134,44,134,萬
﻿44,134,56,134,56,152,44,152,曆
﻿44,152,56,152,56,170,44,170,十
﻿31,98,43,98,43,117,31,117,四
﻿31,117,43,117,43,136,31,136,年
﻿31,136,43,136,43,155,31,155,三
﻿32,176,58,176,58,197,32,197,遣
﻿32,197,58,197,58,218,32,218,正
﻿32,218,58,218,58,240,32,240,使
﻿32,240,58,240,58,261,32,261,黎
﻿32,261,58,261,58,282,32,282,弼
﻿32,282,58,282,58,304,32,304,四
﻿32,304,58,304,58,325,32,325,副
﻿32,325,58,325,58,346,32,346,使
﻿32,346,58,346,58,368,32,368,阮
﻿32,368,58,368,58,389,32,389,用
﻿32,389,58,389,58,411,32,411,阮
﻿3,29,27,29,27,50,3,50,克
﻿3,50,27,50,27,71,3,71,寬
﻿3,71,27,71,27,93,3,93,等
﻿3,93,27,93,27,114,3,114,如
﻿3,114,27,114,27,136,3,136,明
﻿3,136,27,136,27,157,3,157,進
﻿3,157,27,157,27,179,3,179,謝
﻿3,179,27,179,27,200,3,200,恩
﻿3,200,27,200,27,222,3,222,禮
﻿3,222,27,222,27,243,3,243,又
﻿3,243,27,243,27,264,3,264,遣
﻿3,264,27,264,27,286,3,286,正
﻿3,286,27,286,27,307,3,307,使
﻿3,307,27,307,27,329,3,329,吳
﻿3,329,27,329,27,350,3,350,致
﻿3,350,27,350,27,372,3,372,和
﻿3,372,27,372,27,393,3,393,阮
﻿3,393,27,393,27,415,3,415,實
