240,32,262,32,262,53,240,53,黎
﻿240,53,262,53,262,75,240,75,來
﻿240,75,262,75,262,96,240,96,籍
﻿240,96,262,96,262,118,240,118,其
﻿240,118,262,118,262,139,240,139,家
﻿240,139,262,139,262,161,240,161,以
﻿240,161,262,161,262,183,240,183,來
﻿240,183,262,183,262,204,240,204,恃
﻿240,204,262,204,262,226,240,226,有
﻿240,226,262,226,262,247,240,247,戦
﻿240,247,262,247,262,269,240,269,功
﻿240,269,262,269,262,291,240,291,出
﻿240,291,262,291,262,312,240,312,慢
﻿240,312,262,312,262,334,240,334,語
﻿240,334,262,334,262,355,240,355,故
﻿240,355,262,355,262,377,240,377,也
﻿240,377,262,377,262,399,240,399,斬
﻿210,32,232,32,232,52,210,52,千
﻿210,52,232,52,232,72,210,72,户
﻿210,72,232,72,232,93,210,93,李
﻿210,93,232,93,232,113,210,113,雲
﻿210,113,232,113,232,133,210,133,及
﻿210,133,232,133,232,154,210,154,從
﻿210,154,232,154,232,174,210,174,人
﻿210,174,232,174,232,195,210,195,裴
﻿210,195,232,195,232,215,210,215,永
﻿210,215,232,215,232,235,210,235,以
﻿210,235,232,235,232,256,210,256,道
﻿210,256,232,256,232,276,210,276,載
﻿210,276,232,276,232,297,210,297,󰚴
﻿210,297,232,297,232,317,210,317,盐
﻿210,317,232,317,232,337,210,337,入
﻿210,337,232,337,232,358,210,358,至
﻿210,358,232,358,232,378,210,378,靈
﻿210,378,232,378,232,399,210,399,城
﻿180,33,201,33,201,55,180,55,故
﻿180,55,201,55,201,78,180,78,也
﻿180,78,201,78,201,101,180,101,令
﻿180,101,201,101,201,124,180,124,點
﻿180,124,201,124,201,147,180,147,閲
﻿180,147,201,147,201,169,180,169,軍
﻿180,169,201,169,201,192,180,192,噐
﻿180,192,201,192,201,215,180,215,欠
﻿180,215,201,215,201,238,180,238,鈌
﻿180,238,201,238,201,261,180,261,者
﻿180,261,201,261,201,283,180,283,以
﻿180,283,201,283,201,306,180,306,軍
﻿180,306,201,306,201,329,180,329,憲
﻿180,329,201,329,201,352,180,352,處
﻿180,352,201,352,201,375,180,375,治
﻿180,375,201,375,201,398,180,398,令
﻿150,31,173,31,173,52,150,52,太
﻿150,52,173,52,173,74,150,74,原
﻿150,74,173,74,173,95,150,95,諒
﻿150,95,173,95,173,117,150,117,山
﻿150,117,173,117,173,139,150,139,納
﻿150,139,173,139,173,160,150,160,麻
﻿150,160,173,160,173,182,150,182,皮
﻿150,182,173,182,173,204,150,204,令
﻿150,204,173,204,173,225,150,225,司
﻿150,225,173,225,173,247,150,247,馬
﻿150,247,173,247,173,269,150,269,高
﻿150,269,173,269,173,290,150,290,馭
﻿150,290,173,290,173,312,150,312,總
﻿150,312,173,312,173,334,150,334,督
﻿150,334,173,334,173,355,150,355,天
﻿150,355,173,355,173,377,150,377,関
﻿150,377,173,377,173,399,150,399,鎮
﻿121,33,143,33,143,55,121,55,圍
﻿121,55,143,55,143,78,121,78,古
﻿121,78,143,78,143,101,121,101,弄
﻿121,101,143,101,143,124,121,124,城
﻿121,124,143,124,143,147,121,147,許
﻿121,147,143,147,143,169,121,169,先
﻿121,169,143,169,143,192,121,192,聞
﻿121,192,143,192,143,215,121,215,後
﻿121,215,143,215,143,238,121,238,治
﻿121,238,143,238,143,261,121,261,令
﻿121,261,143,261,143,283,121,283,新
﻿121,283,143,283,143,306,121,306,福
﻿121,306,143,306,143,329,121,329,開
﻿121,329,143,329,143,352,121,352,鉄
﻿121,352,143,352,143,375,121,375,治
﻿121,375,143,375,143,398,121,398,令
﻿91,33,115,33,115,53,91,53,少
﻿91,53,115,53,115,73,91,73,尉
﻿91,73,115,73,115,94,91,94,黎
﻿91,94,115,94,115,114,91,114,問
﻿91,114,115,114,115,134,91,134,屯
﻿91,134,115,134,115,155,91,155,東
﻿91,155,115,155,115,175,91,175,関
﻿91,175,115,175,115,195,91,195,城
﻿91,195,115,195,115,216,91,216,東
﻿91,216,115,216,115,236,91,236,門
﻿91,236,115,236,115,256,91,256,司
﻿91,256,115,256,115,277,91,277,空
﻿91,277,115,277,115,297,91,297,黎
﻿91,297,115,297,115,317,91,317,禮
﻿91,317,115,317,115,338,91,338,少
﻿91,338,115,338,115,358,91,358,尉
﻿91,358,115,358,115,378,91,378,黎
﻿91,378,115,378,115,399,91,399,察
﻿61,33,84,33,84,53,61,53,黎
﻿61,53,84,53,84,73,61,73,理
﻿61,73,84,73,84,94,61,94,黎
﻿61,94,84,94,84,114,61,114,磊
﻿61,114,84,114,84,134,61,134,黎
﻿61,134,84,134,84,155,61,155,隻
﻿61,155,84,155,84,175,61,175,屯
﻿61,175,84,175,84,195,61,195,南
﻿61,195,84,195,84,216,61,216,門
﻿61,216,84,216,84,236,61,236,少
﻿61,236,84,236,84,256,61,256,尉
﻿61,256,84,256,84,277,61,277,黎
﻿61,277,84,277,84,297,61,297,僃
﻿61,297,84,297,84,317,61,317,太
﻿61,317,84,317,84,338,61,338,監
﻿61,338,84,338,84,358,61,358,黎
﻿61,358,84,358,84,378,61,378,阮
﻿61,378,84,378,84,399,61,399,執
﻿33,33,55,33,55,53,33,53,令
﻿33,53,55,53,55,73,33,73,黎
﻿33,73,55,73,55,94,33,94,拯
﻿33,94,55,94,55,114,33,114,領
﻿33,114,55,114,55,134,33,134,鉄
﻿33,134,55,134,55,155,33,155,突
﻿33,155,55,155,55,175,33,175,三
﻿33,175,55,175,55,195,33,195,衛
﻿33,195,55,195,55,216,33,216,屯
﻿33,216,55,216,55,236,33,236,西
﻿33,236,55,236,55,256,33,256,門
﻿33,256,55,256,55,277,33,277,少
﻿33,277,55,277,55,297,33,297,尉
﻿33,297,55,297,55,317,33,317,黎
﻿33,317,55,317,55,338,33,338,篆
﻿33,338,55,338,55,358,33,358,黎
﻿33,358,55,358,55,378,33,378,文
﻿33,378,55,378,55,399,33,399,安
﻿4,33,27,33,27,54,4,54,領
﻿4,54,27,54,27,76,4,76,軍
﻿4,76,27,76,27,97,4,97,十
﻿4,97,27,97,27,119,4,119,四
﻿4,119,27,119,27,140,4,140,衛
﻿4,140,27,140,27,162,4,162,屯
﻿4,162,27,162,27,183,4,183,北
﻿4,183,27,183,27,205,4,205,門
﻿4,205,27,205,27,226,4,226,令
﻿4,226,27,226,27,248,4,248,三
﻿4,248,27,248,27,269,4,269,江
﻿4,269,27,269,27,291,4,291,三
﻿4,291,27,291,27,312,4,312,𢃄
﻿4,312,27,312,27,334,4,334,宣
﻿4,334,27,334,27,355,4,355,光
﻿4,355,27,355,27,377,4,377,歸
﻿4,377,27,377,27,399,4,399,化
