250,32,276,32,276,53,250,53,御
﻿250,53,276,53,276,74,250,74,敬
﻿250,74,276,74,276,95,250,95,天
﻿250,95,276,95,276,116,250,116,殿
﻿250,116,276,116,276,137,250,137,鴻
﻿250,137,276,137,276,158,250,158,臚
﻿250,158,276,158,276,179,250,179,等
﻿250,179,276,179,276,200,250,200,官
﻿250,200,276,200,276,222,250,222,傳
﻿250,222,276,222,276,243,250,243,制
﻿250,243,276,243,276,264,250,264,唱
﻿250,264,276,264,276,285,250,285,名
﻿250,285,276,285,276,306,250,306,吏
﻿250,306,276,306,276,327,250,327,部
﻿250,327,276,327,276,348,250,348,頒
﻿250,348,276,348,276,369,250,369,恩
﻿250,369,276,369,276,390,250,390,命
﻿250,390,276,390,276,412,250,412,禮
﻿219,35,246,35,246,55,219,55,部
﻿219,55,246,55,246,76,219,76,官
﻿219,76,246,76,246,97,219,97,捧
﻿219,97,246,97,246,118,219,118,黄
﻿219,118,246,118,246,139,219,139,榜
﻿219,139,246,139,246,160,219,160,皷
﻿219,160,246,160,246,181,219,181,樂
﻿219,181,246,181,246,202,219,202,導
﻿219,202,246,202,246,223,219,223,引
﻿219,223,246,223,246,243,219,243,出
﻿219,243,246,243,246,264,219,264,東
﻿219,264,246,264,246,285,219,285,華
﻿219,285,246,285,246,306,219,306,門
﻿219,306,246,306,246,327,219,327,外
﻿219,327,246,327,246,348,219,348,掛
﻿219,348,246,348,246,369,219,369,張
﻿219,369,246,369,246,390,219,390,畢
﻿219,390,246,390,246,411,219,411,馬
﻿191,36,213,36,213,57,191,57,厩
﻿191,57,213,57,213,78,191,78,司
﻿191,78,213,78,213,99,191,99,用
﻿191,99,213,99,213,120,191,120,良
﻿191,120,213,120,213,141,191,141,馬
﻿191,141,213,141,213,162,191,162,送
﻿191,162,213,162,213,183,191,183,狀
﻿191,183,213,183,213,204,191,204,元
﻿191,204,213,204,213,225,191,225,㱕
﻿191,225,213,225,213,246,191,246,第
﻿158,36,184,36,184,56,158,56,旨
﻿158,56,184,56,184,77,158,77,揮
﻿158,77,184,77,184,98,158,98,一
﻿158,98,184,98,184,119,158,119,在
﻿158,119,184,119,184,139,158,139,内
﻿158,139,184,139,184,160,158,160,壮
﻿158,160,184,160,184,181,158,181,士
﻿158,181,184,181,184,202,158,202,神
﻿158,202,184,202,184,223,158,223,武
﻿158,223,184,223,184,243,158,243,効
﻿158,243,184,243,184,264,158,264,力
﻿158,264,184,264,184,285,158,285,殿
﻿158,285,184,285,184,306,158,306,前
﻿158,306,184,306,184,326,158,326,五
﻿158,326,184,326,184,347,158,347,府
﻿158,347,184,347,184,368,158,368,馬
﻿158,368,184,368,184,389,158,389,閑
﻿158,389,184,389,184,410,158,410,馴
﻿128,32,150,32,150,53,128,53,象
﻿128,53,150,53,150,74,128,74,等
﻿128,74,150,74,150,95,128,95,衛
﻿128,95,150,95,150,116,128,116,司
﻿128,116,150,116,150,137,128,137,所
﻿128,137,150,137,150,158,128,158,及
﻿128,158,150,158,150,179,128,179,在
﻿128,179,150,179,150,200,128,200,外
﻿128,200,150,200,150,222,128,222,各
﻿128,222,150,222,150,243,128,243,衛
﻿128,243,150,243,150,264,128,264,所
﻿128,264,150,264,150,285,128,285,府
﻿128,285,150,285,150,306,128,306,州
﻿128,306,150,306,150,327,128,327,縣
﻿128,327,150,327,150,348,128,348,官
﻿128,348,150,348,150,369,128,369,間
﻿128,369,150,369,150,390,128,390,有
﻿128,390,150,390,150,412,128,412,脧
﻿96,31,121,31,121,52,96,52,削
﻿96,52,121,52,121,73,96,73,士
﻿96,73,121,73,121,94,96,94,卒
﻿96,94,121,94,121,115,96,115,漁
﻿96,115,121,115,121,136,96,136,󰔦
﻿96,136,121,136,121,157,96,157,軍
﻿96,157,121,157,121,178,96,178,民
﻿96,178,121,178,121,199,96,199,惟
﻿96,199,121,199,121,220,96,220,務
﻿96,220,121,220,121,241,96,241,肥
﻿96,241,121,241,121,262,96,262,家
﻿96,262,121,262,121,283,96,283,不
﻿96,283,121,283,121,304,96,304,恤
﻿96,304,121,304,121,325,96,325,國
﻿96,325,121,325,121,346,96,346,法
﻿96,346,121,346,121,367,96,367,者
﻿96,367,121,367,121,388,96,388,在
﻿96,388,121,388,121,409,96,409,内
﻿65,30,91,30,91,51,65,51,指
﻿65,51,91,51,91,72,65,72,揮
﻿65,72,91,72,91,93,65,93,提
﻿65,93,91,93,91,114,65,114,督
﻿65,114,91,114,91,135,65,135,檢
﻿65,135,91,135,91,157,65,157,點
﻿65,157,91,157,91,178,65,178,都
﻿65,178,91,178,91,199,65,199,督
﻿65,199,91,199,91,220,65,220,堂
﻿65,220,91,220,91,241,65,241,上
﻿65,241,91,241,91,262,65,262,及
﻿65,262,91,262,91,284,65,284,断
﻿65,284,91,284,91,305,65,305,事
﻿65,305,91,305,91,326,65,326,經
﻿65,326,91,326,91,347,65,347,歷
﻿65,347,91,347,91,368,65,368,等
﻿65,368,91,368,91,389,65,389,官
﻿65,389,91,389,91,411,65,411,在
﻿34,28,60,28,60,49,34,49,外
﻿34,49,60,49,60,70,34,70,承
﻿34,70,60,70,60,91,34,91,憲
﻿34,91,60,91,60,112,34,112,二
﻿34,112,60,112,60,133,34,133,司
﻿34,133,60,133,60,154,34,154,各
﻿34,154,60,154,60,175,34,175,宜
﻿34,175,60,175,60,196,34,196,断
﻿34,196,60,196,60,218,34,218,以
﻿34,218,60,218,60,239,34,239,公
﻿34,239,60,239,60,260,34,260,心
﻿34,260,60,260,60,281,34,281,參
﻿34,281,60,281,60,302,34,302,諸
﻿34,302,60,302,60,323,34,323,眾
﻿34,323,60,323,60,344,34,344,論
﻿34,344,60,344,60,365,34,365,前
﻿34,365,60,365,60,386,34,386,項
﻿34,386,60,386,60,408,34,408,冗
﻿5,28,31,28,31,49,5,49,濫
﻿5,49,31,49,31,70,5,70,雖
﻿5,70,31,70,31,91,5,91,無
﻿5,91,31,91,31,112,5,112,實
﻿5,112,31,112,31,133,5,133,跡
﻿5,133,31,133,31,154,5,154,眾
﻿5,154,31,154,31,175,5,175,所
﻿5,175,31,175,31,196,5,196,共
﻿5,196,31,196,31,218,5,218,知
﻿5,218,31,218,31,239,5,239,者
﻿5,239,31,239,31,260,5,260,及
﻿5,260,31,260,31,281,5,281,有
﻿5,281,31,281,31,302,5,302,亷
﻿5,302,31,302,31,323,5,323,潔
﻿5,323,31,323,31,344,5,344,之
﻿5,344,31,344,31,365,5,365,人
﻿5,365,31,365,31,386,5,386,不
﻿5,386,31,386,31,408,5,408,爲
