237,30,261,30,261,50,237,50,節
﻿237,50,261,50,261,71,237,71,制
﻿237,71,261,71,261,92,237,92,鄭
﻿237,92,261,92,261,113,237,113,松
﻿237,113,261,113,261,134,237,134,觧
﻿237,134,261,134,261,155,237,155,其
﻿237,155,261,155,261,176,237,176,縛
﻿237,176,261,176,261,197,237,197,待
﻿237,197,261,197,261,218,237,218,以
﻿237,218,261,218,261,238,237,238,賓
﻿237,238,261,238,261,259,237,259,禮
﻿237,259,261,259,261,280,237,280,宣
﻿237,280,261,280,261,301,237,301,諭
﻿237,301,261,301,261,322,237,322,慰
﻿237,322,261,322,261,343,237,343,勞
﻿237,343,261,343,261,364,237,364,語
﻿237,364,261,364,261,385,237,385,及
﻿237,385,261,385,261,406,237,406,前
﻿208,33,231,33,231,53,208,53,王
﻿208,53,231,53,231,74,208,74,豢
﻿208,74,231,74,231,95,208,95,養
﻿208,95,231,95,231,116,208,116,恩
﻿208,116,231,116,231,136,208,136,義
﻿208,136,231,136,231,157,208,157,不
﻿208,157,231,157,231,178,208,178,忍
﻿208,178,231,178,231,199,208,199,加
﻿208,199,231,199,231,220,208,220,害
﻿208,220,231,220,231,240,208,240,倦
﻿208,240,231,240,231,261,208,261,赧
﻿208,261,231,261,231,282,208,282,靣
﻿208,282,231,282,231,303,208,303,慚
﻿208,303,231,303,231,323,208,323,伏
﻿208,323,231,323,231,344,208,344,自
﻿208,344,231,344,231,365,208,365,歎
﻿208,365,231,365,231,386,208,386,曰
﻿208,386,231,386,231,407,208,407,敗
﻿176,32,201,32,201,53,176,53,軍
﻿176,53,201,53,201,75,176,75,之
﻿176,75,201,75,201,96,176,96,将
﻿176,96,201,96,201,118,176,118,不
﻿176,118,201,118,201,140,176,140,可
﻿176,140,201,140,201,161,176,161,語
﻿176,161,201,161,201,183,176,183,勇
﻿176,183,201,183,201,205,176,205,天
﻿176,205,201,205,201,226,176,226,已
﻿176,226,201,226,201,248,176,248,亡
﻿176,248,201,248,201,270,176,270,莫
﻿176,270,201,270,201,291,176,291,英
﻿176,291,201,291,201,313,176,313,䧺
﻿176,313,201,313,201,335,176,335,難
﻿176,335,201,335,201,356,176,356,施
﻿176,356,201,356,201,378,176,378,其
﻿176,378,201,378,201,400,176,400,力
﻿146,34,172,34,172,52,146,52,節
﻿146,52,172,52,172,71,146,71,制
﻿146,71,172,71,172,89,146,89,鄭
﻿146,89,172,89,172,108,146,108,松
﻿146,108,172,108,172,126,146,126,嘉
﻿146,126,172,126,172,145,146,145,其
﻿146,145,172,145,172,163,146,163,言
﻿146,163,172,163,172,182,146,182,是
﻿146,182,172,182,172,200,146,200,日
﻿146,200,172,200,172,219,146,219,莫
﻿146,219,172,219,172,238,146,238,兵
﻿146,238,172,238,172,256,146,256,横
﻿146,256,172,256,172,275,146,275,屍
﻿146,275,172,275,172,293,146,293,相
﻿146,293,172,293,172,312,146,312,枕
﻿146,312,172,312,172,330,146,330,填
﻿146,330,172,330,172,349,146,349,委
﻿146,349,172,349,172,367,146,367,满
﻿146,367,172,367,172,386,146,386,壑
﻿146,386,172,386,172,405,146,405,血
﻿117,34,140,34,140,54,117,54,流
﻿117,54,140,54,140,75,117,75,漂
﻿117,75,140,75,140,96,117,96,杵
﻿117,96,140,96,140,116,117,116,斬
﻿117,116,140,116,140,137,117,137,賊
﻿117,137,140,137,140,158,117,158,馘
﻿117,158,140,158,140,179,117,179,千
﻿117,179,140,179,140,199,117,199,餘
﻿117,199,140,199,140,220,117,220,級
﻿117,220,140,220,140,241,117,241,莫
﻿117,241,140,241,140,261,117,261,将
﻿117,261,140,261,140,282,117,282,死
﻿117,282,140,282,140,303,117,303,者
﻿117,303,140,303,140,324,117,324,數
﻿117,324,140,324,140,344,117,344,十
﻿117,344,140,344,140,365,117,365,員
﻿117,365,140,365,140,386,117,386,噐
﻿117,386,140,386,140,407,117,407,械
﻿85,31,110,31,110,51,85,51,山
﻿85,51,110,51,110,72,85,72,積
﻿85,72,110,72,110,93,85,93,京
﻿85,93,110,93,110,114,85,114,城
﻿85,114,110,114,110,135,85,135,殿
﻿85,135,110,135,110,156,85,156,屋
﻿85,156,110,156,110,177,85,177,蕭
﻿85,177,110,177,110,198,85,198,然
﻿85,198,110,198,110,219,85,219,一
﻿85,219,110,219,110,239,85,239,空
﻿85,239,110,239,110,260,85,260,莫
﻿85,260,110,260,110,281,85,281,茂
﻿85,281,110,281,110,302,85,302,洽
﻿85,302,110,302,110,323,85,323,股
﻿85,323,110,323,110,344,85,344,慄
﻿85,344,110,344,110,365,85,365,心
﻿85,365,110,365,110,386,85,386,驚
﻿85,386,110,386,110,407,85,407,收
﻿56,33,80,33,80,53,56,53,殘
﻿56,53,80,53,80,74,56,74,卒
﻿56,74,80,74,80,94,56,94,㨿
﻿56,94,80,94,80,115,56,115,長
﻿56,115,80,115,80,136,56,136,江
﻿56,136,80,136,80,156,56,156,自
﻿56,156,80,156,80,177,56,177,守
﻿56,177,80,177,80,197,56,197,節
﻿56,197,80,197,80,218,56,218,制
﻿56,218,80,218,80,239,56,239,鄭
﻿56,239,80,239,80,259,56,259,松
﻿56,259,80,259,80,280,56,280,兵
﻿56,280,80,280,80,300,56,300,至
﻿56,300,80,300,80,321,56,321,江
﻿56,321,80,321,80,342,56,342,會
﻿56,342,80,342,80,362,56,362,日
﻿56,362,80,362,80,383,56,383,暮
﻿56,383,80,383,80,404,56,404,且
﻿28,39,52,39,52,59,28,59,曰
﻿28,59,52,59,52,79,28,79,兵
﻿28,79,52,79,52,100,28,100,法
﻿28,100,52,100,52,120,28,120,曰
﻿28,120,52,120,52,140,28,140,窮
﻿28,140,52,140,52,161,28,161,㓂
﻿28,161,52,161,52,181,28,181,勿
﻿28,181,52,181,52,202,28,202,追
﻿28,202,52,202,52,222,28,222,遂
﻿28,222,52,222,52,242,28,242,收
﻿28,242,52,242,52,263,28,263,兵
﻿28,263,52,263,52,283,28,283,屯
﻿28,283,52,283,52,304,28,304,駐
﻿28,304,52,304,52,324,28,324,安
﻿28,324,52,324,52,344,28,344,營
﻿28,344,52,344,52,365,28,365,依
﻿28,365,52,365,52,385,28,385,如
﻿28,385,52,385,52,406,28,406,圖
﻿4,35,24,35,24,55,4,55,次
﻿4,55,24,55,24,76,4,76,十
﻿4,76,24,76,24,96,4,96,五
﻿4,96,24,96,24,117,4,117,日
﻿4,117,24,117,24,138,4,138,令
﻿4,138,24,138,24,158,4,158,諸
﻿4,158,24,158,24,179,4,179,軍
﻿4,179,24,179,24,199,4,199,士
﻿4,199,24,199,24,220,4,220,平
﻿4,220,24,220,24,241,4,241,削
﻿4,241,24,241,24,261,4,261,大
﻿4,261,24,261,24,282,4,282,羅
﻿4,282,24,282,24,302,4,302,城
﻿4,302,24,302,24,323,4,323,土
﻿4,323,24,323,24,344,4,344,壘
﻿4,344,24,344,24,364,4,364,直
﻿4,364,24,364,24,385,4,385,數
﻿4,385,24,385,24,406,4,406,千
