250,51,270,51,270,71,250,71,戊
﻿250,71,270,71,270,92,250,92,子
﻿257,94,270,94,270,113,257,113,唐
﻿257,113,270,113,270,132,257,132,太
﻿257,132,270,132,270,151,257,151,宗
﻿257,151,270,151,270,170,257,170,世
﻿257,170,270,170,270,190,257,190,民
﻿243,95,256,95,256,115,243,115,貞
﻿243,115,256,115,256,135,243,135,觀
﻿243,135,256,135,256,155,243,155,二
﻿243,155,256,155,256,175,243,175,年
﻿242,192,267,192,267,212,242,212,唐
﻿242,212,267,212,267,232,242,232,宗
﻿242,232,267,232,267,252,242,252,室
﻿242,252,267,252,267,273,242,273,李
﻿242,273,267,273,267,293,242,293,壽
﻿242,293,267,293,267,313,242,313,為
﻿242,313,267,313,267,333,242,333,交
﻿242,333,267,333,267,354,242,354,趾
﻿242,354,267,354,267,374,242,374,都
﻿242,374,267,374,267,394,242,394,督
﻿242,394,267,394,267,414,242,414,貪
﻿242,414,267,414,267,435,242,435,墨
﻿214,51,239,51,239,71,214,71,得
﻿214,71,239,71,239,91,214,91,罪
﻿214,91,239,91,239,111,214,111,唐
﻿214,111,239,111,239,131,214,131,帝
﻿214,131,239,131,239,151,214,151,以
﻿214,151,239,151,239,171,214,171,嬴
﻿214,171,239,171,239,192,214,192,州
﻿214,192,239,192,239,212,214,212,刺
﻿214,212,239,212,239,232,214,232,使
﻿214,232,239,232,239,252,214,252,盧
﻿214,252,239,252,239,272,214,272,祖
﻿214,272,239,272,239,292,214,292,尚
﻿214,292,239,292,239,313,214,313,才
﻿214,313,239,313,239,333,214,333,兼
﻿214,333,239,333,239,353,214,353,文
﻿214,353,239,353,239,373,214,373,武
﻿214,373,239,373,239,393,214,393,徵
﻿214,393,239,393,239,413,214,413,入
﻿214,413,239,413,239,434,214,434,朝
﻿184,51,208,51,208,71,184,71,諭
﻿184,71,208,71,208,91,184,91,曰
﻿184,91,208,91,208,111,184,111,交
﻿184,111,208,111,208,132,184,132,趾
﻿184,132,208,132,208,152,184,152,久
﻿184,152,208,152,208,172,184,172,不
﻿184,172,208,172,208,193,184,193,得
﻿184,193,208,193,208,213,184,213,人
﻿184,213,208,213,208,233,184,233,前
﻿184,233,208,233,208,254,184,254,後
﻿184,254,208,254,208,274,184,274,都
﻿184,274,208,274,208,294,184,294,督
﻿184,294,208,294,208,315,184,315,皆
﻿184,315,208,315,208,335,184,335,不
﻿184,335,208,335,208,355,184,355,稱
﻿184,355,208,355,208,376,184,376,職
﻿184,376,208,376,208,396,184,396,卿
﻿184,396,208,396,208,416,184,416,有
﻿184,416,208,416,208,436,184,436,安
﻿155,51,179,51,179,71,155,71,邊
﻿155,71,179,71,179,91,155,91,之
﻿155,91,179,91,179,111,155,111,畧
﻿155,111,179,111,179,131,155,131,為
﻿155,131,179,131,179,152,155,152,我
﻿155,152,179,152,179,172,155,172,鎮
﻿155,172,179,172,179,192,155,192,之
﻿155,192,179,192,179,212,155,212,勿
﻿155,212,179,212,179,232,155,232,以
﻿155,232,179,232,179,253,155,253,道
﻿155,253,179,253,179,273,155,273,遠
﻿155,273,179,273,179,293,155,293,為
﻿155,293,179,293,179,313,155,313,辭
﻿155,313,179,313,179,333,155,333,祖
﻿155,333,179,333,179,354,155,354,尚
﻿155,354,179,354,179,374,155,374,拜
﻿155,374,179,374,179,394,155,394,謝
﻿155,394,179,394,179,414,155,414,既
﻿155,414,179,414,179,435,155,435,而
﻿125,51,149,51,149,71,125,71,復
﻿125,71,149,71,149,91,125,91,悔
﻿125,91,149,91,149,111,125,111,以
﻿125,111,149,111,149,132,125,132,疾
﻿125,132,149,132,149,152,125,152,辭
﻿125,152,149,152,149,172,125,172,唐
﻿125,172,149,172,149,193,125,193,帝
﻿125,193,149,193,149,213,125,213,遣
﻿125,213,149,213,149,233,125,233,杜
﻿125,233,149,233,149,254,125,254,如
﻿125,254,149,254,149,274,125,274,晦
﻿125,274,149,274,149,294,125,294,諭
﻿125,294,149,294,149,315,125,315,㫖
﻿125,315,149,315,149,335,125,335,固
﻿125,335,149,335,149,355,125,355,辭
﻿125,355,149,355,149,376,125,376,又
﻿125,376,149,376,149,396,125,396,遣
﻿125,396,149,396,149,416,125,416,其
﻿125,416,149,416,149,436,125,436,妻
﻿97,52,119,52,119,72,97,72,兄
﻿97,72,119,72,119,92,97,92,周
﻿97,92,119,92,119,112,97,112,範
﻿97,112,119,112,119,132,97,132,往
﻿97,132,119,132,119,152,97,152,諭
﻿97,152,119,152,119,172,97,172,之
﻿97,172,119,172,119,192,97,192,曰
﻿97,192,119,192,119,212,97,212,匹
﻿97,212,119,212,119,232,97,232,夫
﻿97,232,119,232,119,252,97,252,相
﻿97,252,119,252,119,272,97,272,許
﻿97,272,119,272,119,292,97,292,猶
﻿97,292,119,292,119,312,97,312,䏻
﻿97,312,119,312,119,332,97,332,存
﻿97,332,119,332,119,352,97,352,信
﻿97,352,119,352,119,372,97,372,卿
﻿97,372,119,372,119,392,97,392,靣
﻿97,392,119,392,119,412,97,412,許
﻿97,412,119,412,119,432,97,432,朕
﻿66,52,91,52,91,72,66,72,𡸈
﻿66,72,91,72,91,92,66,92,得
﻿66,92,91,92,91,112,66,112,皆
﻿66,112,91,112,91,132,66,132,之
﻿66,132,91,132,91,152,66,152,宜
﻿66,152,91,152,91,172,66,172,可
﻿66,172,91,172,91,192,66,192,早
﻿66,192,91,192,91,212,66,212,行
﻿66,212,91,212,91,232,66,232,三
﻿66,232,91,232,91,253,66,253,年
﻿66,253,91,253,91,273,66,273,必
﻿66,273,91,273,91,293,66,293,召
﻿66,293,91,293,91,313,66,313,朕
﻿66,313,91,313,91,333,66,333,不
﻿66,333,91,333,91,353,66,353,食
﻿66,353,91,353,91,373,66,373,言
﻿66,373,91,373,91,393,66,393,對
﻿66,393,91,393,91,413,66,413,曰
﻿66,413,91,413,91,434,66,434,嶺
﻿38,51,63,51,63,71,38,71,南
﻿38,71,63,71,63,91,38,91,瘴
﻿38,91,63,91,63,111,38,111,癘
﻿38,111,63,111,63,131,38,131,去
﻿38,131,63,131,63,151,38,151,無
﻿38,151,63,151,63,171,38,171,還
﻿38,171,63,171,63,191,38,191,理
﻿38,191,63,191,63,211,38,211,唐
﻿38,211,63,211,63,231,38,231,帝
﻿38,231,63,231,63,251,38,251,怒
﻿38,251,63,251,63,271,38,271,曰
﻿38,271,63,271,63,291,38,291,我
﻿38,291,63,291,63,311,38,311,使
﻿38,311,63,311,63,331,38,331,人
﻿38,331,63,331,63,351,38,351,不
﻿38,351,63,351,63,371,38,371,行
﻿38,371,63,371,63,391,38,391,何
﻿38,391,63,391,63,411,38,411,以
﻿38,411,63,411,63,432,38,432,為
﻿10,50,34,50,34,70,10,70,政
﻿10,70,34,70,34,90,10,90,命
﻿10,90,34,90,34,111,10,111,斬
﻿10,111,34,111,34,131,10,131,於
﻿10,131,34,131,34,152,10,152,朝
﻿10,152,34,152,34,172,10,172,堂
﻿10,172,34,172,34,193,10,193,尋
﻿10,193,34,193,34,213,10,213,悔
﻿10,213,34,213,34,234,10,234,?
﻿10,234,34,234,34,254,10,254,復
﻿10,254,34,254,34,275,10,275,其
﻿10,275,34,275,34,295,10,295,官
﻿10,295,34,295,34,316,10,316,蔭
