258,33,282,33,282,54,258,54,六
﻿258,54,282,54,282,75,258,75,月
﻿258,75,282,75,282,96,258,96,勑
﻿258,96,282,96,282,117,258,117,旨
﻿258,117,282,117,282,138,258,138,功
﻿258,138,282,138,282,159,258,159,臣
﻿258,159,282,159,282,180,258,180,子
﻿258,180,282,180,282,201,258,201,孫
﻿258,201,282,201,282,222,258,222,受
﻿258,222,282,222,282,243,258,243,散
﻿258,243,282,243,282,264,258,264,官
﻿258,264,282,264,282,285,258,285,開
﻿258,285,282,285,282,306,258,306,國
﻿258,306,282,306,282,327,258,327,時
﻿258,327,282,327,282,348,258,348,預
﻿258,348,282,348,282,369,258,369,從
﻿258,369,282,369,282,390,258,390,義
﻿258,390,282,390,282,412,258,412,旗
﻿230,36,254,36,254,56,230,56,已
﻿230,56,254,56,254,77,230,77,受
﻿230,77,254,77,254,98,230,98,正
﻿230,98,254,98,254,119,230,119,督
﻿230,119,254,119,254,139,230,139,同
﻿230,139,254,139,254,160,230,160,督
﻿230,160,254,160,254,181,230,181,等
﻿230,181,254,181,254,202,230,202,號
﻿230,202,254,202,254,223,230,223,緣
﻿230,223,254,223,254,243,230,243,擊
﻿230,243,254,243,254,264,230,264,吳
﻿230,264,254,264,254,285,230,285,賊
﻿230,285,254,285,254,306,230,306,陣
﻿230,306,254,306,254,326,230,326,亡
﻿230,326,254,326,254,347,230,347,未
﻿230,347,254,347,254,368,230,368,得
﻿230,368,254,368,254,389,230,389,職
﻿230,389,254,389,254,410,230,410,品
﻿201,33,227,33,227,54,201,54,者
﻿201,54,227,54,227,75,201,75,并
﻿201,75,227,75,227,96,201,96,有
﻿201,96,227,96,227,117,201,117,姓
﻿201,117,227,117,227,138,201,138,名
﻿201,138,227,138,227,159,201,159,𨻫
﻿201,159,227,159,227,180,201,180,崖
﻿201,180,227,180,227,201,201,201,功
﻿201,201,227,201,227,222,201,222,臣
﻿201,222,227,222,227,243,201,243,簿
﻿201,243,227,243,227,264,201,264,如
﻿201,264,227,264,227,285,201,285,黎
﻿201,285,227,285,227,306,201,306,棹
﻿201,306,227,306,227,327,201,327,之
﻿201,327,227,327,227,348,201,348,類
﻿201,348,227,348,227,369,201,369,生
﻿201,369,227,369,227,390,201,390,時
﻿201,390,227,390,227,412,201,412,官
﻿168,33,194,33,194,54,168,54,未
﻿168,54,194,54,194,75,168,75,一
﻿168,75,194,75,194,96,168,96,二
﻿168,96,194,96,194,117,168,117,品
﻿168,117,194,117,194,138,168,138,者
﻿168,138,194,138,194,159,168,159,今
﻿168,159,194,159,194,180,168,180,猶
﻿168,180,194,180,194,201,168,201,有
﻿168,201,194,201,194,222,168,222,子
﻿168,222,194,222,194,243,168,243,孫
﻿168,243,194,243,194,264,168,264,許
﻿168,264,194,264,194,285,168,285,投
﻿168,285,194,285,194,306,168,306,告
﻿168,306,194,306,194,327,168,327,吏
﻿168,327,194,327,194,348,168,348,部
﻿168,348,194,348,194,369,168,369,查
﻿168,369,194,369,194,390,168,390,實
﻿168,390,194,390,194,411,168,411,類
﻿141,32,163,32,163,53,141,53,奏
﻿141,53,163,53,163,75,141,75,授
﻿141,75,163,75,163,96,141,96,一
﻿141,96,163,96,163,118,141,118,品
﻿141,118,163,118,163,139,141,139,散
﻿141,139,163,139,163,161,141,161,官
﻿110,33,133,33,133,54,110,54,冬
﻿110,54,133,54,133,75,110,75,十
﻿110,75,133,75,133,96,110,96,月
﻿110,96,133,96,133,117,110,117,鄕
﻿110,117,133,117,133,138,110,138,試
﻿110,138,133,138,133,159,110,159,天
﻿110,159,133,159,133,180,110,180,下
﻿110,180,133,180,133,201,110,201,士
﻿110,201,133,201,133,222,110,222,人
﻿110,222,133,222,133,243,110,243,命
﻿110,243,133,243,133,264,110,264,翰
﻿110,264,133,264,133,285,110,285,林
﻿110,285,133,285,133,306,110,306,官
﻿110,306,133,306,133,327,110,327,作
﻿110,327,133,327,133,348,110,348,海
﻿110,348,133,348,133,369,110,369,陽
﻿110,369,133,369,133,390,110,390,山
﻿110,390,133,390,133,411,110,411,南
﻿78,36,103,36,103,56,78,56,三
﻿78,56,103,56,103,77,78,77,江
﻿78,77,103,77,103,98,78,98,京
﻿78,98,103,98,103,118,78,118,北
﻿78,118,103,118,103,139,78,139,四
﻿78,139,103,139,103,160,78,160,承
﻿78,160,103,160,103,181,78,181,宣
﻿78,181,103,181,103,201,78,201,司
﻿78,201,103,201,103,222,78,222,考
﻿78,222,103,222,103,243,78,243,官
﻿78,243,103,243,103,263,78,263,海
﻿78,263,103,263,103,284,78,284,司
﻿78,284,103,284,103,305,78,305,四
﻿78,305,103,305,103,326,78,326,貟
﻿78,326,103,326,103,346,78,346,翰
﻿78,346,103,346,103,367,78,367,林
﻿78,367,103,367,103,388,78,388,作
﻿78,388,103,388,103,409,78,409,鄕
﻿49,32,73,32,73,53,49,53,試
﻿49,53,73,53,73,74,49,74,考
﻿49,74,73,74,73,96,49,96,官
﻿49,96,73,96,73,117,49,117,自
﻿49,117,73,117,73,138,49,138,此
﻿49,138,73,138,73,160,49,160,始
﻿18,33,42,33,42,53,18,53,十
﻿18,53,42,53,42,74,18,74,一
﻿18,74,42,74,42,95,18,95,月
﻿18,95,42,95,42,116,18,116,六
﻿18,116,42,116,42,137,18,137,日
﻿18,137,42,137,42,158,18,158,遣
﻿18,158,42,158,42,178,18,178,陪
﻿18,178,42,178,42,199,18,199,臣
﻿18,199,42,199,42,220,18,220,黎
﻿18,220,42,220,42,241,18,241,俞
﻿18,241,42,241,42,262,18,262,裴
﻿18,262,42,262,42,283,18,283,崇
﻿18,283,42,283,42,303,18,303,道
﻿18,303,42,303,42,324,18,324,阮
﻿18,324,42,324,42,345,18,345,彦
﻿18,345,42,345,42,366,18,366,克
﻿18,366,42,366,42,387,18,387,鄭
﻿18,387,42,387,42,408,18,408,葵
