248,30,270,30,270,50,248,50,四
﻿248,50,270,50,270,70,248,70,枚
﻿248,70,270,70,270,90,248,90,鬪
﻿248,90,270,90,270,110,248,110,楯
﻿248,110,270,110,270,130,248,130,一
﻿248,130,270,130,270,151,248,151,道
﻿248,151,270,151,270,171,248,171,自
﻿248,171,270,171,270,191,248,191,入
﻿248,191,270,191,270,211,248,211,中
﻿248,211,270,211,270,231,248,231,至
﻿248,231,270,231,270,251,248,251,十
﻿248,251,270,251,270,272,248,272,中
﻿248,272,270,272,270,292,248,292,為
﻿248,292,270,292,270,312,248,312,上
﻿248,312,270,312,270,332,248,332,及
﻿248,332,270,332,270,352,248,352,六
﻿248,352,270,352,270,372,248,372,中
﻿248,372,270,372,270,393,248,393,至
﻿220,29,245,29,245,49,220,49,七
﻿220,49,245,49,245,69,220,69,中
﻿220,69,245,69,245,89,220,89,爲
﻿220,89,245,89,245,109,220,109,中
﻿220,109,245,109,245,129,220,129,級
﻿220,129,245,129,245,150,220,150,四
﻿220,150,245,150,245,170,220,170,中
﻿220,170,245,170,245,190,220,190,至
﻿220,190,245,190,245,210,220,210,五
﻿220,210,245,210,245,230,220,230,中
﻿220,230,245,230,245,250,220,250,爲
﻿220,250,245,250,245,271,220,271,下
﻿220,271,245,271,245,291,220,291,級
﻿220,291,245,291,245,311,220,311,賞
﻿220,311,245,311,245,331,220,331,各
﻿220,331,245,331,245,351,220,351,有
﻿220,351,245,351,245,371,220,371,差
﻿220,371,245,371,245,392,220,392,若
﻿191,32,216,32,216,52,191,52,二
﻿191,52,216,52,216,72,191,72,中
﻿191,72,216,72,216,92,191,92,至
﻿191,92,216,92,216,112,191,112,三
﻿191,112,216,112,216,132,191,132,中
﻿191,132,216,132,216,153,191,153,者
﻿191,153,216,153,216,173,191,173,無
﻿191,173,216,173,216,193,191,193,賞
﻿191,193,216,193,216,213,191,213,無
﻿191,213,216,213,216,233,191,233,罸
﻿191,233,216,233,216,253,191,253,一
﻿191,253,216,253,216,274,191,274,中
﻿191,274,216,274,216,294,191,294,至
﻿191,294,216,294,216,314,191,314,不
﻿191,314,216,314,216,334,191,334,中
﻿191,334,216,334,216,354,191,354,者
﻿191,354,216,354,216,374,191,374,罸
﻿191,374,216,374,216,395,191,395,錢
﻿161,31,186,31,186,52,161,52,亦
﻿161,52,186,52,186,74,161,74,有
﻿161,74,186,74,186,96,161,96,差
﻿161,96,186,96,186,118,161,118,以
﻿161,118,186,118,186,140,161,140,鄭
﻿161,140,186,140,186,162,161,162,公
﻿161,162,186,162,186,184,161,184,吳
﻿161,184,186,184,186,206,161,206,為
﻿161,206,186,206,186,228,161,228,户
﻿161,228,186,228,186,250,161,250,部
﻿161,250,186,250,186,272,161,272,上
﻿161,272,186,272,186,294,161,294,書
﻿132,15,155,15,155,34,132,34,己
﻿132,34,155,34,155,53,132,53,亥
﻿132,53,155,53,155,72,132,72,十
﻿132,72,155,72,155,92,132,92,年
﻿143,94,155,94,155,112,143,112,明
﻿143,112,155,112,155,130,143,130,成
﻿143,130,155,130,155,149,143,149,化
﻿131,93,142,93,142,112,131,112,十
﻿131,112,142,112,142,131,131,131,五
﻿131,131,142,131,142,151,131,151,年
﻿131,152,155,152,155,171,131,171,春
﻿131,171,155,171,155,191,131,191,正
﻿131,191,155,191,155,211,131,211,月
﻿131,211,155,211,155,231,131,231,初
﻿131,231,155,231,155,251,131,251,九
﻿131,251,155,251,155,271,131,271,日
﻿131,271,155,271,155,290,131,290,遷
﻿131,290,155,290,155,310,131,310,真
﻿131,310,155,310,155,330,131,330,武
﻿131,330,155,330,155,350,131,350,各
﻿131,350,155,350,155,370,131,370,将
﻿131,370,155,370,155,390,131,390,出
﻿103,29,126,29,126,50,103,50,外
﻿103,50,126,50,126,72,103,72,二
﻿103,72,126,72,126,93,103,93,十
﻿103,93,126,93,126,115,103,115,六
﻿103,115,126,115,126,136,103,136,日
﻿103,136,126,136,126,158,103,158,上
﻿103,158,126,158,126,180,103,180,御
﻿103,180,126,180,126,201,103,201,駕
﻿103,201,126,201,126,223,103,223,閲
﻿103,223,126,223,126,244,103,244,武
﻿103,244,126,244,126,266,103,266,九
﻿103,266,126,266,126,287,103,287,十
﻿103,287,126,287,126,309,103,309,六
﻿103,309,126,309,126,331,103,331,日
﻿72,29,97,29,97,49,72,49,令
﻿72,49,97,49,97,69,72,69,史
﻿72,69,97,69,97,89,72,89,官
﻿72,89,97,89,97,109,72,109,修
﻿72,109,97,109,97,129,72,129,𢮪
﻿72,129,97,129,97,150,72,150,吳
﻿72,150,97,150,97,170,72,170,士
﻿72,170,97,170,97,190,72,190,連
﻿72,190,97,190,97,210,72,210,撰
﻿72,210,97,210,97,230,72,230,大
﻿72,230,97,230,97,250,72,250,越
﻿72,250,97,250,97,271,72,271,史
﻿72,271,97,271,97,291,72,291,記
﻿72,291,97,291,97,311,72,311,全
﻿72,311,97,311,97,331,72,331,書
﻿72,331,97,331,97,351,72,351,十
﻿72,351,97,351,97,371,72,371,五
﻿72,371,97,371,97,392,72,392,卷
﻿44,31,68,31,68,52,44,52,二
﻿44,52,68,52,68,74,44,74,月
﻿44,74,68,74,68,95,44,95,二
﻿44,95,68,95,68,117,44,117,十
﻿44,117,68,117,68,139,44,139,日
﻿44,139,68,139,68,160,44,160,上
﻿44,160,68,160,68,182,44,182,御
﻿44,182,68,182,68,203,44,203,駕
﻿44,203,68,203,68,225,44,225,觀
﻿44,225,68,225,68,247,44,247,西
﻿44,247,68,247,68,268,44,268,湖
﻿44,268,68,268,68,290,44,290,捕
﻿44,290,68,290,68,312,44,312,魚
﻿14,30,40,30,40,50,14,50,三
﻿14,50,40,50,40,70,14,70,月
﻿14,70,40,70,40,90,14,90,十
﻿14,90,40,90,40,110,14,110,日
﻿14,110,40,110,40,130,14,130,勑
﻿14,130,40,130,40,151,14,151,止
﻿14,151,40,151,40,171,14,171,官
﻿14,171,40,171,40,191,14,191,貟
﻿14,191,40,191,40,211,14,211,怠
﻿14,211,40,211,40,231,14,231,慢
﻿14,231,40,231,40,251,14,251,鄙
﻿14,251,40,251,40,272,14,272,猥
﻿14,272,40,272,40,292,14,292,闒
﻿14,292,40,292,40,312,14,312,茸
﻿14,312,40,312,40,332,14,332,皮
﻿14,332,40,332,40,352,14,352,劣
﻿14,352,40,352,40,372,14,372,功
﻿14,372,40,372,40,393,14,393,臣
