258,15,276,15,276,35,258,35,甲
﻿258,35,276,35,276,56,258,56,辰
﻿258,56,276,56,276,76,258,76,十
﻿258,76,276,76,276,97,258,97,二
﻿258,97,276,97,276,118,258,118,年
﻿268,120,277,120,277,143,268,143,莫
﻿268,143,277,143,277,166,268,166,廣
﻿268,166,277,166,277,189,268,189,和
﻿268,189,277,189,277,212,268,212,四
﻿268,212,277,212,277,236,268,236,年
﻿256,120,267,120,267,137,256,137,明
﻿256,137,267,137,267,154,256,154,嘉
﻿256,154,267,154,267,171,256,171,靖
﻿256,171,267,171,267,189,256,189,二
﻿256,189,267,189,267,206,256,206,十
﻿256,206,267,206,267,223,256,223,三
﻿256,223,267,223,267,241,256,241,年
﻿259,242,276,242,276,262,259,262,春
﻿259,262,276,262,276,283,259,283,莫
﻿259,283,276,283,276,303,259,303,開
﻿259,303,276,303,276,324,259,324,會
﻿259,324,276,324,276,345,259,345,試
﻿259,345,276,345,276,365,259,365,賜
﻿259,365,276,365,276,386,259,386,武
﻿259,386,276,386,276,407,259,407,璥
﻿226,31,251,31,251,51,226,51,等
﻿226,51,251,51,251,72,226,72,三
﻿226,72,251,72,251,93,226,93,人
﻿226,93,251,93,251,113,226,113,進
﻿226,113,251,113,251,134,226,134,士
﻿226,134,251,134,251,155,226,155,出
﻿226,155,251,155,251,176,226,176,身
﻿226,176,251,176,251,196,226,196,阮
﻿226,196,251,196,251,217,226,217,有
﻿226,217,251,217,251,238,226,238,翼
﻿226,238,251,238,251,258,226,258,等
﻿226,258,251,258,251,279,226,279,十
﻿226,279,251,279,251,300,226,300,四
﻿226,300,251,300,251,321,226,321,人
﻿226,321,251,321,251,341,226,341,同
﻿226,341,251,341,251,362,226,362,進
﻿226,362,251,362,251,383,226,383,士
﻿226,383,251,383,251,404,226,404,出
﻿197,31,222,31,222,53,197,53,身
﻿197,53,222,53,222,76,197,76,乙
﻿167,12,192,12,192,33,167,33,巳
﻿167,33,192,33,192,54,167,54,十
﻿167,54,192,54,192,75,167,75,三
﻿167,75,192,75,192,96,167,96,年
﻿167,96,192,96,192,118,167,118,莫
﻿181,119,192,119,192,142,181,142,廣
﻿181,142,192,142,192,166,181,166,和
﻿181,166,192,166,192,189,181,189,三
﻿181,189,192,189,192,213,181,213,年
﻿181,213,192,213,192,237,181,237,明
﻿166,120,180,120,180,136,166,136,嘉
﻿166,136,180,136,180,153,166,153,靖
﻿166,153,180,153,180,170,166,170,二
﻿166,170,180,170,180,187,166,187,十
﻿166,187,180,187,180,204,166,204,四
﻿166,204,180,204,180,221,166,221,年
﻿166,221,180,221,180,238,166,238,四
﻿168,243,191,243,191,263,168,263,月
﻿168,263,191,263,191,284,168,284,帝
﻿168,284,191,284,191,304,168,304,以
﻿168,304,191,304,191,325,168,325,少
﻿168,325,191,325,191,346,168,346,尉
﻿168,346,191,346,191,366,168,366,䧺
﻿168,366,191,366,191,387,168,387,國
﻿168,387,191,387,191,408,168,408,公
﻿136,32,161,32,161,52,136,52,丁
﻿136,52,161,52,161,73,136,73,公
﻿136,73,161,73,161,94,136,94,爲
﻿136,94,161,94,161,115,136,115,太
﻿136,115,161,115,161,136,136,136,尉
﻿136,136,161,136,161,157,136,157,使
﻿136,157,161,157,161,178,136,178,監
﻿136,178,161,178,161,199,136,199,守
﻿136,199,161,199,161,220,136,220,御
﻿136,220,161,220,161,241,136,241,營
﻿136,241,161,241,161,262,136,262,帝
﻿136,262,161,262,161,283,136,283,親
﻿136,283,161,283,161,304,136,304,率
﻿136,304,161,304,161,325,136,325,諸
﻿136,325,161,325,161,346,136,346,將
﻿136,346,161,346,161,367,136,367,征
﻿136,367,161,367,161,388,136,388,山
﻿136,388,161,388,161,409,136,409,南
﻿108,28,131,28,131,50,108,50,地
﻿108,50,131,50,131,72,108,72,方
﻿108,72,131,72,131,94,108,94,至
﻿108,94,131,94,131,116,108,116,安
﻿108,116,131,116,131,138,108,138,謨
﻿108,138,131,138,131,160,108,160,駐
﻿108,160,131,160,131,182,108,182,營
﻿108,182,131,182,131,204,108,204,五
﻿75,29,101,29,101,50,75,50,月
﻿75,50,101,50,101,71,75,71,二
﻿75,71,101,71,101,92,75,92,十
﻿75,92,101,92,101,113,75,113,日
﻿75,113,101,113,101,134,75,134,莫
﻿75,134,101,134,101,156,75,156,降
﻿75,156,101,156,101,177,75,177,將
﻿75,177,101,177,101,198,75,198,忠
﻿75,198,101,198,101,219,75,219,厚
﻿75,219,101,219,101,240,75,240,侯
﻿75,240,101,240,101,261,75,261,隂
﻿75,261,101,261,101,283,75,283,𢙇
﻿75,283,101,283,101,304,75,304,貳
﻿75,304,101,304,101,325,75,325,心
﻿75,325,101,325,101,346,75,346,邀
﻿75,346,101,346,101,367,75,367,請
﻿75,367,101,367,101,388,75,388,太
﻿75,388,101,388,101,410,75,410,宰
﻿45,32,72,32,72,53,45,53,阮
﻿45,53,72,53,72,74,45,74,金
﻿45,74,72,74,72,95,45,95,赴
﻿45,95,72,95,72,116,45,116,本
﻿45,116,72,116,72,137,45,137,營
﻿45,137,72,137,72,158,45,158,隂
﻿45,158,72,158,72,179,45,179,置
﻿45,179,72,179,72,200,45,200,毒
﻿45,200,72,200,72,221,45,221,于
﻿45,221,72,221,72,242,45,242,瓜
﻿45,242,72,242,72,263,45,263,中
﻿45,263,72,263,72,284,45,284,供
﻿45,284,72,284,72,305,45,305,進
﻿45,305,72,305,72,326,45,326,饌
﻿45,326,72,326,72,347,45,347,前
﻿45,347,72,347,72,368,45,368,金
﻿45,368,72,368,72,389,45,389,信
﻿45,389,72,389,72,411,45,411,食
﻿13,29,38,29,38,50,13,50,之
﻿13,50,38,50,38,71,13,71,中
﻿13,71,38,71,38,92,13,92,毒
﻿13,92,38,92,38,113,13,113,及
﻿13,113,38,113,38,134,13,134,回
﻿13,134,38,134,38,155,13,155,心
﻿13,155,38,155,38,176,13,176,悶
﻿13,176,38,176,38,197,13,197,而
﻿13,197,38,197,38,218,13,218,薨
﻿13,218,38,218,38,239,13,239,忠
﻿13,239,38,239,38,260,13,260,厚
﻿13,260,38,260,38,281,13,281,侯
﻿13,281,38,281,38,302,13,302,是
﻿13,302,38,302,38,323,13,323,夜
﻿13,323,38,323,38,344,13,344,遁
﻿13,344,38,344,38,365,13,365,去
﻿13,365,38,365,38,386,13,386,復
﻿13,386,38,386,38,408,13,408,歸
