237,31,265,31,265,51,237,51,營
﻿237,51,265,51,265,72,237,72,拜
﻿237,72,265,72,265,93,237,93,見
﻿237,93,265,93,265,113,237,113,請
﻿237,113,265,113,265,134,237,134,罪
﻿237,134,265,134,265,155,237,155,帝
﻿237,155,265,155,265,176,237,176,慰
﻿237,176,265,176,265,196,237,196,勞
﻿237,196,265,196,265,217,237,217,之
﻿237,217,265,217,265,238,237,238,復
﻿237,238,265,238,265,258,237,258,仍
﻿237,258,265,258,265,279,237,279,其
﻿237,279,265,279,265,300,237,300,爵
﻿237,300,265,300,265,321,237,321,撫
﻿237,321,265,321,265,341,237,341,其
﻿237,341,265,341,265,362,237,362,将
﻿237,362,265,362,265,383,237,383,士
﻿237,383,265,383,265,404,237,404,三
﻿206,31,231,31,231,51,206,51,軍
﻿206,51,231,51,231,72,206,72,大
﻿206,72,231,72,231,93,206,93,喜
﻿206,93,231,93,231,114,206,114,師
﻿206,114,231,114,231,135,206,135,鑠
﻿206,135,231,135,231,156,206,156,復
﻿206,156,231,156,231,176,206,176,至
﻿206,176,231,176,231,197,206,197,左
﻿206,197,231,197,231,218,206,218,相
﻿206,218,231,218,231,239,206,239,營
﻿206,239,231,239,231,260,206,260,拜
﻿206,260,231,260,231,281,206,281,謁
﻿206,281,231,281,231,301,206,301,泣
﻿206,301,231,301,231,322,206,322,訴
﻿206,322,231,322,231,343,206,343,舊
﻿206,343,231,343,231,364,206,364,情
﻿206,364,231,364,231,385,206,385,舉
﻿206,385,231,385,231,406,206,406,眾
﻿176,32,203,32,203,52,176,52,尽
﻿176,52,203,52,203,73,176,73,懽
﻿176,73,203,73,203,94,176,94,自
﻿176,94,203,94,203,114,176,114,此
﻿176,114,203,114,203,135,176,135,軍
﻿176,135,203,135,203,156,176,156,聲
﻿176,156,203,156,203,177,176,177,大
﻿176,177,203,177,203,197,176,197,振
﻿176,197,203,197,203,218,176,218,莫
﻿176,218,203,218,203,239,176,239,兵
﻿176,239,203,239,203,259,176,259,每
﻿176,259,203,259,203,280,176,280,戰
﻿176,280,203,280,203,301,176,301,輙
﻿176,301,203,301,203,322,176,322,敗
﻿176,322,203,322,203,342,176,342,不
﻿176,342,203,342,203,363,176,363,敢
﻿176,363,203,363,203,384,176,384,復
﻿176,384,203,384,203,405,176,405,進
﻿146,31,171,31,171,51,146,51,退
﻿146,51,171,51,171,72,146,72,守
﻿146,72,171,72,171,93,146,93,筆
﻿146,93,171,93,171,113,146,113,剛
﻿146,113,171,113,171,134,146,134,江
﻿146,134,171,134,171,155,146,155,營
﻿146,155,171,155,171,175,146,175,二
﻿146,175,171,175,171,196,146,196,十
﻿146,196,171,196,171,217,146,217,日
﻿146,217,171,217,171,237,146,237,帝
﻿146,237,171,237,171,258,146,258,使
﻿146,258,171,258,171,279,146,279,人
﻿146,279,171,279,171,299,146,299,造
﻿146,299,171,299,171,320,146,320,浮
﻿146,320,171,320,171,341,146,341,橋
﻿146,341,171,341,171,361,146,361,于
﻿146,361,171,361,171,382,146,382,安
﻿146,382,171,382,171,403,146,403,列
﻿117,33,140,33,140,53,117,53,江
﻿117,53,140,53,140,74,117,74,下
﻿117,74,140,74,140,94,117,94,流
﻿117,94,140,94,140,115,117,115,過
﻿117,115,140,115,140,135,117,135,金
﻿117,135,140,135,140,156,117,156,盃
﻿117,156,140,156,140,176,117,176,帝
﻿117,176,140,176,140,197,117,197,與
﻿117,197,140,197,140,218,117,218,左
﻿117,218,140,218,140,238,117,238,将
﻿117,238,140,238,140,259,117,259,統
﻿117,259,140,259,140,279,117,279,大
﻿117,279,140,279,140,300,117,300,兵
﻿117,300,140,300,140,320,117,320,渡
﻿117,320,140,320,140,341,117,341,江
﻿117,341,140,341,140,361,117,361,至
﻿117,361,140,361,140,382,117,382,金
﻿117,382,140,382,140,403,117,403,紫
﻿86,32,110,32,110,52,86,52,徑
﻿86,52,110,52,110,73,86,73,逾
﻿86,73,110,73,110,93,86,93,淳
﻿86,93,110,93,110,114,86,114,祐
﻿86,114,110,114,110,134,86,134,以
﻿86,134,110,134,110,155,86,155,進
﻿86,155,110,155,110,175,86,175,擊
﻿86,175,110,175,110,196,86,196,莫
﻿86,196,110,196,110,217,86,217,諸
﻿86,217,110,217,110,237,86,237,營
﻿86,237,110,237,110,258,86,258,命
﻿86,258,110,258,110,278,86,278,武
﻿86,278,110,278,110,299,86,299,師
﻿86,299,110,299,110,319,86,319,鑠
﻿86,319,110,319,110,340,86,340,招
﻿86,340,110,340,110,360,86,360,集
﻿86,360,110,360,110,381,86,381,本
﻿86,381,110,381,110,402,86,402,縣
﻿56,28,81,28,81,48,56,48,舊
﻿56,48,81,48,81,69,56,69,兵
﻿56,69,81,69,81,90,56,90,得
﻿56,90,81,90,81,111,56,111,千
﻿56,111,81,111,81,131,56,131,人
﻿56,131,81,131,81,152,56,152,餘
﻿56,152,81,152,81,173,56,173,爲
﻿56,173,81,173,81,194,56,194,先
﻿56,194,81,194,81,215,56,215,鋒
﻿56,215,81,215,81,235,56,235,與
﻿56,235,81,235,81,256,56,256,莫
﻿56,256,81,256,81,277,56,277,兵
﻿56,277,81,277,81,298,56,298,挑
﻿56,298,81,298,81,318,56,318,戰
﻿56,318,81,318,81,339,56,339,于
﻿56,339,81,339,81,360,56,360,雷
﻿56,360,81,360,81,381,56,381,津
﻿56,381,81,381,81,402,56,402,江
﻿26,30,51,30,51,50,26,50,渡
﻿26,50,51,50,51,71,26,71,頼
﻿26,71,51,71,51,92,26,92,世
﻿26,92,51,92,51,113,26,113,卿
﻿26,113,51,113,51,134,26,134,黎
﻿26,134,51,134,51,155,26,155,及
﻿26,155,51,155,51,175,26,175,第
﻿26,175,51,175,51,196,26,196,等
﻿26,196,51,196,51,217,26,217,攻
﻿26,217,51,217,51,238,26,238,宋
﻿26,238,51,238,51,259,26,259,山
﻿26,259,51,259,51,280,26,280,峩
﻿26,280,51,280,51,300,26,300,山
﻿26,300,51,300,51,321,26,321,取
﻿26,321,51,321,51,342,26,342,其
﻿26,342,51,342,51,363,26,363,地
﻿26,363,51,363,51,384,26,384,所
﻿26,384,51,384,51,405,26,405,至
﻿2,29,23,29,23,49,2,49,莫
﻿2,49,23,49,23,70,2,70,兵
﻿2,70,23,70,23,90,2,90,奔
﻿2,90,23,90,23,111,2,111,潰
﻿2,111,23,111,23,132,2,132,人
﻿2,132,23,132,23,152,2,152,民
﻿2,152,23,152,23,173,2,173,得
﻿2,173,23,173,23,193,2,193,復
﻿2,193,23,193,23,214,2,214,其
﻿2,214,23,214,23,235,2,235,業
﻿2,235,23,235,23,255,2,255,十
﻿2,255,23,255,23,276,2,276,二
﻿2,276,23,276,23,296,2,296,月
﻿2,296,23,296,23,317,2,317,莫
﻿2,317,23,317,23,338,2,338,敬
﻿2,338,23,338,23,358,2,358,典
﻿2,358,23,358,23,379,2,379,見
﻿2,379,23,379,23,400,2,400,累
