255,14,279,14,279,34,255,34,進
﻿255,34,279,34,279,55,255,55,上
﻿255,55,279,55,279,76,255,76,皇
﻿255,76,279,76,279,97,255,97,嘉
﻿255,97,279,97,279,117,255,117,之
﻿255,117,279,117,279,138,255,138,賜
﻿255,138,279,138,279,159,255,159,田
﻿255,159,279,159,279,180,255,180,四
﻿255,180,279,180,279,201,255,201,十
﻿255,201,279,201,279,221,255,221,𤱈
﻿255,221,279,221,279,242,255,242,以
﻿255,242,279,242,279,263,255,263,為
﻿255,263,279,263,279,284,255,284,後
﻿255,284,279,284,279,305,255,305,日
﻿255,305,279,305,279,325,255,325,脩
﻿255,325,279,325,279,346,255,346,行
﻿255,346,279,346,279,367,255,367,之
﻿255,367,279,367,279,388,255,388,資
﻿255,388,279,388,279,409,255,409,延
﻿225,13,249,13,249,34,225,34,果
﻿225,34,249,34,249,56,225,56,出
﻿225,56,249,56,249,78,225,78,家
﻿225,78,249,78,249,100,225,100,而
﻿225,100,249,100,249,122,225,122,終
﻿225,122,249,122,249,144,225,144,釋
﻿225,144,249,144,249,166,225,166,號
﻿225,166,249,166,249,188,225,188,凈
﻿225,188,249,188,249,210,225,210,光
﻿225,210,249,210,249,231,225,231,尼
﻿225,231,249,231,249,253,225,253,冬
﻿225,253,249,253,249,275,225,275,祔
﻿225,275,249,275,249,297,225,297,塟
﻿225,297,249,297,249,319,225,319,宣
﻿225,319,249,319,249,341,225,341,慈
﻿225,341,249,341,249,363,225,363,太
﻿225,363,249,363,249,385,225,385,后
﻿225,385,249,385,249,407,225,407,于
﻿192,14,221,14,221,34,192,34,仁
﻿192,34,221,34,221,55,192,55,宗
﻿192,55,221,55,221,76,192,76,陵
﻿192,76,221,76,221,97,192,97,傍
﻿192,97,221,97,221,118,192,118,𥘉
﻿192,118,221,118,221,139,192,139,仁
﻿192,139,221,139,221,160,192,160,宗
﻿192,160,221,160,221,181,192,181,嘗
﻿192,181,221,181,221,201,192,201,嘱
﻿192,201,221,201,221,222,192,222,英
﻿192,222,221,222,221,243,192,243,宗
﻿192,243,221,243,221,264,192,264,他
﻿192,264,221,264,221,285,192,285,日
﻿192,285,221,285,221,306,192,306,當
﻿192,306,221,306,221,327,192,327,以
﻿192,327,221,327,221,348,192,348,姨
﻿206,351,218,351,218,368,206,368,即
﻿206,368,218,368,218,385,206,385,太
﻿192,349,205,349,205,366,192,366,后
﻿193,386,215,386,215,407,193,407,塟
﻿159,12,185,12,185,32,159,32,陵
﻿159,32,185,32,185,53,159,53,傍
﻿159,53,185,53,185,74,159,74,仍
﻿159,74,185,74,185,95,159,95,畫
﻿159,95,185,95,185,115,159,115,塟
﻿159,115,185,115,185,136,159,136,圖
﻿159,136,185,136,185,157,159,157,為
﻿159,157,185,157,185,178,159,178,曲
﻿159,178,185,178,185,199,159,199,尺
﻿159,199,185,199,185,219,159,219,穴
﻿159,219,185,219,185,240,159,240,以
﻿159,240,185,240,185,261,159,261,授
﻿159,261,185,261,185,282,159,282,至
﻿159,282,185,282,185,303,159,303,是
﻿159,303,185,303,185,323,159,323,上
﻿159,323,185,323,185,344,159,344,皇
﻿159,344,185,344,185,365,159,365,遵
﻿159,365,185,365,185,386,159,386,遺
﻿159,386,185,386,185,407,159,407,命
﻿130,12,155,12,155,32,130,32,開
﻿130,32,155,32,155,53,130,53,陵
﻿130,53,155,53,155,74,130,74,傍
﻿130,74,155,74,155,94,130,94,以
﻿130,94,155,94,155,115,130,115,塟
﻿130,115,155,115,155,136,130,136,陵
﻿130,136,155,136,155,157,130,157,地
﻿130,157,155,157,155,177,130,177,多
﻿130,177,155,177,155,198,130,198,沮
﻿130,198,155,198,155,219,130,219,洳
﻿130,219,155,219,155,240,130,240,築
﻿130,240,155,240,155,260,130,260,土
﻿130,260,155,260,155,281,130,281,聲
﻿130,281,155,281,155,302,130,302,震
﻿130,302,155,302,155,323,130,323,園
﻿130,323,155,323,155,343,130,343,陵
﻿130,343,155,343,155,364,130,364,上
﻿130,364,155,364,155,385,130,385,皇
﻿130,385,155,385,155,406,130,406,有
﻿98,13,125,13,125,33,98,33,憂
﻿98,33,125,33,125,54,98,54,色
﻿98,54,125,54,125,74,98,74,𥘉
﻿98,74,125,74,125,95,98,95,太
﻿98,95,125,95,125,116,98,116,后
﻿98,116,125,116,125,136,98,136,之
﻿98,136,125,136,125,157,98,157,将
﻿98,157,125,157,125,178,98,178,塟
﻿98,178,125,178,125,198,98,198,也
﻿98,198,125,198,125,219,98,219,百
﻿98,219,125,219,125,239,98,239,官
﻿98,239,125,239,125,260,98,260,奏
﻿98,260,125,260,125,281,98,281,陵
﻿98,281,125,281,125,301,98,301,寝
﻿98,301,125,301,125,322,98,322,不
﻿98,322,125,322,125,343,98,343,可
﻿98,343,125,343,125,363,98,363,驚
﻿98,363,125,363,125,384,98,384,動
﻿98,384,125,384,125,405,98,405,上
﻿68,12,94,12,94,32,68,32,皇
﻿68,32,94,32,94,53,68,53,曰
﻿68,53,94,53,94,74,68,74,先
﻿68,74,94,74,94,94,68,94,帝
﻿68,94,94,94,94,115,68,115,有
﻿68,115,94,115,94,136,68,136,命
﻿68,136,94,136,94,157,68,157,不
﻿68,157,94,157,94,177,68,177,敢
﻿68,177,94,177,94,198,68,198,違
﻿68,198,94,198,94,219,68,219,如
﻿68,219,94,219,94,240,68,240,有
﻿68,240,94,240,94,260,68,260,損
﻿68,260,94,260,94,281,68,281,害
﻿68,281,94,281,94,302,68,302,于
﻿68,302,94,302,94,323,68,323,自
﻿68,323,94,323,94,343,68,343,當
﻿68,343,94,343,94,364,68,364,之
﻿68,364,94,364,94,385,68,385,塟
﻿68,385,94,385,94,406,68,406,後
﻿41,11,66,11,66,31,41,31,未
﻿41,31,66,31,66,52,41,52,幾
﻿41,52,66,52,66,73,41,73,上
﻿41,73,66,73,66,94,41,94,皇
﻿41,94,66,94,66,115,41,115,疾
﻿41,115,66,115,66,135,41,135,作
﻿41,135,66,135,66,156,41,156,朞
﻿41,156,66,156,66,177,41,177,年
﻿41,177,66,177,66,198,41,198,而
﻿41,198,66,198,66,219,41,219,崩
﻿12,16,35,16,35,35,12,35,己
﻿12,35,35,35,35,54,12,54,未
﻿12,54,35,54,35,73,12,73,六
﻿12,73,35,73,35,92,12,92,年
﻿22,97,38,97,38,115,22,115,元
﻿22,115,38,115,38,133,22,133,延
﻿22,133,38,133,38,151,22,151,祐
﻿11,94,21,94,21,113,11,113,六
﻿11,113,21,113,21,132,11,132,年
﻿10,152,35,152,35,173,10,173,夏
﻿10,173,35,173,35,194,10,194,四
﻿10,194,35,194,35,215,10,215,月
﻿10,215,35,215,35,236,10,236,凍
﻿10,236,35,236,35,257,10,257,林
﻿10,257,35,257,35,278,10,278,東
﻿10,278,35,278,35,299,10,299,天
﻿10,299,35,299,35,320,10,320,王
﻿10,320,35,320,35,341,10,341,津
﻿10,341,35,341,35,362,10,362,崩
﻿10,362,35,362,35,383,10,383,十
﻿10,383,35,383,35,404,10,404,丈
