246,9,272,9,272,29,246,29,師
﻿246,29,272,29,272,50,246,50,禦
﻿246,50,272,50,272,70,246,70,冦
﻿246,70,272,70,272,91,246,91,掌
﻿246,91,272,91,272,111,246,111,印
﻿246,111,272,111,272,132,246,132,官
﻿246,132,272,132,272,153,246,153,倉
﻿246,153,272,153,272,173,246,173,卒
﻿246,173,272,173,272,194,246,194,藏
﻿246,194,272,194,272,214,246,214,宝
﻿246,214,272,214,272,235,246,235,玺
﻿246,235,272,235,272,255,246,255,於
﻿246,255,272,255,272,276,246,276,大
﻿246,276,272,276,272,297,246,297,明
﻿246,297,272,297,272,317,246,317,殿
﻿246,317,272,317,272,338,246,338,梁
﻿246,338,272,338,272,358,246,358,上
﻿246,358,272,358,272,379,246,379,但
﻿246,379,272,379,272,400,246,400,帶
﻿217,9,242,9,242,29,217,29,内
﻿217,29,242,29,242,49,217,49,密
﻿217,49,242,49,242,70,217,70,印
﻿217,70,242,70,242,90,217,90,隨
﻿217,90,242,90,242,111,217,111,行
﻿217,111,242,111,242,131,217,131,途
﻿217,131,242,131,242,152,217,152,中
﻿217,152,242,152,242,172,217,172,印
﻿217,172,242,172,242,193,217,193,又
﻿217,193,242,193,242,213,217,213,亡
﻿217,213,242,213,242,234,217,234,軍
﻿217,234,242,234,242,254,217,254,中
﻿217,254,242,254,242,275,217,275,文
﻿217,275,242,275,242,295,217,295,書
﻿217,295,242,295,242,316,217,316,無
﻿217,316,242,316,242,336,217,336,印
﻿217,336,242,336,242,357,217,357,帝
﻿217,357,242,357,242,377,217,377,命
﻿217,377,242,377,242,398,217,398,工
﻿185,11,213,11,213,31,185,31,刻
﻿185,31,213,31,213,52,185,52,木
﻿185,52,213,52,213,72,185,72,為
﻿185,72,213,72,213,93,185,93,之
﻿185,93,213,93,213,113,185,113,及
﻿185,113,213,113,213,134,185,134,駕
﻿185,134,213,134,213,154,185,154,回
﻿185,154,213,154,213,175,185,175,京
﻿185,175,213,175,213,195,185,195,又
﻿185,195,213,195,213,216,185,216,有
﻿185,216,213,216,213,236,185,236,進
﻿185,236,213,236,213,257,185,257,亡
﻿185,257,213,257,213,277,185,277,印
﻿185,277,213,277,213,298,185,298,者
﻿185,298,213,298,213,318,185,318,所
﻿185,318,213,318,213,339,185,339,藏
﻿185,339,213,339,213,359,185,359,宝
﻿185,359,213,359,213,380,185,380,玺
﻿185,380,213,380,213,401,185,401,依
﻿156,10,177,10,177,29,156,29,然
﻿156,29,177,29,177,49,156,49,猶
﻿156,49,177,49,177,69,156,69,在
﻿124,11,148,11,148,31,124,31,戊
﻿124,31,148,31,148,52,124,52,午
﻿124,52,148,52,148,73,124,73,八
﻿124,73,148,73,148,94,124,94,年
﻿139,96,154,96,154,115,139,115,三
﻿139,115,154,115,154,135,139,135,月
﻿139,135,154,135,154,155,139,155,以
﻿139,155,154,155,154,175,139,175,後
﻿139,175,154,175,154,195,139,195,聖
﻿139,195,154,195,154,215,139,215,宗
﻿139,215,154,215,154,235,139,235,紹
﻿139,235,154,235,154,255,139,255,隆
﻿124,97,137,97,137,117,124,117,元
﻿124,117,137,117,137,137,124,137,年
﻿124,137,137,137,137,157,124,157,宋
﻿124,157,137,157,137,177,124,177,寶
﻿124,177,137,177,137,197,124,197,祐
﻿124,197,137,197,137,217,124,217,六
﻿124,217,137,217,137,238,124,238,年
﻿127,256,153,256,153,276,127,276,春
﻿127,276,153,276,153,297,127,297,正
﻿127,297,153,297,153,318,127,318,月
﻿127,318,153,318,153,338,127,338,朔
﻿127,338,153,338,153,359,127,359,帝
﻿127,359,153,359,153,380,127,380,御
﻿127,380,153,380,153,401,127,401,正
﻿96,10,122,10,122,30,96,30,殿
﻿96,30,122,30,122,51,96,51,朝
﻿96,51,122,51,122,72,96,72,百
﻿96,72,122,72,122,92,96,92,官
﻿96,92,122,92,122,113,96,113,百
﻿96,113,122,113,122,134,96,134,姓
﻿96,134,122,134,122,155,96,155,安
﻿96,155,122,155,122,175,96,175,堵
﻿96,175,122,175,122,196,96,196,如
﻿96,196,122,196,122,217,96,217,故
﻿96,217,122,217,122,238,96,238,定
﻿96,238,122,238,122,258,96,258,功
﻿96,258,122,258,122,279,96,279,行
﻿96,279,122,279,122,300,96,300,封
﻿96,300,122,300,122,321,96,321,授
﻿96,321,122,321,122,341,96,341,黎
﻿96,341,122,341,122,362,96,362,輔
﻿96,362,122,362,122,383,96,383,陳
﻿96,383,122,383,122,404,96,404,御
﻿65,11,92,11,92,31,65,31,史
﻿65,31,92,31,92,52,65,52,大
﻿65,52,92,52,92,73,65,73,夫
﻿65,73,92,73,92,93,65,93,仍
﻿65,93,92,93,92,114,65,114,以
﻿65,114,92,114,92,135,65,135,昭
﻿65,135,92,135,92,156,65,156,聖
﻿65,156,92,156,92,176,65,176,公
﻿65,176,92,176,92,197,65,197,主
﻿65,197,92,197,92,218,65,218,㱕
﻿65,218,92,218,92,239,65,239,之
﻿65,239,92,239,92,259,65,259,曰
﻿65,259,92,259,92,280,65,280,朕
﻿65,280,92,280,92,301,65,301,非
﻿65,301,92,301,92,322,65,322,卿
﻿65,322,92,322,92,342,65,342,𡸈
﻿65,342,92,342,92,363,65,363,復
﻿65,363,92,363,92,384,65,384,有
﻿65,384,92,384,92,405,65,405,今
﻿38,13,60,13,60,33,38,33,日
﻿38,33,60,33,60,53,38,53,卿
﻿38,53,60,53,60,74,38,74,其
﻿38,74,60,74,60,94,38,94,勉
﻿38,94,60,94,60,115,38,115,之
﻿38,115,60,115,60,135,38,135,共
﻿38,135,60,135,60,156,38,156,成
﻿38,156,60,156,60,176,38,176,厥
﻿38,176,60,176,60,197,38,197,終
﻿9,29,34,29,34,49,9,49,史
﻿9,49,34,49,34,70,9,70,臣
﻿9,70,34,70,34,91,9,91,吳
﻿9,91,34,91,34,112,9,112,士
﻿9,112,34,112,34,132,9,132,連
﻿9,132,34,132,34,153,9,153,曰
﻿9,153,34,153,34,174,9,174,陳
﻿9,174,34,174,34,195,9,195,朝
﻿9,195,34,195,34,216,9,216,君
﻿9,216,34,216,34,236,9,236,臣
﻿9,236,34,236,34,257,9,257,瀆
﻿9,257,34,257,34,278,9,278,夫
﻿9,278,34,278,34,299,9,299,婦
﻿9,299,34,299,34,319,9,319,之
﻿9,319,34,319,34,340,9,340,偷
﻿9,340,34,340,34,361,9,361,又
﻿9,361,34,361,34,382,9,382,於
﻿9,382,34,382,34,403,9,403,斯
