248,68,271,68,271,88,248,88,馬
﻿248,88,271,88,271,108,248,108,文
﻿248,108,271,108,271,129,248,129,武
﻿248,129,271,129,271,149,248,149,三
﻿248,149,271,149,271,170,248,170,品
﻿248,170,271,170,271,190,248,190,以
﻿248,190,271,190,271,211,248,211,上
﻿248,211,271,211,271,231,248,231,公
﻿248,231,271,231,271,252,248,252,服
﻿248,252,271,252,271,272,248,272,幞
﻿248,272,271,272,271,292,248,292,頭
﻿248,292,271,292,271,313,248,313,用
﻿248,313,271,313,271,333,248,333,黑
﻿248,333,271,333,271,354,248,354,紗
﻿248,354,271,354,271,374,248,374,趐
﻿248,374,271,374,271,395,248,395,稍
﻿248,395,271,395,271,415,248,415,長
﻿248,415,271,415,271,436,248,436,大
﻿219,69,246,69,246,89,219,89,於
﻿219,89,246,89,246,109,219,109,文
﻿219,109,246,109,246,130,219,130,武
﻿219,130,246,130,246,150,219,150,官
﻿219,150,246,150,246,171,219,171,不
﻿219,171,246,171,246,191,219,191,得
﻿219,191,246,191,246,212,219,212,用
﻿219,212,246,212,246,232,219,232,楊
﻿219,232,246,232,246,253,219,253,棠
﻿219,253,246,253,246,273,219,273,樣
﻿219,273,246,273,246,293,219,293,飾
﻿219,293,246,293,246,314,219,314,合
﻿219,314,246,314,246,334,219,334,趐
﻿219,334,246,334,246,355,219,355,若
﻿219,355,246,355,246,375,219,375,百
﻿219,375,246,375,246,396,219,396,官
﻿219,396,246,396,246,416,219,416,仍
﻿219,416,246,416,246,437,219,437,舊
﻿191,66,217,66,217,87,191,87,樣
﻿191,87,217,87,217,109,191,109,二
﻿191,109,217,109,217,131,191,131,十
﻿191,131,217,131,217,152,191,152,一
﻿191,152,217,152,217,174,191,174,日
﻿191,174,217,174,217,196,191,196,定
﻿191,196,217,196,217,217,191,217,考
﻿191,217,217,217,217,239,191,239,課
﻿191,239,217,239,217,261,191,261,勑
﻿191,261,217,261,217,283,191,283,諭
﻿191,283,217,283,217,304,191,304,吏
﻿191,304,217,304,217,326,191,326,部
﻿191,326,217,326,217,348,191,348,尚
﻿191,348,217,348,217,369,191,369,書
﻿191,369,217,369,217,391,191,391,陳
﻿191,391,217,391,217,413,191,413,瑾
﻿191,413,217,413,217,435,191,435,吏
﻿162,67,187,67,187,87,162,87,科
﻿162,87,187,87,187,108,162,108,都
﻿162,108,187,108,187,128,162,128,給
﻿162,128,187,128,187,149,162,149,事
﻿162,149,187,149,187,169,162,169,中
﻿162,169,187,169,187,190,162,190,黎
﻿162,190,187,190,187,210,162,210,嵩
﻿162,210,187,210,187,231,162,231,等
﻿162,231,187,231,187,251,162,251,爵
﻿162,251,187,251,187,272,162,272,賞
﻿162,272,187,272,187,292,162,292,乃
﻿162,292,187,292,187,313,162,313,厲
﻿162,313,187,313,187,333,162,333,世
﻿162,333,187,333,187,354,162,354,之
﻿162,354,187,354,187,374,162,374,柄
﻿162,374,187,374,187,395,162,395,考
﻿162,395,187,395,187,415,162,415,課
﻿162,415,187,415,187,436,162,436,實
﻿131,68,156,68,156,88,131,88,計
﻿131,88,156,88,156,108,131,108,吏
﻿131,108,156,108,156,129,131,129,之
﻿131,129,156,129,156,149,131,149,方
﻿131,149,156,149,156,170,131,170,黜
﻿131,170,156,170,156,190,131,190,陟
﻿131,190,156,190,156,211,131,211,󰁏
﻿131,211,156,211,156,231,131,231,明
﻿131,231,156,231,156,252,131,252,󰔄
﻿131,252,156,252,156,272,131,272,舜
﻿131,272,156,272,156,292,131,292,所
﻿131,292,156,292,156,313,131,313,以
﻿131,313,156,313,156,333,131,333,凝
﻿131,333,156,333,156,354,131,354,󰱃
﻿131,354,156,354,156,374,131,374,績
﻿131,374,156,374,156,395,131,395,綜
﻿131,395,156,395,156,415,131,415,核
﻿131,415,156,415,156,436,131,436,名
﻿102,65,127,65,127,85,102,85,實
﻿102,85,127,85,127,106,102,106,漢
﻿102,106,127,106,127,126,102,126,宣
﻿102,126,127,126,127,147,102,147,所
﻿102,147,127,147,127,167,102,167,以
﻿102,167,127,167,127,188,102,188,致
﻿102,188,127,188,127,208,102,208,中
﻿102,208,127,208,127,229,102,229,興
﻿102,229,127,229,127,249,102,249,盖
﻿102,249,127,249,127,270,102,270,在
﻿102,270,127,270,127,290,102,290,上
﻿102,290,127,290,127,311,102,311,既
﻿102,311,127,311,127,331,102,331,神
﻿102,331,127,331,127,352,102,352,皷
﻿102,352,127,352,127,372,102,372,舞
﻿102,372,127,372,127,393,102,393,之
﻿102,393,127,393,127,413,102,413,機
﻿102,413,127,413,127,434,102,434,則
﻿74,65,99,65,99,85,74,85,爲
﻿74,85,99,85,99,106,74,106,下
﻿74,106,99,106,99,126,74,126,必
﻿74,126,99,126,99,147,74,147,厲
﻿74,147,99,147,99,167,74,167,進
﻿74,167,99,167,99,188,74,188,修
﻿74,188,99,188,99,208,74,208,之
﻿74,208,99,208,99,229,74,229,志
﻿74,229,99,229,99,249,74,249,不
﻿74,249,99,249,99,270,74,270,公
﻿74,270,99,270,99,290,74,290,好
﻿74,290,99,290,99,311,74,311,惡
﻿74,311,99,311,99,331,74,331,曷
﻿74,331,99,331,99,352,74,352,以
﻿74,352,99,352,99,372,74,372,勸
﻿74,372,99,372,99,393,74,393,懲
﻿74,393,99,393,99,413,74,413,我
﻿74,413,99,413,99,434,74,434,國
﻿41,65,68,65,68,85,41,85,家
﻿41,85,68,85,68,106,41,106,󰏲
﻿41,106,68,106,68,126,41,126,古
﻿41,126,68,126,68,147,41,147,建
﻿41,147,68,147,68,167,41,167,官
﻿41,167,68,167,68,188,41,188,任
﻿41,188,68,188,68,208,41,208,人
﻿41,208,68,208,68,229,41,229,共
﻿41,229,68,229,68,250,41,250,政
﻿41,250,68,250,68,270,41,270,󰱇
﻿41,270,68,270,68,291,41,291,󰁮
﻿41,291,68,291,68,311,41,311,之
﻿41,311,68,311,68,332,41,332,權
﻿41,332,68,332,68,352,41,352,公
﻿41,352,68,352,68,373,41,373,而
﻿41,373,68,373,68,393,41,393,明
﻿41,393,68,393,68,414,41,414,考
﻿41,414,68,414,68,435,41,435,課
﻿14,65,38,65,38,85,14,85,之
﻿14,85,38,85,38,106,14,106,條
﻿14,106,38,106,38,126,14,126,詳
﻿14,126,38,126,38,147,14,147,又
﻿14,147,38,147,38,167,14,167,僃
﻿14,167,38,167,38,188,14,188,云
﻿14,188,38,188,38,208,14,208,胡
﻿14,208,38,208,38,229,14,229,百
﻿14,229,38,229,38,250,14,250,執
﻿14,250,38,250,38,270,14,270,視
﻿14,270,38,270,38,291,14,291,作
﻿14,291,38,291,38,311,14,311,虚
﻿14,311,38,311,38,332,14,332,文
﻿14,332,38,332,38,352,14,352,長
﻿14,352,38,352,38,373,14,373,官
﻿14,373,38,373,38,393,14,393,罔
﻿14,393,38,393,38,414,14,414,辨
﻿14,414,38,414,38,435,14,435,賢
