261,74,273,74,273,94,261,94,童
﻿261,94,273,94,273,115,261,115,子
﻿261,115,273,115,273,135,261,135,在
﻿261,135,273,135,273,156,261,156,肩
﻿261,156,273,156,273,176,261,176,上
﻿261,176,273,176,273,197,261,197,有
﻿261,197,273,197,273,217,261,217,點
﻿261,217,273,217,273,238,261,238,痣
﻿261,238,273,238,273,258,261,258,故
﻿261,258,273,258,273,279,261,279,䏻
﻿261,279,273,279,273,299,261,299,擔
﻿261,299,273,299,273,320,261,320,當
﻿261,320,273,320,273,340,261,340,大
﻿261,340,273,340,273,361,261,361,事
﻿261,361,273,361,273,381,261,381,焉
﻿261,381,273,381,273,402,261,402,在
﻿246,74,259,74,259,94,246,94,位
﻿246,94,259,94,259,114,246,114,十
﻿246,114,259,114,259,134,246,134,四
﻿246,134,259,134,259,155,246,155,年
﻿246,155,259,155,259,175,246,175,遜
﻿246,175,259,175,259,195,246,195,位
﻿246,195,259,195,259,215,246,215,五
﻿246,215,259,215,259,236,246,236,年
﻿246,236,259,236,259,256,246,256,出
﻿246,256,259,256,259,276,246,276,家
﻿246,276,259,276,259,296,246,296,八
﻿246,296,259,296,259,317,246,317,年
﻿246,317,259,317,259,337,246,337,壽
﻿246,337,259,337,259,357,246,357,五
﻿246,357,259,357,259,377,246,377,十
﻿246,377,259,377,259,398,246,398,一
﻿230,70,244,70,244,92,230,92,歲
﻿230,92,244,92,244,114,230,114,崩
﻿230,114,244,114,244,136,230,136,于
﻿230,136,244,136,244,158,230,158,安
﻿230,158,244,158,244,180,230,180,子
﻿230,180,244,180,244,202,230,202,山
﻿230,202,244,202,244,224,230,224,卧
﻿230,224,244,224,244,246,230,246,雲
﻿230,246,244,246,244,268,230,268,庵
﻿230,268,244,268,244,290,230,290,㱕
﻿230,290,244,290,244,312,230,312,塟
﻿230,312,244,312,244,334,230,334,德
﻿230,334,244,334,244,356,230,356,陵
﻿230,356,244,356,244,378,230,378,帝
﻿230,378,244,378,244,401,230,401,仁
﻿215,70,229,70,229,90,215,90,慈
﻿215,90,229,90,229,111,215,111,和
﻿215,111,229,111,229,132,215,132,易
﻿215,132,229,132,229,152,215,152,固
﻿215,152,229,152,229,173,215,173,結
﻿215,173,229,173,229,194,215,194,民
﻿215,194,229,194,229,214,215,214,心
﻿215,214,229,214,229,235,215,235,重
﻿215,235,229,235,229,256,215,256,興
﻿215,256,229,256,229,276,215,276,事
﻿215,276,229,276,229,297,215,297,業
﻿215,297,229,297,229,318,215,318,有
﻿215,318,229,318,229,338,215,338,光
﻿215,338,229,338,229,359,215,359,前
﻿215,359,229,359,229,380,215,380,古
﻿215,380,229,380,229,401,215,401,真
﻿199,71,214,71,214,91,199,91,陳
﻿199,91,214,91,214,112,199,112,家
﻿199,112,214,112,214,133,199,133,之
﻿199,133,214,133,214,154,199,154,賢
﻿199,154,214,154,214,174,199,174,君
﻿199,174,214,174,214,195,199,195,也
﻿199,195,214,195,214,216,199,216,然
﻿199,216,214,216,214,237,199,237,游
﻿199,237,214,237,214,257,199,257,心
﻿199,257,214,257,214,278,199,278,釋
﻿199,278,214,278,214,299,199,299,典
﻿199,299,214,299,214,320,199,320,𨿽
﻿182,73,198,73,198,93,182,93,曰
﻿182,93,198,93,198,113,182,113,超
﻿182,113,198,113,198,134,182,134,詣
﻿182,134,198,134,198,154,182,154,而
﻿182,154,198,154,198,175,182,175,非
﻿182,175,198,175,198,195,182,195,聖
﻿182,195,198,195,198,215,182,215,人
﻿182,215,198,215,198,236,182,236,中
﻿182,236,198,236,198,256,182,256,庸
﻿182,256,198,256,198,277,182,277,之
﻿182,277,198,277,198,297,182,297,道
﻿182,297,198,297,198,318,182,318,也
﻿157,14,180,14,180,33,157,33,己
﻿157,33,180,33,180,53,157,53,卯
﻿157,53,180,53,180,73,157,73,紹
﻿157,73,180,73,180,92,157,92,寶
﻿157,92,180,92,180,112,157,112,元
﻿157,112,180,112,180,132,157,132,年
﻿168,133,181,133,181,153,168,153,宋
﻿168,153,181,153,181,174,168,174,祥
﻿168,174,181,174,181,194,168,194,興
﻿168,194,181,194,181,215,168,215,二
﻿168,215,181,215,181,235,168,235,年
﻿168,235,181,235,181,256,168,256,元
﻿154,136,167,136,167,156,154,156,至
﻿154,156,167,156,167,176,154,176,元
﻿154,176,167,176,167,196,154,196,十
﻿154,196,167,196,167,216,154,216,六
﻿154,216,167,216,167,236,154,236,年
﻿157,257,178,257,178,277,157,277,春
﻿157,277,178,277,178,298,157,298,正
﻿157,298,178,298,178,318,157,318,月
﻿157,318,178,318,178,339,157,339,朔
﻿157,339,178,339,178,359,157,359,改
﻿157,359,178,359,178,380,157,380,元
﻿157,380,178,380,178,401,157,401,大
﻿127,11,151,11,151,32,127,32,赦
﻿127,32,151,32,151,54,127,54,占
﻿127,54,151,54,151,75,127,75,城
﻿127,75,151,75,151,97,127,97,使
﻿127,97,151,97,151,119,127,119,制
﻿127,119,151,119,151,140,127,140,䏻
﻿127,140,151,140,151,162,127,162,吒
﻿127,162,151,162,151,183,127,183,葉
﻿127,183,151,183,151,205,127,205,來
﻿127,205,151,205,151,227,127,227,貢
﻿127,227,151,227,151,248,127,248,制
﻿127,248,151,248,151,270,127,270,䏻
﻿127,270,151,270,151,291,127,291,等
﻿127,291,151,291,151,313,127,313,願
﻿127,313,151,313,151,335,127,335,留
﻿127,335,151,335,151,356,127,356,為
﻿127,356,151,356,151,378,127,378,内
﻿127,378,151,378,151,400,127,400,臣
﻿96,11,123,11,123,33,96,33,不
﻿96,33,123,33,123,56,96,56,納
﻿96,56,123,56,123,79,96,79,立
﻿96,79,123,79,123,102,96,102,妃
﻿96,102,123,102,123,125,96,125,陳
﻿96,125,123,125,123,148,96,148,氏
﻿96,148,123,148,123,171,96,171,為
﻿96,171,123,171,123,194,96,194,皇
﻿96,194,123,194,123,216,96,216,后
﻿96,216,123,216,123,239,96,239,原
﻿96,239,123,239,123,262,96,262,人
﻿96,262,123,262,123,285,96,285,襲
﻿96,285,123,285,123,308,96,308,宋
﻿96,308,123,308,123,331,96,331,軍
﻿96,331,123,331,123,354,96,354,于
﻿96,354,123,354,123,377,96,377,厓
﻿96,377,123,377,123,400,96,400,山
﻿64,11,93,11,93,31,64,31,敗
﻿64,31,93,31,93,52,64,52,之
﻿64,52,93,52,93,72,64,72,宋
﻿64,72,93,72,93,93,64,93,左
﻿64,93,93,93,93,113,64,113,丞
﻿64,113,93,113,93,134,64,134,相
﻿64,134,93,134,93,154,64,154,陸
﻿64,154,93,154,93,175,64,175,秀
﻿64,175,93,175,93,195,64,195,夫
﻿64,195,93,195,93,216,64,216,負
﻿64,216,93,216,93,236,64,236,宋
﻿64,236,93,236,93,257,64,257,帝
﻿64,257,93,257,93,277,64,277,入
﻿64,277,93,277,93,298,64,298,海
﻿64,298,93,298,93,318,64,318,死
﻿64,318,93,318,93,339,64,339,後
﻿64,339,93,339,93,359,64,359,宫
﻿64,359,93,359,93,380,64,380,諸
﻿64,380,93,380,93,401,64,401,臣
﻿36,9,62,9,62,29,36,29,從
﻿36,29,62,29,62,50,36,50,死
﻿36,50,62,50,62,70,36,70,者
﻿36,70,62,70,62,91,36,91,甚
﻿36,91,62,91,62,111,36,111,眾
﻿36,111,62,111,62,132,36,132,越
﻿36,132,62,132,62,152,36,152,七
﻿36,152,62,152,62,173,36,173,日
﻿36,173,62,173,62,193,36,193,屍
﻿36,193,62,193,62,214,36,214,浮
﻿36,214,62,214,62,234,36,234,海
﻿36,234,62,234,62,255,36,255,上
﻿36,255,62,255,62,275,36,275,者
﻿36,275,62,275,62,296,36,296,十
﻿36,296,62,296,62,316,36,316,餘
﻿36,316,62,316,62,337,36,337,萬
﻿36,337,62,337,62,357,36,357,人
﻿36,357,62,357,62,378,36,378,宋
﻿36,378,62,378,62,399,36,399,帝
﻿8,11,30,11,30,31,8,31,屍
﻿8,31,30,31,30,51,8,51,在
﻿8,51,30,51,30,72,8,72,焉
﻿8,72,30,72,30,92,8,92,星
﻿8,92,30,92,30,113,8,113,隕
﻿8,113,30,113,30,133,8,133,于
﻿8,133,30,133,30,154,8,154,海
﻿8,154,30,154,30,174,8,174,之
﻿8,174,30,174,30,194,8,194,應
﻿8,194,30,194,30,215,8,215,也
﻿8,215,30,215,30,235,8,235,是
﻿8,235,30,235,30,256,8,256,歳
﻿8,256,30,256,30,276,8,276,宋
﻿8,276,30,276,30,297,8,297,亡
