240,10,267,10,267,30,240,30,州
﻿240,30,267,30,267,51,240,51,但
﻿240,51,267,51,267,71,240,71,乃
﻿240,71,267,71,267,92,240,92,甲
﻿240,92,267,92,267,112,240,112,叛
﻿240,112,267,112,267,133,240,133,夏
﻿240,133,267,133,267,154,240,154,四
﻿240,154,267,154,267,174,240,174,月
﻿240,174,267,174,267,195,240,195,朔
﻿240,195,267,195,267,215,240,215,帝
﻿240,215,267,215,267,236,240,236,親
﻿240,236,267,236,267,256,240,256,征
﻿240,256,267,256,267,277,240,277,但
﻿240,277,267,277,267,298,240,298,乃
﻿240,298,267,298,267,318,240,318,甲
﻿240,318,267,318,267,339,240,339,以
﻿240,339,267,339,267,359,240,359,東
﻿240,359,267,359,267,380,240,380,宫
﻿240,380,267,380,267,401,240,401,太
﻿212,12,236,12,236,32,212,32,子
﻿212,32,236,32,236,52,212,52,監
﻿212,52,236,52,236,73,212,73,國
﻿212,73,236,73,236,93,212,93,但
﻿212,93,236,93,236,113,212,113,乃
﻿212,113,236,113,236,134,212,134,甲
﻿212,134,236,134,236,154,212,154,既
﻿212,154,236,154,236,174,212,174,扳
﻿212,174,236,174,236,195,212,195,遣
﻿212,195,236,195,236,215,212,215,中
﻿212,215,236,215,236,236,212,236,使
﻿212,236,236,236,236,256,212,256,督
﻿212,256,236,256,236,276,212,276,但
﻿212,276,236,276,236,297,212,297,乃
﻿212,297,236,297,236,317,212,317,人
﻿212,317,236,317,236,337,212,337,開
﻿212,337,236,337,236,358,212,358,但
﻿212,358,236,358,236,378,212,378,乃
﻿212,378,236,378,236,399,212,399,港
﻿182,12,207,12,207,34,182,34,至
﻿182,34,207,34,207,57,182,57,自
﻿182,57,207,57,207,80,182,80,但
﻿182,80,207,80,207,103,182,103,乃
﻿182,103,207,103,207,126,182,126,神
﻿182,126,207,126,207,149,182,149,人
﻿182,149,207,149,207,172,182,172,見
﻿182,172,207,172,207,195,182,195,跡
﻿182,195,207,195,207,217,182,217,于
﻿182,217,207,217,207,240,182,240,勝
﻿182,240,207,240,207,263,182,263,嚴
﻿182,263,207,263,207,286,182,286,寺
﻿182,286,207,286,207,309,182,309,六
﻿182,309,207,309,207,332,182,332,月
﻿182,332,207,332,207,355,182,355,龍
﻿182,355,207,355,207,378,182,378,見
﻿182,378,207,378,207,401,182,401,于
﻿153,11,176,11,176,31,153,31,乾
﻿153,31,176,31,176,52,153,52,元
﻿153,52,176,52,176,72,153,72,殿
﻿153,72,176,72,176,93,153,93,基
﻿153,93,176,93,176,113,153,113,帝
﻿153,113,176,113,176,134,153,134,謂
﻿153,134,176,134,176,155,153,155,左
﻿153,155,176,155,176,175,153,175,右
﻿153,175,176,175,176,196,153,196,曰
﻿153,196,176,196,176,216,153,216,朕
﻿153,216,176,216,176,237,153,237,既
﻿153,237,176,237,176,257,153,257,壞
﻿153,257,176,257,176,278,153,278,其
﻿153,278,176,278,176,299,153,299,殿
﻿153,299,176,299,176,319,153,319,剗
﻿153,319,176,319,176,340,153,340,其
﻿153,340,176,340,176,360,153,360,基
﻿153,360,176,360,176,381,153,381,而
﻿153,381,176,381,176,402,153,402,神
﻿124,11,148,11,148,31,124,31,龍
﻿124,31,148,31,148,52,124,52,猶
﻿124,52,148,52,148,72,124,72,見
﻿124,72,148,72,148,93,124,93,意
﻿124,93,148,93,148,113,124,113,者
﻿124,113,148,113,148,134,124,134,景
﻿124,134,148,134,148,155,124,155,德
﻿124,155,148,155,148,175,124,175,龍
﻿124,175,148,175,148,196,124,196,興
﻿124,196,148,196,148,216,124,216,之
﻿124,216,148,216,148,237,124,237,勝
﻿124,237,148,237,148,257,124,257,地
﻿124,257,148,257,148,278,124,278,居
﻿124,278,148,278,148,299,124,299,天
﻿124,299,148,299,148,319,124,319,地
﻿124,319,148,319,148,340,124,340,之
﻿124,340,148,340,148,360,124,360,正
﻿124,360,148,360,148,381,124,381,中
﻿124,381,148,381,148,402,124,402,乎
﻿94,11,119,11,119,31,94,31,令
﻿94,31,119,31,119,52,94,52,有
﻿94,52,119,52,119,73,94,73,司
﻿94,73,119,73,119,93,94,93,廣
﻿94,93,119,93,119,114,94,114,其
﻿94,114,119,114,119,135,94,135,規
﻿94,135,119,135,119,155,94,155,模
﻿94,155,119,155,119,176,94,176,正
﻿94,176,119,176,119,197,94,197,其
﻿94,197,119,197,119,217,94,217,背
﻿94,217,119,217,119,238,94,238,向
﻿94,238,119,238,119,259,94,259,重
﻿94,259,119,259,119,279,94,279,脩
﻿94,279,119,279,119,300,94,300,之
﻿94,300,119,300,119,321,94,321,因
﻿94,321,119,321,119,341,94,341,改
﻿94,341,119,341,119,362,94,362,天
﻿94,362,119,362,119,383,94,383,安
﻿94,383,119,383,119,404,94,404,殿
﻿64,10,88,10,88,30,64,30,殿
﻿64,30,88,30,88,51,64,51,之
﻿64,51,88,51,88,72,64,72,左
﻿64,72,88,72,88,92,64,92,起
﻿64,92,88,92,88,113,64,113,宣
﻿64,113,88,113,88,134,64,134,德
﻿64,134,88,134,88,154,64,154,殿
﻿64,154,88,154,88,175,64,175,右
﻿64,175,88,175,88,196,64,196,起
﻿64,196,88,196,88,216,64,216,延
﻿64,216,88,216,88,237,64,237,福
﻿64,237,88,237,88,258,64,258,殿
﻿64,258,88,258,88,278,64,278,殿
﻿64,278,88,278,88,299,64,299,之
﻿64,299,88,299,88,320,64,320,前
﻿64,320,88,320,88,340,64,340,墀
﻿64,340,88,340,88,361,64,361,名
﻿64,361,88,361,88,382,64,382,龍
﻿64,382,88,382,88,403,64,403,墀
﻿36,12,61,12,61,32,36,32,墀
﻿36,32,61,32,61,53,36,53,之
﻿36,53,61,53,61,73,36,73,東
﻿36,73,61,73,61,94,36,94,置
﻿36,94,61,94,61,114,36,114,文
﻿36,114,61,114,61,135,36,135,明
﻿36,135,61,135,61,156,36,156,殿
﻿36,156,61,156,61,176,36,176,西
﻿36,176,61,176,61,197,36,197,置
﻿36,197,61,197,61,217,36,217,廣
﻿36,217,61,217,61,238,36,238,武
﻿36,238,61,238,61,258,36,258,殿
﻿36,258,61,258,61,279,36,279,墀
﻿36,279,61,279,61,300,36,300,之
﻿36,300,61,300,61,320,36,320,左
﻿36,320,61,320,61,341,36,341,右
﻿36,341,61,341,61,361,36,361,對
﻿36,361,61,361,61,382,36,382,立
﻿36,382,61,382,61,403,36,403,鍾
﻿9,11,33,11,33,31,9,31,楼
﻿9,31,33,31,33,52,9,52,以
﻿9,52,33,52,33,72,9,72,登
﻿9,72,33,72,33,93,9,93,聞
﻿9,93,33,93,33,114,9,114,小
﻿9,114,33,114,33,134,9,134,民
﻿9,134,33,134,33,155,9,155,󰱃
﻿9,155,33,155,33,176,9,176,獄
﻿9,176,33,176,33,196,9,196,寃
﻿9,196,33,196,33,217,9,217,枉
﻿9,217,33,217,33,237,9,237,墀
﻿9,237,33,237,33,258,9,258,之
﻿9,258,33,258,33,279,9,279,四
﻿9,279,33,279,33,299,9,299,圍
﻿9,299,33,299,33,320,9,320,皆
﻿9,320,33,320,33,341,9,341,起
﻿9,341,33,341,33,361,9,361,廊
﻿9,361,33,361,33,382,9,382,廡
﻿9,382,33,382,33,403,9,403,以
