245,9,269,9,269,28,245,28,乙
﻿245,28,269,28,269,48,245,48,巳
﻿245,48,269,48,269,68,245,68,十
﻿245,68,269,68,269,88,245,88,六
﻿245,88,269,88,269,108,245,108,年
﻿256,112,270,112,270,130,256,130,明
﻿256,130,270,130,270,149,256,149,成
﻿256,149,270,149,270,168,256,168,化
﻿256,168,270,168,270,187,256,187,二
﻿242,111,255,111,255,131,242,131,十
﻿242,131,255,131,255,152,242,152,一
﻿242,152,255,152,255,173,242,173,年
﻿244,193,271,193,271,214,244,214,春
﻿244,214,271,214,271,235,244,235,正
﻿244,235,271,235,271,256,244,256,月
﻿244,256,271,256,271,277,244,277,十
﻿244,277,271,277,271,299,244,299,一
﻿244,299,271,299,271,320,244,320,日
﻿244,320,271,320,271,341,244,341,定
﻿244,341,271,341,271,362,244,362,天
﻿244,362,271,362,271,383,244,383,下
﻿244,383,271,383,271,405,244,405,各
﻿212,24,239,24,239,45,212,45,府
﻿212,45,239,45,239,66,212,66,縣
﻿212,66,239,66,239,87,212,87,州
﻿212,87,239,87,239,108,212,108,等
﻿212,108,239,108,239,130,212,130,官
﻿212,130,239,130,239,151,212,151,進
﻿212,151,239,151,239,172,212,172,人
﻿212,172,239,172,239,193,212,193,丁
﻿212,193,239,193,239,215,212,215,田
﻿212,215,239,215,239,236,212,236,租
﻿212,236,239,236,239,257,212,257,及
﻿212,257,239,257,239,278,212,278,原
﻿212,278,239,278,239,299,212,299,頭
﻿212,299,239,299,239,321,212,321,諸
﻿212,321,239,321,239,342,212,342,税
﻿212,342,239,342,239,363,212,363,敢
﻿212,363,239,363,239,384,212,384,有
﻿212,384,239,384,239,406,212,406,怠
﻿182,25,208,25,208,46,182,46,慢
﻿182,46,208,46,208,67,182,67,不
﻿182,67,208,67,208,88,182,88,勤
﻿182,88,208,88,208,109,182,109,徵
﻿182,109,208,109,208,131,182,131,收
﻿182,131,208,131,208,152,182,152,以
﻿182,152,208,152,208,173,182,173,致
﻿182,173,208,173,208,194,182,194,拖
﻿182,194,208,194,208,215,182,215,欠
﻿182,215,208,215,208,237,182,237,追
﻿182,237,208,237,208,258,182,258,錢
﻿182,258,208,258,208,279,182,279,賞
﻿182,279,208,279,208,300,182,300,如
﻿182,300,208,300,208,322,182,322,令
﻿195,324,210,324,210,343,195,343,令
﻿195,343,210,343,210,362,195,362,謂
﻿195,362,210,362,210,381,195,381,以
﻿195,381,210,381,210,401,195,401,十
﻿182,324,194,324,194,343,182,343,分
﻿182,343,194,343,194,363,182,363,為
﻿182,363,194,363,194,383,182,383,率
﻿182,383,194,383,194,403,182,403,追
﻿160,25,177,25,177,45,160,45,扵
﻿160,45,177,45,177,66,160,66,本
﻿160,66,177,66,177,87,160,87,人
﻿160,87,177,87,177,107,160,107,七
﻿160,107,177,107,177,128,160,128,分
﻿160,128,177,128,177,149,160,149,追
﻿148,27,159,27,159,47,148,47,該
﻿148,47,159,47,159,67,148,67,官
﻿148,67,159,67,159,87,148,87,長
﻿148,87,159,87,159,107,148,107,三
﻿148,107,159,107,159,127,148,127,分
﻿150,154,176,154,176,174,150,174,若
﻿150,174,176,174,176,195,150,195,飢
﻿150,195,176,195,176,216,150,216,寒
﻿150,216,176,216,176,237,150,237,困
﻿150,237,176,237,176,258,150,258,苦
﻿150,258,176,258,176,279,150,279,村
﻿150,279,176,279,176,300,150,300,長
﻿150,300,176,300,176,321,150,321,端
﻿150,321,176,321,176,342,150,342,供
﻿150,342,176,342,176,363,150,363,共
﻿150,363,176,363,176,384,150,384,保
﻿150,384,176,384,176,405,150,405,如
﻿120,26,143,26,143,47,120,47,前
﻿120,47,143,47,143,68,120,68,令
﻿120,68,143,68,143,89,120,89,施
﻿120,89,143,89,143,110,120,110,行
﻿89,27,115,27,115,48,89,48,二
﻿89,48,115,48,115,69,89,69,月
﻿89,69,115,69,115,90,89,90,十
﻿89,90,115,90,115,111,89,111,二
﻿89,111,115,111,115,132,89,132,日
﻿89,132,115,132,115,153,89,153,勑
﻿89,153,115,153,115,174,89,174,旨
﻿89,174,115,174,115,195,89,195,内
﻿89,195,115,195,115,216,89,216,外
﻿89,216,115,216,115,237,89,237,各
﻿89,237,115,237,115,258,89,258,衙
﻿89,258,115,258,115,279,89,279,門
﻿89,279,115,279,115,300,89,300,奏
﻿89,300,115,300,115,321,89,321,題
﻿89,321,115,321,115,342,89,342,等
﻿89,342,115,342,115,363,89,363,本
﻿89,363,115,363,115,384,89,384,本
﻿89,384,115,384,115,405,89,405,官
﻿58,25,82,25,82,46,58,46,書
﻿58,46,82,46,82,68,58,68,名
﻿58,68,82,68,82,89,58,89,不
﻿58,89,82,89,82,111,58,111,得
﻿58,111,82,111,82,132,58,132,使
﻿58,132,82,132,82,154,58,154,書
﻿58,154,82,154,82,175,58,175,寫
﻿58,175,82,175,82,197,58,197,吏
﻿58,197,82,197,82,218,58,218,代
﻿58,218,82,218,82,240,58,240,書
﻿28,28,54,28,54,49,28,49,三
﻿28,49,54,49,54,70,28,70,月
﻿28,70,54,70,54,92,28,92,太
﻿28,92,54,92,54,113,28,113,傅
﻿28,113,54,113,54,135,28,135,靖
﻿28,135,54,135,54,156,28,156,國
﻿28,156,54,156,54,177,28,177,公
﻿28,177,54,177,54,199,28,199,黎
﻿28,199,54,199,54,220,28,220,念
﻿28,220,54,220,54,242,28,242,卒
﻿3,27,24,27,24,48,3,48,夏
﻿3,48,24,48,24,69,3,69,四
﻿3,69,24,69,24,90,3,90,月
﻿3,90,24,90,24,111,3,111,初
﻿3,111,24,111,24,132,3,132,十
﻿3,132,24,132,24,154,3,154,日
﻿3,154,24,154,24,175,3,175,定
﻿3,175,24,175,24,196,3,196,廣
﻿3,196,24,196,24,217,3,217,南
﻿3,217,24,217,24,238,3,238,納
﻿3,238,24,238,24,259,3,259,税
﻿3,259,24,259,24,281,3,281,令
﻿3,281,24,281,24,302,3,302,先
﻿3,302,24,302,24,323,3,323,是
﻿3,323,24,323,24,344,3,344,廣
﻿3,344,24,344,24,365,3,365,南
﻿3,365,24,365,24,386,3,386,無
﻿3,386,24,386,24,408,3,408,船
