245,29,266,29,266,50,245,50,十
﻿245,50,266,50,266,71,245,71,月
﻿245,71,266,71,266,92,245,92,初
﻿245,92,266,92,266,113,245,113,一
﻿245,113,266,113,266,134,245,134,日
﻿245,134,266,134,266,155,245,155,以
﻿245,155,266,155,266,176,245,176,金
﻿245,176,266,176,266,197,245,197,吾
﻿245,197,266,197,266,218,245,218,衛
﻿245,218,266,218,266,239,245,239,掌
﻿245,239,266,239,266,260,245,260,衛
﻿245,260,266,260,266,281,245,281,事
﻿245,281,266,281,266,302,245,302,廣
﻿245,302,266,302,266,323,245,323,郡
﻿245,323,266,323,266,344,245,344,公
﻿245,344,266,344,266,365,245,365,范
﻿245,365,266,365,266,386,245,386,篤
﻿245,386,266,386,266,408,245,408,爲
﻿215,30,235,30,235,50,215,50,太
﻿215,50,235,50,235,71,215,71,保
﻿182,9,209,9,209,30,182,30,乙
﻿182,30,209,30,209,51,182,51,卯
﻿182,51,209,51,209,72,182,72,七
﻿182,72,209,72,209,94,182,94,年
﻿195,96,208,96,208,116,195,116,莫
﻿195,116,208,116,208,136,195,136,光
﻿195,136,208,136,208,157,195,157,寶
﻿195,157,208,157,208,177,195,177,二
﻿195,177,208,177,208,198,195,198,年
﻿182,96,194,96,194,113,182,113,明
﻿182,113,194,113,194,131,182,131,嘉
﻿182,131,194,131,194,148,182,148,靖
﻿182,148,194,148,194,166,182,166,三
﻿182,166,194,166,194,183,182,183,十
﻿182,183,194,183,194,201,182,201,四
﻿182,201,194,201,194,219,182,219,年
﻿184,220,208,220,208,240,184,240,八
﻿184,240,208,240,208,261,184,261,月
﻿184,261,208,261,208,281,184,281,莫
﻿184,281,208,281,208,302,184,302,使
﻿184,302,208,302,208,322,184,322,謙
﻿184,322,208,322,208,343,184,343,王
﻿184,343,208,343,208,363,184,363,莫
﻿184,363,208,363,208,384,184,384,敬
﻿184,384,208,384,208,405,184,405,典
﻿151,30,176,30,176,50,151,50,将
﻿151,50,176,50,176,71,151,71,兵
﻿151,71,176,71,176,92,151,92,入
﻿151,92,176,92,176,113,151,113,寇
﻿151,113,176,113,176,134,151,134,清
﻿151,134,176,134,176,155,151,155,華
﻿151,155,176,155,176,176,151,176,以
﻿151,176,176,176,176,197,151,197,壽
﻿151,197,176,197,176,218,151,218,郡
﻿151,218,176,218,176,239,151,239,公
﻿162,242,176,242,176,260,162,260,缺
﻿151,242,161,242,161,260,151,260,名
﻿153,262,175,262,175,282,153,282,節
﻿153,282,175,282,175,302,153,302,制
﻿153,302,175,302,175,322,153,322,南
﻿153,322,175,322,175,342,153,342,道
﻿153,342,175,342,175,362,153,362,兵
﻿153,362,175,362,175,382,153,382,領
﻿153,382,175,382,175,403,153,403,舟
﻿122,31,145,31,145,51,122,51,百
﻿122,51,145,51,145,72,122,72,餘
﻿122,72,145,72,145,93,122,93,隻
﻿122,93,145,93,145,114,122,114,爲
﻿122,114,145,114,145,135,122,135,先
﻿122,135,145,135,145,156,122,156,鋒
﻿122,156,145,156,145,176,122,176,進
﻿122,176,145,176,145,197,122,197,至
﻿122,197,145,197,145,218,122,218,神
﻿122,218,145,218,145,239,122,239,符
﻿122,239,145,239,145,260,122,260,海
﻿122,260,145,260,145,281,122,281,口
﻿122,281,145,281,145,301,122,301,駐
﻿122,301,145,301,145,322,122,322,營
﻿122,322,145,322,145,343,122,343,次
﻿122,343,145,343,145,364,122,364,日
﻿122,364,145,364,145,385,122,385,敬
﻿122,385,145,385,145,406,122,406,典
﻿92,31,115,31,115,51,92,51,率
﻿92,51,115,51,115,72,92,72,軍
﻿92,72,115,72,115,93,92,93,會
﻿92,93,115,93,115,114,92,114,于
﻿92,114,115,114,115,134,92,134,大
﻿92,134,115,134,115,155,92,155,頼
﻿92,155,115,155,115,176,92,176,江
﻿92,176,115,176,115,197,92,197,使
﻿92,197,115,197,115,218,92,218,壽
﻿92,218,115,218,115,238,92,238,郡
﻿92,238,115,238,115,259,92,259,公
﻿92,259,115,259,115,280,92,280,督
﻿92,280,115,280,115,301,92,301,率
﻿92,301,115,301,115,321,92,321,本
﻿92,321,115,321,115,342,92,342,部
﻿92,342,115,342,115,363,92,363,兵
﻿92,363,115,363,115,384,92,384,前
﻿92,384,115,384,115,405,92,405,進
﻿62,30,86,30,86,49,62,49,駐
﻿62,49,86,49,86,69,62,69,營
﻿62,69,86,69,86,89,62,89,金
﻿62,89,86,89,86,108,62,108,山
﻿62,108,86,108,86,128,62,128,太
﻿62,128,86,128,86,148,62,148,師
﻿62,148,86,148,86,168,62,168,諒
﻿62,168,86,168,86,187,62,187,國
﻿62,187,86,187,86,207,62,207,公
﻿62,207,86,207,86,227,62,227,鄭
﻿62,227,86,227,86,247,62,247,檢
﻿62,247,86,247,86,266,62,266,大
﻿62,266,86,266,86,286,62,286,會
﻿62,286,86,286,86,306,62,306,諸
﻿62,306,86,306,86,326,62,326,将
﻿62,326,86,326,86,345,62,345,謀
﻿62,345,86,345,86,365,62,365,曰
﻿62,365,86,365,86,385,62,385,賊
﻿62,385,86,385,86,405,62,405,特
﻿33,32,55,32,55,52,33,52,眾
﻿33,52,55,52,55,73,33,73,輕
﻿33,73,55,73,55,93,33,93,我
﻿33,93,55,93,55,114,33,114,我
﻿33,114,55,114,55,134,33,134,以
﻿33,134,55,134,55,155,33,155,伏
﻿33,155,55,155,55,175,33,175,計
﻿33,175,55,175,55,196,33,196,待
﻿33,196,55,196,55,217,33,217,之
﻿33,217,55,217,55,237,33,237,可
﻿33,237,55,237,55,258,33,258,成
﻿33,258,55,258,55,278,33,278,擒
﻿33,278,55,278,55,299,33,299,矣
﻿33,299,55,299,55,319,33,319,乃
﻿33,319,55,319,55,340,33,340,使
﻿33,340,55,340,55,360,33,360,人
﻿33,360,55,360,55,381,33,381,先
﻿33,381,55,381,55,402,33,402,戒
﻿8,31,28,31,28,51,8,51,沿
﻿8,51,28,51,28,72,8,72,江
﻿8,72,28,72,28,93,8,93,两
﻿8,93,28,93,28,114,8,114,岸
﻿8,114,28,114,28,134,8,134,民
﻿8,134,28,134,28,155,8,155,人
﻿8,155,28,155,28,176,8,176,不
﻿8,176,28,176,28,197,8,197,得
﻿8,197,28,197,28,218,8,218,驚
﻿8,218,28,218,28,238,8,238,動
﻿8,238,28,238,28,259,8,259,各
﻿8,259,28,259,28,280,8,280,相
﻿8,280,28,280,28,301,8,301,接
﻿8,301,28,301,28,321,8,321,堵
﻿8,321,28,321,28,342,8,342,如
﻿8,342,28,342,28,363,8,363,故
﻿8,363,28,363,28,384,8,384,又
﻿8,384,28,384,28,405,8,405,使
