260,31,282,31,282,52,260,52,㓂
﻿260,52,282,52,282,73,260,73,刼
﻿260,73,282,73,282,94,260,94,憑
﻿260,94,282,94,282,115,260,115,陵
﻿260,115,282,115,282,136,260,136,大
﻿260,136,282,136,282,157,260,157,者
﻿260,157,282,157,282,178,260,178,結
﻿260,178,282,178,282,199,260,199,成
﻿260,199,282,199,282,220,260,220,三
﻿260,220,282,220,282,241,260,241,十
﻿260,241,282,241,282,262,260,262,黨
﻿260,262,282,262,282,283,260,283,小
﻿260,283,282,283,282,304,260,304,者
﻿260,304,282,304,282,325,260,325,亦
﻿260,325,282,325,282,346,260,346,不
﻿260,346,282,346,282,367,260,367,下
﻿260,367,282,367,282,388,260,388,數
﻿260,388,282,388,282,409,260,409,十
﻿235,32,258,32,258,53,235,53,餘
﻿235,53,258,53,258,74,235,74,群
﻿235,74,258,74,258,95,235,95,真
﻿235,95,258,95,258,116,235,116,定
﻿235,116,258,116,258,137,235,137,都
﻿235,137,258,137,258,158,235,158,寕
﻿246,159,259,159,259,178,246,178,缺
﻿246,178,259,178,259,197,246,197,姓
﻿246,197,259,197,259,216,246,216,以
﻿231,161,244,161,244,180,231,180,下
﻿231,180,244,180,244,199,231,199,名
﻿233,221,256,221,256,241,233,241,自
﻿233,241,256,241,256,261,233,261,稱
﻿233,261,256,261,256,282,233,282,建
﻿233,282,256,282,256,302,233,302,國
﻿233,302,256,302,256,322,233,322,公
﻿233,322,256,322,256,343,233,343,㨿
﻿233,343,256,343,256,363,233,363,建
﻿233,363,256,363,256,383,233,383,昌
﻿233,383,256,383,256,404,233,404,乙
﻿200,33,225,33,225,53,200,53,技
﻿200,53,225,53,225,74,200,74,自
﻿200,74,225,74,225,95,200,95,稱
﻿200,95,225,95,225,115,200,115,強
﻿200,115,225,115,225,136,200,136,國
﻿200,136,225,136,225,157,200,157,公
﻿200,157,225,157,225,177,200,177,㨿
﻿200,177,225,177,225,198,200,198,錦
﻿200,198,225,198,225,219,200,219,江
﻿200,219,225,219,225,239,200,239,太
﻿200,239,225,239,225,260,200,260,國
﻿200,260,225,260,225,281,200,281,公
﻿200,281,225,281,225,301,200,301,㨿
﻿200,301,225,301,225,322,200,322,嘉
﻿200,322,225,322,225,343,200,343,福
﻿200,343,225,343,225,363,200,363,華
﻿200,363,225,363,225,384,200,384,國
﻿200,384,225,384,225,405,200,405,公
﻿170,30,194,30,194,50,170,50,㨿
﻿170,50,194,50,194,71,170,71,快
﻿170,71,194,71,194,92,170,92,州
﻿170,92,194,92,194,113,170,113,嚴
﻿170,113,194,113,194,133,170,133,國
﻿170,133,194,133,194,154,170,154,公
﻿170,154,194,154,194,175,170,175,㨿
﻿170,175,194,175,194,196,170,196,四
﻿170,196,194,196,194,217,170,217,岐
﻿170,217,194,217,194,237,170,237,慶
﻿170,237,194,237,194,258,170,258,國
﻿170,258,194,258,194,279,170,279,公
﻿170,279,194,279,194,300,170,300,㨿
﻿170,300,194,300,194,320,170,320,山
﻿170,320,194,320,194,341,170,341,陽
﻿170,341,194,341,194,362,170,362,德
﻿170,362,194,362,194,383,170,383,國
﻿170,383,194,383,194,404,170,404,公
﻿140,30,162,30,162,50,140,50,㨿
﻿140,50,162,50,162,71,140,71,夏
﻿140,71,162,71,162,92,140,92,華
﻿140,92,162,92,162,113,140,113,羙
﻿140,113,162,113,162,133,140,133,壽
﻿140,133,162,133,162,154,140,154,侯
﻿140,154,162,154,162,175,140,175,㨿
﻿140,175,162,175,162,196,140,196,青
﻿140,196,162,196,162,217,140,217,波
﻿140,217,162,217,162,237,140,237,威
﻿140,237,162,237,162,258,140,258,王
﻿140,258,162,258,162,279,140,279,莫
﻿140,279,162,279,162,300,140,300,敬
﻿140,300,162,300,162,320,140,320,用
﻿140,320,162,320,162,341,140,341,㨿
﻿140,341,162,341,162,362,140,362,太
﻿140,362,162,362,162,383,140,383,原
﻿140,383,162,383,162,404,140,404,壮
﻿105,33,133,33,133,53,105,53,王
﻿105,53,133,53,133,74,105,74,莫
﻿105,74,133,74,133,95,105,95,敬
﻿105,95,133,95,133,115,105,115,章
﻿105,115,133,115,133,136,105,136,㨿
﻿105,136,133,136,133,157,105,157,天
﻿105,157,133,157,133,177,105,177,施
﻿105,177,133,177,133,198,105,198,義
﻿105,198,133,198,133,219,105,219,國
﻿105,219,133,219,133,239,105,239,公
﻿105,239,133,239,133,260,105,260,㨿
﻿105,260,133,260,133,281,105,281,新
﻿105,281,133,281,133,301,105,301,興
﻿105,301,133,301,133,322,105,322,文
﻿105,322,133,322,133,343,105,343,國
﻿105,343,133,343,133,363,105,363,公
﻿105,363,133,363,133,384,105,384,㨿
﻿105,384,133,384,133,405,105,405,三
﻿77,30,102,30,102,50,77,50,陽
﻿77,50,102,50,102,71,77,71,錦
﻿77,71,102,71,102,92,77,92,國
﻿77,92,102,92,102,113,77,113,公
﻿77,113,102,113,102,133,77,133,㨿
﻿77,133,102,133,102,154,77,154,青
﻿77,154,102,154,102,175,77,175,池
﻿77,175,102,175,102,196,77,196,忠
﻿77,196,102,196,102,217,77,217,國
﻿77,217,102,217,102,237,77,237,公
﻿77,237,102,237,102,258,77,258,㨿
﻿77,258,102,258,102,279,77,279,普
﻿77,279,102,279,102,300,77,300,安
﻿77,300,102,300,102,320,77,320,福
﻿77,320,102,320,102,341,77,341,國
﻿77,341,102,341,102,362,77,362,公
﻿77,362,102,362,102,383,77,383,㨿
﻿77,383,102,383,102,404,77,404,右
﻿48,29,72,29,72,50,48,50,𨻫
﻿48,50,72,50,72,71,48,71,大
﻿48,71,72,71,72,92,48,92,者
﻿48,92,72,92,72,113,48,113,數
﻿48,113,72,113,72,134,48,134,千
﻿48,134,72,134,72,155,48,155,餘
﻿48,155,72,155,72,176,48,176,人
﻿48,176,72,176,72,197,48,197,小
﻿48,197,72,197,72,218,48,218,者
﻿48,218,72,218,72,239,48,239,七
﻿48,239,72,239,72,260,48,260,八
﻿48,260,72,260,72,281,48,281,百
﻿48,281,72,281,72,302,48,302,人
﻿48,302,72,302,72,323,48,323,所
﻿48,323,72,323,72,344,48,344,至
﻿48,344,72,344,72,365,48,365,民
﻿48,365,72,365,72,386,48,386,皆
﻿48,386,72,386,72,408,48,408,響
﻿14,28,40,28,40,49,14,49,應
﻿14,49,40,49,40,70,14,70,二
﻿14,70,40,70,40,91,14,91,十
﻿14,91,40,91,40,112,14,112,一
﻿14,112,40,112,40,133,14,133,日
﻿14,133,40,133,40,154,14,154,各
﻿14,154,40,154,40,175,14,175,處
﻿14,175,40,175,40,196,14,196,僞
﻿14,196,40,196,40,217,14,217,黨
﻿14,217,40,217,40,238,14,238,並
﻿14,238,40,238,40,259,14,259,起
﻿14,259,40,259,40,280,14,280,兵
﻿14,280,40,280,40,301,14,301,出
﻿14,301,40,301,40,322,14,322,珥
﻿14,322,40,322,40,343,14,343,河
﻿14,343,40,343,40,364,14,364,至
﻿14,364,40,364,40,385,14,385,菩
﻿14,385,40,385,40,406,14,406,提
