258,54,282,54,282,73,258,73,壬
﻿258,73,282,73,282,93,258,93,寅
﻿258,93,282,93,282,112,258,112,八
﻿258,112,282,112,282,132,258,132,年
﻿268,133,282,133,282,152,268,152,元
﻿268,152,282,152,282,171,268,171,至
﻿268,171,282,171,282,190,268,190,元
﻿268,190,282,190,282,209,268,209,二
﻿252,134,267,134,267,154,252,154,十
﻿252,154,267,154,267,175,252,175,九
﻿252,175,267,175,267,196,252,196,年
﻿253,211,280,211,280,231,253,231,春
﻿253,231,280,231,280,252,253,252,正
﻿253,252,280,252,280,273,253,273,月
﻿253,273,280,273,280,294,253,294,朔
﻿253,294,280,294,280,315,253,315,日
﻿253,315,280,315,280,336,253,336,食
﻿253,336,280,336,280,357,253,357,以
﻿253,357,280,357,280,378,253,378,費
﻿253,378,280,378,280,399,253,399,孟
﻿253,399,280,399,280,420,253,420,為
﻿253,420,280,420,280,441,253,441,演
﻿221,53,250,53,250,73,221,73,州
﻿221,73,250,73,250,93,221,93,安
﻿221,93,250,93,250,114,221,114,撫
﻿221,114,250,114,250,134,221,134,在
﻿221,134,250,134,250,154,221,154,任
﻿221,154,250,154,250,175,221,175,未
﻿221,175,250,175,250,195,221,195,幾
﻿221,195,250,195,250,215,221,215,以
﻿221,215,250,215,250,236,221,236,貪
﻿221,236,250,236,250,256,221,256,汚
﻿221,256,250,256,250,277,221,277,聞
﻿221,277,250,277,250,297,221,297,帝
﻿221,297,250,297,250,317,221,317,召
﻿221,317,250,317,250,338,221,338,還
﻿221,338,250,338,250,358,221,358,杖
﻿221,358,250,358,250,378,221,378,之
﻿221,378,250,378,250,399,221,399,復
﻿221,399,250,399,250,419,221,419,命
﻿221,419,250,419,250,440,221,440,赴
﻿192,53,219,53,219,73,192,73,治
﻿192,73,219,73,219,93,192,93,更
﻿192,93,219,93,219,114,192,114,以
﻿192,114,219,114,219,134,192,134,公
﻿192,134,219,134,219,154,192,154,清
﻿192,154,219,154,219,175,192,175,聞
﻿192,175,219,175,219,195,192,195,演
﻿192,195,219,195,219,215,192,215,州
﻿192,215,219,215,219,236,192,236,人
﻿192,236,219,236,219,256,192,256,為
﻿192,256,219,256,219,277,192,277,之
﻿192,277,219,277,219,297,192,297,語
﻿192,297,219,297,219,317,192,317,曰
﻿192,317,219,317,219,338,192,338,演
﻿192,338,219,338,219,358,192,358,州
﻿192,358,219,358,219,378,192,378,安
﻿192,378,219,378,219,399,192,399,撫
﻿192,399,219,399,219,419,192,419,清
﻿192,419,219,419,219,440,192,440,如
﻿162,52,190,52,190,73,162,73,水
﻿162,73,190,73,190,95,162,95,以
﻿162,95,190,95,190,116,162,116,陳
﻿162,116,190,116,190,138,162,138,時
﻿162,138,190,138,190,160,162,160,見
﻿162,160,190,160,190,181,162,181,為
﻿162,181,190,181,190,203,162,203,安
﻿162,203,190,203,190,224,162,224,康
﻿162,224,190,224,190,246,162,246,路
﻿162,246,190,246,190,268,162,268,安
﻿162,268,190,268,190,289,162,289,撫
﻿162,289,190,289,190,311,162,311,𥘉
﻿162,311,190,311,190,332,162,332,元
﻿162,332,190,332,190,354,162,354,人
﻿162,354,190,354,190,376,162,376,入
﻿162,376,190,376,190,397,162,397,冦
﻿162,397,190,397,190,419,162,419,帝
﻿162,419,190,419,190,441,162,441,命
﻿132,52,156,52,156,72,132,72,時
﻿132,72,156,72,156,92,132,92,見
﻿132,92,156,92,156,113,132,113,筮
﻿132,113,156,113,156,133,132,133,之
﻿132,133,156,133,156,154,132,154,得
﻿132,154,156,154,156,174,132,174,豫
﻿132,174,156,174,156,195,132,195,之
﻿132,195,156,195,156,215,132,215,震
﻿132,215,156,215,156,236,132,236,占
﻿132,236,156,236,156,256,132,256,之
﻿132,256,156,256,156,277,132,277,曰
﻿132,277,156,277,156,297,132,297,吉
﻿132,297,156,297,156,318,132,318,明
﻿132,318,156,318,156,338,132,338,年
﻿132,338,156,338,156,359,132,359,夏
﻿132,359,156,359,156,379,132,379,元
﻿132,379,156,379,156,400,132,400,人
﻿132,400,156,400,156,420,132,420,敗
﻿132,420,156,420,156,441,132,441,績
﻿103,51,128,51,128,71,103,71,果
﻿103,71,128,71,128,91,103,91,如
﻿103,91,128,91,128,112,103,112,所
﻿103,112,128,112,128,132,103,132,占
﻿103,132,128,132,128,152,103,152,重
﻿103,152,128,152,128,173,103,173,興
﻿103,173,128,173,128,193,103,193,二
﻿103,193,128,193,128,213,103,213,年
﻿103,213,128,213,128,234,103,234,秋
﻿103,234,128,234,128,254,103,254,元
﻿103,254,128,254,128,275,103,275,人
﻿103,275,128,275,128,295,103,295,復
﻿103,295,128,295,128,315,103,315,入
﻿103,315,128,315,128,336,103,336,冦
﻿103,336,128,336,128,356,103,356,帝
﻿103,356,128,356,128,376,103,376,又
﻿103,376,128,376,128,397,103,397,命
﻿103,397,128,397,128,417,103,417,筮
﻿103,417,128,417,128,438,103,438,之
﻿71,51,98,51,98,71,71,71,得
﻿71,71,98,71,98,91,71,91,觀
﻿71,91,98,91,98,112,71,112,之
﻿71,112,98,112,98,132,71,132,渙
﻿71,132,98,132,98,153,71,153,占
﻿71,153,98,153,98,173,71,173,曰
﻿71,173,98,173,98,193,71,193,渙
﻿71,193,98,193,98,214,71,214,者
﻿71,214,98,214,98,234,71,234,散
﻿71,234,98,234,98,255,71,255,也
﻿71,255,98,255,98,275,71,275,離
﻿71,275,98,275,98,296,71,296,散
﻿71,296,98,296,98,316,71,316,之
﻿71,316,98,316,98,336,71,336,兆
﻿71,336,98,336,98,357,71,357,元
﻿71,357,98,357,98,377,71,377,人
﻿71,377,98,377,98,398,71,398,至
﻿71,398,98,398,98,418,71,418,白
﻿71,418,98,418,98,439,71,439,藤
﻿43,52,68,52,68,73,43,73,江
﻿43,73,68,73,68,95,43,95,其
﻿43,95,68,95,68,116,43,116,󰕛
﻿43,116,68,116,68,138,43,138,果
﻿43,138,68,138,68,159,43,159,散
﻿43,159,68,159,68,181,43,181,走
﻿43,181,68,181,68,202,43,202,上
﻿43,202,68,202,68,224,43,224,嘉
﻿43,224,68,224,68,245,43,245,其
﻿43,245,68,245,68,267,43,267,䏻
﻿43,267,68,267,68,288,43,288,故
﻿43,288,68,288,68,310,43,310,有
﻿43,310,68,310,68,331,43,331,是
﻿43,331,68,331,68,353,43,353,命
﻿43,353,68,353,68,374,43,374,二
﻿43,374,68,374,68,396,43,396,月
﻿43,396,68,396,68,417,43,417,三
﻿43,417,68,417,68,439,43,439,日
﻿14,52,38,52,38,72,14,72,立
﻿14,72,38,72,38,92,14,92,東
﻿14,92,38,92,38,112,14,112,宫
﻿14,112,38,112,38,133,14,133,太
﻿14,133,38,133,38,153,14,153,子
﻿14,153,38,153,38,173,14,173,烇
﻿14,173,38,173,38,193,14,193,為
﻿14,193,38,193,38,214,14,214,皇
﻿14,214,38,214,38,234,14,234,太
﻿14,234,38,234,38,254,14,254,子
﻿14,254,38,254,38,274,14,274,納
﻿14,274,38,274,38,295,14,295,興
﻿14,295,38,295,38,315,14,315,讓
﻿14,315,38,315,38,335,14,335,大
﻿14,335,38,335,38,355,14,355,王
﻿14,355,38,355,38,376,14,376,國
﻿14,376,38,376,38,396,14,396,顙
﻿14,396,38,396,38,416,14,416,長
﻿14,416,38,416,38,437,14,437,女
