248,48,275,48,275,69,248,69,利
﻿248,69,275,69,275,90,248,90,於
﻿248,90,275,90,275,111,248,111,國
﻿248,111,275,111,275,133,248,133,哉
﻿248,133,275,133,275,154,248,154,在
﻿248,154,275,154,275,175,248,175,乎
﻿248,175,275,175,275,197,248,197,人
﻿248,197,275,197,275,218,248,218,?
﻿248,218,275,218,275,239,248,239,有
﻿248,239,275,239,275,261,248,261,以
﻿248,261,275,261,275,282,248,282,察
﻿248,282,275,282,275,303,248,303,之
﻿248,303,275,303,275,325,248,325,也
﻿218,30,244,30,244,51,218,51,明
﻿218,51,244,51,244,72,218,72,人
﻿218,72,244,72,244,93,218,93,捕
﻿218,93,244,93,244,114,218,114,送
﻿218,114,244,114,244,135,218,135,教
﻿218,135,244,135,244,157,218,157,授
﻿218,157,244,157,244,178,218,178,黎
﻿218,178,244,178,244,199,218,199,景
﻿218,199,244,199,244,220,218,220,恂
﻿218,220,244,220,244,241,218,241,于
﻿218,241,244,241,244,262,218,262,金
﻿218,262,244,262,244,284,218,284,陵
﻿218,284,244,284,244,305,218,305,初
﻿218,305,244,305,244,326,218,326,景
﻿218,326,244,326,244,347,218,347,恂
﻿218,347,244,347,244,368,218,368,爲
﻿218,368,244,368,244,389,218,389,胡
﻿218,389,244,389,244,411,218,411,氏
﻿187,30,213,30,213,51,187,51,下
﻿187,51,213,51,213,72,187,72,齋
﻿187,72,213,72,213,93,187,93,學
﻿187,93,213,93,213,114,187,114,生
﻿187,114,213,114,213,135,187,135,興
﻿187,135,213,135,213,157,187,157,?
﻿187,157,213,157,213,178,187,178,元
﻿187,178,213,178,213,199,187,199,年
﻿187,199,213,199,213,220,187,220,作
﻿187,220,213,220,213,241,187,241,萬
﻿187,241,213,241,213,262,187,262,言
﻿187,262,213,262,213,284,187,284,書
﻿187,284,213,284,213,305,187,305,献
﻿187,305,213,305,213,326,187,326,參
﻿187,326,213,326,213,347,187,347,議
﻿187,347,213,347,213,368,187,368,裴
﻿187,368,213,368,213,389,187,389,伯
﻿187,389,213,389,213,411,187,411,耆
﻿157,28,183,28,183,49,157,49,有
﻿157,49,183,49,183,70,157,70,上
﻿157,70,183,70,183,91,157,91,中
﻿157,91,183,91,183,112,157,112,下
﻿157,112,183,112,183,133,157,133,三
﻿157,133,183,133,183,155,157,155,策
﻿157,155,183,155,183,176,157,176,大
﻿157,176,183,176,183,197,157,197,畧
﻿157,197,183,197,183,218,157,218,以
﻿157,218,183,218,183,239,157,239,爲
﻿157,239,183,239,183,260,157,260,明
﻿157,260,183,260,183,282,157,282,國
﻿157,282,183,282,183,303,157,303,既
﻿157,303,183,303,183,324,157,324,有
﻿157,324,183,324,183,345,157,345,勑
﻿157,345,183,345,183,366,157,366,賜
﻿157,366,183,366,183,387,157,387,閣
﻿157,387,183,387,183,409,157,409,下
﻿125,28,150,28,150,49,125,49,隨
﻿125,49,150,49,150,70,125,70,軍
﻿125,70,150,70,150,91,125,91,征
﻿125,91,150,91,150,112,125,112,進
﻿125,112,150,112,150,134,125,134,俟
﻿125,134,150,134,150,155,125,155,胡
﻿125,155,150,155,150,176,125,176,氏
﻿125,176,150,176,150,197,125,197,成
﻿125,197,150,197,150,219,125,219,擒
﻿125,219,150,219,150,240,125,240,擇
﻿125,240,150,240,150,261,125,261,陳
﻿125,261,150,261,150,282,125,282,氏
﻿125,282,150,282,150,303,125,303,子
﻿125,303,150,303,150,325,125,325,孫
﻿125,325,150,325,150,346,125,346,立
﻿125,346,150,346,150,367,125,367,之
﻿125,367,150,367,150,388,125,388,加
﻿125,388,150,388,150,410,125,410,爵
﻿96,31,120,31,120,51,96,51,居
﻿96,51,120,51,120,72,96,72,國
﻿96,72,120,72,120,93,96,93,爲
﻿96,93,120,93,120,114,96,114,輔
﻿96,114,120,114,120,135,96,135,見
﻿96,135,120,135,120,156,96,156,今
﻿96,156,120,156,120,177,96,177,設
﻿96,177,120,177,120,198,96,198,立
﻿96,198,120,198,120,219,96,219,布
﻿96,219,120,219,120,240,96,240,政
﻿96,240,120,240,120,261,96,261,司
﻿96,261,120,261,120,282,96,282,授
﻿96,282,120,282,120,303,96,303,閣
﻿96,303,120,303,120,324,96,324,下
﻿96,324,120,324,120,345,96,345,以
﻿96,345,120,345,120,366,96,366,髙
﻿96,366,120,366,120,387,96,387,爵
﻿96,387,120,387,120,408,96,408,者
﻿63,28,89,28,89,49,63,49,給
﻿63,49,89,49,89,70,63,70,陳
﻿63,70,89,70,89,91,63,91,氏
﻿63,91,89,91,89,112,63,112,廟
﻿63,112,89,112,89,133,63,133,洗
﻿63,133,89,133,89,155,63,155,掃
﻿63,155,89,155,89,176,63,176,人
﻿63,176,89,176,89,197,63,197,閣
﻿63,197,89,197,89,218,63,218,下
﻿63,218,89,218,89,239,63,239,苟
﻿63,239,89,239,89,260,63,260,能
﻿63,260,89,260,89,282,63,282,復
﻿63,282,89,282,89,303,63,303,奏
﻿63,303,89,303,89,324,63,324,辨
﻿63,324,89,324,89,345,63,345,官
﻿63,345,89,345,89,366,63,366,吏
﻿63,366,89,366,89,387,63,387,耆
﻿63,387,89,387,89,409,63,409,者
﻿32,28,58,28,58,49,32,49,之
﻿32,49,58,49,58,70,32,70,所
﻿32,70,58,70,58,91,32,91,言
﻿32,91,58,91,58,112,32,112,明
﻿32,112,58,112,58,133,32,133,陳
﻿32,133,58,133,58,155,32,155,氏
﻿32,155,58,155,58,176,32,176,子
﻿32,176,58,176,58,197,32,197,孫
﻿32,197,58,197,58,218,32,218,之
﻿32,218,58,218,58,239,32,239,未
﻿32,239,58,239,58,260,32,260,絶
﻿32,260,58,260,58,282,32,282,而
﻿32,282,58,282,58,303,32,303,别
﻿32,303,58,303,58,324,32,324,宣
﻿32,324,58,324,58,345,32,345,詔
﻿32,345,58,345,58,366,32,366,勑
﻿32,366,58,366,58,387,32,387,復
﻿32,387,58,387,58,409,32,409,封
﻿4,28,27,28,27,49,4,49,陳
﻿4,49,27,49,27,70,4,70,氏
﻿4,70,27,70,27,91,4,91,此
﻿4,91,27,91,27,113,4,113,上
﻿4,113,27,113,27,134,4,134,策
﻿4,134,27,134,27,155,4,155,也
﻿4,155,27,155,27,176,4,176,不
﻿4,176,27,176,27,198,4,198,能
﻿4,198,27,198,27,219,4,219,如
﻿4,219,27,219,27,240,4,240,是
﻿4,240,27,240,27,262,4,262,乞
﻿4,262,27,262,27,283,4,283,罷
﻿4,283,27,283,27,304,4,304,本
﻿4,304,27,304,27,325,4,325,職
﻿4,325,27,325,27,347,4,347,願
﻿4,347,27,347,27,368,4,368,爲
﻿4,368,27,368,27,389,4,389,陳
﻿4,389,27,389,27,411,4,411,氏
