247,26,273,26,273,47,247,47,十
﻿247,47,273,47,273,68,247,68,八
﻿247,68,273,68,273,89,247,89,日
﻿247,89,273,89,273,110,247,110,上
﻿247,110,273,110,273,131,247,131,御
﻿247,131,273,131,273,152,247,152,敬
﻿247,152,273,152,273,173,247,173,天
﻿247,173,273,173,273,194,247,194,殿
﻿247,194,273,194,273,215,247,215,臚
﻿247,215,273,215,273,236,247,236,傳
﻿247,236,273,236,273,257,247,257,唱
﻿247,257,273,257,273,278,247,278,進
﻿247,278,273,278,273,299,247,299,士
﻿247,299,273,299,273,320,247,320,武
﻿247,320,273,320,273,341,247,341,睿
﻿247,341,273,341,273,362,247,362,等
﻿247,362,273,362,273,383,247,383,名
﻿247,383,273,383,273,405,247,405,百
﻿217,27,243,27,243,48,217,48,官
﻿217,48,243,48,243,69,217,69,朝
﻿217,69,243,69,243,90,217,90,服
﻿217,90,243,90,243,111,217,111,稱
﻿217,111,243,111,243,132,217,132,賀
﻿217,132,243,132,243,153,217,153,禮
﻿217,153,243,153,243,174,217,174,部
﻿217,174,243,174,243,195,217,195,捧
﻿217,195,243,195,243,216,217,216,黄
﻿217,216,243,216,243,237,217,237,榜
﻿217,237,243,237,243,258,217,258,揭
﻿217,258,243,258,243,279,217,279,于
﻿217,279,243,279,243,300,217,300,東
﻿217,300,243,300,243,321,217,321,華
﻿217,321,243,321,243,342,217,342,門
﻿217,342,243,342,243,363,217,363,外
﻿217,363,243,363,243,384,217,384,十
﻿217,384,243,384,243,405,217,405,九
﻿187,31,210,31,210,52,187,52,日
﻿187,52,210,52,210,73,187,73,賜
﻿187,73,210,73,210,94,187,94,冠
﻿187,94,210,94,210,115,187,115,󰅾
﻿187,115,210,115,210,136,187,136,衣
﻿187,136,210,136,210,157,187,157,服
﻿187,157,210,157,210,178,187,178,二
﻿187,178,210,178,210,199,187,199,十
﻿187,199,210,199,210,220,187,220,日
﻿187,220,210,220,210,241,187,241,賜
﻿187,241,210,241,210,262,187,262,宴
﻿155,29,180,29,180,49,155,49,定
﻿155,49,180,49,180,70,155,70,折
﻿155,70,180,70,180,91,155,91,社
﻿155,91,180,91,180,112,155,112,令
﻿155,112,180,112,180,133,155,133,某
﻿155,133,180,133,180,154,155,154,社
﻿155,154,180,154,180,175,155,175,僃
﻿155,175,180,175,180,196,155,196,五
﻿155,196,180,196,180,217,155,217,百
﻿155,217,180,217,180,237,155,237,户
﻿155,237,180,237,180,258,155,258,而
﻿155,258,180,258,180,279,155,279,其
﻿155,279,180,279,180,300,155,300,餘
﻿155,300,180,300,180,321,155,321,户
﻿155,321,180,321,180,342,155,342,又
﻿155,342,180,342,180,363,155,363,得
﻿155,363,180,363,180,384,155,384,一
﻿155,384,180,384,180,405,155,405,百
﻿124,30,152,30,152,50,124,50,户
﻿124,50,152,50,152,71,124,71,以
﻿124,71,152,71,152,92,124,92,上
﻿124,92,152,92,152,113,124,113,将
﻿124,113,152,113,152,134,124,134,城
﻿124,134,152,134,152,155,124,155,一
﻿124,155,152,155,152,175,124,175,小
﻿124,175,152,175,152,196,124,196,社
﻿124,196,152,196,152,217,124,217,應
﻿124,217,152,217,152,238,124,238,投
﻿124,238,152,238,152,259,124,259,告
﻿124,259,152,259,152,280,124,280,類
﻿124,280,152,280,152,300,124,300,奏
﻿124,300,152,300,152,321,124,321,折
﻿124,321,152,321,152,342,124,342,為
﻿124,342,152,342,152,363,124,363,别
﻿124,363,152,363,152,384,124,384,社
﻿124,384,152,384,152,405,124,405,以
﻿96,28,119,28,119,49,96,49,增
﻿96,49,119,49,119,71,96,71,廣
﻿96,71,119,71,119,92,96,92,版
﻿96,92,119,92,119,114,96,114,圖
﻿63,29,89,29,89,50,63,50,秋
﻿63,50,89,50,89,71,63,71,七
﻿63,71,89,71,89,92,63,92,月
﻿63,92,89,92,89,113,63,113,定
﻿63,113,89,113,89,134,63,134,百
﻿63,134,89,134,89,155,63,155,官
﻿63,155,89,155,89,176,63,176,進
﻿63,176,89,176,89,197,63,197,朝
﻿63,197,89,197,89,219,63,219,例
﻿36,30,61,30,61,51,36,51,八
﻿36,51,61,51,61,72,36,72,月
﻿36,72,61,72,61,93,36,93,十
﻿36,93,61,93,61,114,36,114,五
﻿36,114,61,114,61,135,36,135,日
﻿36,135,61,135,61,156,36,156,立
﻿36,156,61,156,61,177,36,177,洪
﻿36,177,61,177,61,198,36,198,德
﻿36,198,61,198,61,219,36,219,二
﻿36,219,61,219,61,240,36,240,十
﻿36,240,61,240,61,261,36,261,一
﻿36,261,61,261,61,282,36,282,年
﻿36,282,61,282,61,303,36,303,庚
﻿36,303,61,303,61,324,36,324,戌
﻿36,324,61,324,61,345,36,345,科
﻿36,345,61,345,61,366,36,366,進
﻿36,366,61,366,61,387,36,387,士
﻿36,387,61,387,61,408,36,408,題
﻿7,30,31,30,31,52,7,52,名
﻿7,52,31,52,31,75,7,75,碑
﻿7,75,31,75,31,97,7,97,二
﻿7,97,31,97,31,120,7,120,十
﻿7,120,31,120,31,142,7,142,六
﻿7,142,31,142,31,165,7,165,日
﻿7,165,31,165,31,187,7,187,定
﻿7,187,31,187,31,210,7,210,百
﻿7,210,31,210,31,232,7,232,官
﻿7,232,31,232,31,255,7,255,入
﻿7,255,31,255,31,277,7,277,朝
﻿7,277,31,277,31,300,7,300,進
﻿7,300,31,300,31,322,7,322,止
﻿7,322,31,322,31,345,7,345,例
