252,12,277,12,277,32,252,32,其
﻿252,32,277,32,277,53,252,53,足
﻿252,53,277,53,277,74,252,74,仁
﻿252,74,277,74,277,94,252,94,惠
﻿252,94,277,94,277,115,252,115,惧
﻿252,115,277,115,277,136,252,136,詣
﻿252,136,277,136,277,157,252,157,御
﻿252,157,277,157,277,177,252,177,營
﻿252,177,277,177,277,198,252,198,謝
﻿252,198,277,198,277,219,252,219,罪
﻿252,219,277,219,277,240,252,240,曰
﻿252,240,277,240,277,260,252,260,臣
﻿252,260,277,260,277,281,252,281,恐
﻿252,281,277,281,277,302,252,302,彼
﻿252,302,277,302,277,323,252,323,至
﻿252,323,277,323,277,343,252,343,海
﻿252,343,277,343,277,364,252,364,中
﻿252,364,277,364,277,385,252,385,改
﻿252,385,277,385,277,406,252,406,圖
﻿220,12,246,12,246,32,220,32,故
﻿220,32,246,32,246,53,220,53,方
﻿220,53,246,53,246,73,220,73,遏
﻿220,73,246,73,246,94,220,94,其
﻿220,94,246,94,246,114,220,114,彼
﻿220,114,246,114,246,135,220,135,耳
﻿220,135,246,135,246,155,220,155,帝
﻿220,155,246,155,246,176,220,176,怒
﻿220,176,246,176,246,196,220,196,解
﻿220,196,246,196,246,217,220,217,詔
﻿220,217,246,217,246,237,220,237,分
﻿220,237,246,237,246,258,220,258,軍
﻿220,258,246,258,246,278,220,278,廵
﻿220,278,246,278,246,299,220,299,行
﻿220,299,246,299,246,319,220,319,諸
﻿220,319,246,319,246,340,220,340,部
﻿220,340,246,340,246,360,220,360,落
﻿220,360,246,360,246,381,220,381,占
﻿220,381,246,381,246,402,220,402,人
﻿190,13,216,13,216,33,190,33,嘯
﻿190,33,216,33,216,54,190,54,聚
﻿190,54,216,54,216,74,190,74,欲
﻿190,74,216,74,216,95,190,95,犯
﻿190,95,216,95,216,115,190,115,御
﻿190,115,216,115,216,136,190,136,營
﻿190,136,216,136,216,157,190,157,象
﻿190,157,216,157,216,177,190,177,聲
﻿190,177,216,177,216,198,190,198,漸
﻿190,198,216,198,216,218,190,218,近
﻿190,218,216,218,216,239,190,239,軍
﻿190,239,216,239,216,259,190,259,士
﻿190,259,216,259,216,280,190,280,有
﻿190,280,216,280,216,301,190,301,優
﻿190,301,216,301,216,321,190,321,色
﻿190,321,216,321,216,342,190,342,數
﻿190,342,216,342,216,362,190,362,日
﻿190,362,216,362,216,383,190,383,惠
﻿190,383,216,383,216,404,190,404,武
﻿159,13,184,13,184,33,159,33,軍
﻿159,33,184,33,184,54,159,54,自
﻿159,54,184,54,184,74,159,74,照
﻿159,74,184,74,184,95,159,95,道
﻿159,95,184,95,184,115,159,115,來
﻿159,115,184,115,184,136,159,136,占
﻿159,136,184,136,184,157,159,157,人
﻿159,157,184,157,184,177,159,177,乃
﻿159,177,184,177,184,198,159,198,散
﻿159,198,184,198,184,218,159,218,是
﻿159,218,184,218,184,239,159,239,役
﻿159,239,184,239,184,259,159,259,也
﻿159,259,184,259,184,280,159,280,不
﻿159,280,184,280,184,301,159,301,費
﻿159,301,184,301,184,321,159,321,一
﻿159,321,184,321,184,342,159,342,鏇
﻿159,342,184,342,184,362,159,362,而
﻿159,362,184,362,184,383,159,383,占
﻿159,383,184,383,184,404,159,404,城
﻿131,13,154,13,154,33,131,33,就
﻿131,33,154,33,154,54,131,54,乎
﻿131,54,154,54,154,74,131,74,汝
﻿131,74,154,74,154,95,131,95,諧
﻿131,95,154,95,154,115,131,115,之
﻿131,115,154,115,154,136,131,136,力
﻿131,136,154,136,154,156,131,156,也
﻿131,156,154,156,154,177,131,177,帝
﻿131,177,154,177,154,197,131,197,駐
﻿131,197,154,197,154,218,131,218,俱
﻿131,218,154,218,154,238,131,238,占
﻿131,238,154,238,154,259,131,259,之
﻿131,259,154,259,154,279,131,279,日
﻿131,279,154,279,154,300,131,300,明
﻿131,300,154,300,154,320,131,320,憲
﻿131,320,154,320,154,341,131,341,王
﻿131,341,154,341,154,362,131,362,蔚
﻿143,366,156,366,156,384,143,384,太
﻿143,384,156,384,156,403,143,403,宗
﻿128,366,142,366,142,384,128,384,季
﻿128,384,142,384,142,403,128,403,子
﻿98,13,123,13,123,33,98,33,在
﻿98,33,123,33,123,54,98,54,營
﻿98,54,123,54,123,74,98,74,談
﻿98,74,123,74,123,95,98,95,辨
﻿98,95,123,95,123,116,98,116,簧
﻿98,116,123,116,123,136,98,136,惑
﻿98,136,123,136,123,157,98,157,軍
﻿98,157,123,157,123,178,98,178,情
﻿98,178,123,178,123,198,98,198,帝
﻿98,198,123,198,123,219,98,219,怒
﻿98,219,123,219,123,239,98,239,斥
﻿98,239,123,239,123,260,98,260,出
﻿98,260,123,260,123,281,98,281,營
﻿98,281,123,281,123,301,98,301,外
﻿98,301,123,301,123,322,98,322,詔
﻿98,322,123,322,123,343,98,343,諸
﻿98,343,123,343,123,363,98,363,軍
﻿98,363,123,363,123,384,98,384,不
﻿98,384,123,384,123,405,98,405,得
﻿68,13,93,13,93,33,68,33,納
﻿68,33,93,33,93,54,68,54,明
﻿68,54,93,54,93,74,68,74,憲
﻿68,74,93,74,93,95,68,95,乃
﻿68,95,93,95,93,115,68,115,與
﻿68,115,93,115,93,136,68,136,家
﻿68,136,93,136,93,156,68,156,僮
﻿68,156,93,156,93,177,68,177,數
﻿68,177,93,177,93,197,68,197,十
﻿68,197,93,197,93,218,68,218,人
﻿68,218,93,218,93,238,68,238,宿
﻿68,238,93,238,93,259,68,259,于
﻿68,259,93,259,93,279,68,279,野
﻿68,279,93,279,93,300,68,300,外
﻿68,300,93,300,93,320,68,320,范
﻿68,320,93,320,93,341,68,341,五
﻿68,341,93,341,93,361,68,361,老
﻿68,361,93,361,93,382,68,382,聞
﻿68,382,93,382,93,403,68,403,之
﻿38,14,64,14,64,34,38,34,即
﻿38,34,64,34,64,55,38,55,延
﻿38,55,64,55,64,75,38,75,入
﻿38,75,64,75,64,96,38,96,軍
﻿38,96,64,96,64,116,38,116,中
﻿38,116,64,116,64,137,38,137,謂
﻿38,137,64,137,64,158,38,158,人
﻿38,158,64,158,64,178,38,178,曰
﻿38,178,64,178,64,199,38,199,聖
﻿38,199,64,199,64,219,38,219,上
﻿38,219,64,219,64,240,38,240,方
﻿38,240,64,240,64,260,38,260,責
﻿38,260,64,260,64,281,38,281,恩
﻿38,281,64,281,64,302,38,302,主
﻿38,302,64,302,64,322,38,322,而
﻿38,322,64,322,64,343,38,343,擯
﻿38,343,64,343,64,363,38,363,之
﻿38,363,64,363,64,384,38,384,于
﻿38,384,64,384,64,405,38,405,外
﻿11,13,33,13,33,33,11,33,萬
﻿11,33,33,33,33,53,11,53,一
﻿11,53,33,53,33,74,11,74,為
﻿11,74,33,74,33,94,11,94,賊
﻿11,94,33,94,33,115,11,115,所
﻿11,115,33,115,33,135,11,135,獲
﻿11,135,33,135,33,156,11,156,則
﻿11,156,33,156,33,176,11,176,彼
﻿11,176,33,176,33,197,11,197,謂
﻿11,197,33,197,33,217,11,217,擒
﻿11,217,33,217,33,238,11,238,其
﻿11,238,33,238,33,258,11,258,皇
﻿11,258,33,258,33,279,11,279,子
﻿11,279,33,279,33,299,11,299,也
﻿11,299,33,299,33,320,11,320,安
﻿11,320,33,320,33,340,11,340,知
﻿11,340,33,340,33,361,11,361,其
﻿11,361,33,361,33,381,11,381,為
﻿11,381,33,381,33,402,11,402,帝
