251,33,275,33,275,53,251,53,應
﻿251,53,275,53,275,74,251,74,差
﻿251,74,275,74,275,95,251,95,官
﻿251,95,275,95,275,115,251,115,養
﻿251,115,275,115,275,136,251,136,僧
﻿251,136,275,136,275,157,251,157,士
﻿251,157,275,157,275,177,251,177,每
﻿251,177,275,177,275,198,251,198,日
﻿251,198,275,198,275,219,251,219,十
﻿251,219,275,219,275,239,251,239,人
﻿251,239,275,239,275,260,251,260,輪
﻿251,260,275,260,275,281,251,281,流
﻿251,281,275,281,275,301,251,301,更
﻿251,301,275,301,275,322,251,322,代
﻿251,322,275,322,275,343,251,343,得
﻿251,343,275,343,275,363,251,363,便
﻿251,363,275,363,275,384,251,384,更
﻿251,384,275,384,275,405,251,405,種
﻿221,37,247,37,247,58,221,58,十
﻿221,58,247,58,247,80,221,80,三
﻿221,80,247,80,247,102,221,102,日
﻿221,102,247,102,247,123,221,123,定
﻿221,123,247,123,247,145,221,145,官
﻿221,145,247,145,247,167,221,167,書
﻿221,167,247,167,247,188,221,188,領
﻿221,188,247,188,247,210,221,210,降
﻿221,210,247,210,247,232,221,232,憲
﻿221,232,247,232,247,254,221,254,司
﻿221,254,247,254,247,275,221,275,檢
﻿221,275,247,275,247,297,221,297,刷
﻿221,297,247,297,247,319,221,319,令
﻿221,319,247,319,247,340,221,340,時
﻿221,340,247,340,247,362,221,362,禮
﻿221,362,247,362,247,384,221,384,部
﻿221,384,247,384,247,406,221,406,尚
﻿192,34,219,34,219,54,192,54,書
﻿192,54,219,54,219,75,192,75,兼
﻿192,75,219,75,219,96,192,96,左
﻿192,96,219,96,219,116,192,116,春
﻿192,116,219,116,219,137,192,137,坊
﻿192,137,219,137,219,158,192,158,左
﻿192,158,219,158,219,178,192,178,中
﻿192,178,219,178,219,199,192,199,𠃔
﻿192,199,219,199,219,220,192,220,郭
﻿192,220,219,220,219,240,192,240,廷
﻿192,240,219,240,219,261,192,261,寶
﻿192,261,219,261,219,282,192,282,奏
﻿192,282,219,282,219,302,192,302,前
﻿192,302,219,302,219,323,192,323,弟
﻿192,323,219,323,219,344,192,344,年
﻿192,344,219,344,219,364,192,364,官
﻿192,364,219,364,219,385,192,385,書
﻿192,385,219,385,219,406,192,406,領
﻿164,31,189,31,189,51,164,51,降
﻿164,51,189,51,189,72,164,72,在
﻿164,72,189,72,189,93,164,93,外
﻿164,93,189,93,189,113,164,113,各
﻿164,113,189,113,189,134,164,134,府
﻿164,134,189,134,189,155,164,155,如
﻿164,155,189,155,189,175,164,175,四
﻿164,175,189,175,189,196,164,196,書
﻿164,196,189,196,189,217,164,217,五
﻿164,217,189,217,189,237,164,237,經
﻿164,237,189,237,189,258,164,258,登
﻿164,258,189,258,189,279,164,279,科
﻿164,279,189,279,189,299,164,299,録
﻿164,299,189,299,189,320,164,320,會
﻿164,320,189,320,189,341,164,341,試
﻿164,341,189,341,189,361,164,361,録
﻿164,361,189,361,189,382,164,382,玉
﻿164,382,189,382,189,403,164,403,堂
﻿135,31,160,31,160,51,135,51,文
﻿135,51,160,51,160,72,135,72,範
﻿135,72,160,72,160,93,135,93,文
﻿135,93,160,93,160,113,135,113,憲
﻿135,113,160,113,160,134,135,134,通
﻿135,134,160,134,160,155,135,155,考
﻿135,155,160,155,160,176,135,176,文
﻿135,176,160,176,160,196,135,196,󰱇
﻿135,196,160,196,160,217,135,217,綱
﻿135,217,160,217,160,238,135,238,目
﻿135,238,160,238,160,258,135,258,及
﻿135,258,160,258,160,279,135,279,諸
﻿135,279,160,279,160,300,135,300,醫
﻿135,300,160,300,160,321,135,321,書
﻿135,321,160,321,160,341,135,341,之
﻿135,341,160,341,160,362,135,362,類
﻿135,362,160,362,160,383,135,383,間
﻿135,383,160,383,160,404,135,404,有
﻿103,31,128,31,128,51,103,51,貪
﻿103,51,128,51,128,72,103,72,曷
﻿103,72,128,72,128,93,103,93,府
﻿103,93,128,93,128,113,103,113,官
﻿103,113,128,113,128,134,103,134,𢫔
﻿103,134,128,134,128,155,103,155,自
﻿103,155,128,155,128,175,103,175,固
﻿103,175,128,175,128,196,103,196,執
﻿103,196,128,196,128,217,103,217,以
﻿103,217,128,217,128,237,103,237,為
﻿103,237,128,237,128,258,103,258,己
﻿103,258,128,258,128,279,103,279,私
﻿103,279,128,279,128,299,103,299,不
﻿103,299,128,299,128,320,103,320,曾
﻿103,320,128,320,128,341,103,341,文
﻿103,341,128,341,128,361,103,361,付
﻿103,361,128,361,128,382,103,382,學
﻿103,382,128,382,128,403,103,403,官
﻿73,31,98,31,98,51,73,51,醫
﻿73,51,98,51,98,72,73,72,官
﻿73,72,98,72,98,92,73,92,殊
﻿73,92,98,92,98,113,73,113,甚
﻿73,113,98,113,98,133,73,133,非
﻿73,133,98,133,98,154,73,154,理
﻿73,154,98,154,98,174,73,174,為
﻿73,174,98,174,98,195,73,195,此
﻿73,195,98,195,98,216,73,216,陳
﻿73,216,98,216,98,236,73,236,奏
﻿73,236,98,236,98,257,73,257,各
﻿73,257,98,257,98,277,73,277,處
﻿73,277,98,277,98,298,73,298,憲
﻿73,298,98,298,98,318,73,318,司
﻿73,318,98,318,98,339,73,339,檢
﻿73,339,98,339,98,359,73,359,刷
﻿73,359,98,359,98,380,73,380,該
﻿73,380,98,380,98,401,73,401,内
﻿43,31,67,31,67,51,43,51,各
﻿43,51,67,51,67,72,43,72,府
﻿43,72,67,72,67,92,43,92,前
﻿43,92,67,92,67,113,43,113,項
﻿43,113,67,113,67,134,43,134,諸
﻿43,134,67,134,67,154,43,154,書
﻿43,154,67,154,67,175,43,175,而
﻿43,175,67,175,67,195,43,195,本
﻿43,195,67,195,67,216,43,216,府
﻿43,216,67,216,67,237,43,237,官
﻿43,237,67,237,67,257,43,257,𢫔
﻿43,257,67,257,67,278,43,278,自
﻿43,278,67,278,67,298,43,298,固
﻿43,298,67,298,67,319,43,319,執
﻿43,319,67,319,67,340,43,340,學
﻿43,340,67,340,67,360,43,360,書
﻿43,360,67,360,67,381,43,381,不
﻿43,381,67,381,67,402,43,402,𭁈
﻿14,28,38,28,38,48,14,48,交
﻿14,48,38,48,38,69,14,69,付
﻿14,69,38,69,38,90,14,90,學
﻿14,90,38,90,38,111,14,111,官
﻿14,111,38,111,38,132,14,132,醫
﻿14,132,38,132,38,153,14,153,書
﻿14,153,38,153,38,173,14,173,不
﻿14,173,38,173,38,194,14,194,𭁈
﻿14,194,38,194,38,215,14,215,交
﻿14,215,38,215,38,236,14,236,付
﻿14,236,38,236,38,257,14,257,醫
﻿14,257,38,257,38,278,14,278,官
﻿14,278,38,278,38,298,14,298,者
﻿14,298,38,298,38,319,14,319,具
﻿14,319,38,319,38,340,14,340,實
﻿14,340,38,340,38,361,14,361,紏
﻿14,361,38,361,38,382,14,382,奏
﻿14,382,38,382,38,403,14,403,送
