246,14,272,14,272,34,246,34,八
﻿246,34,272,34,272,55,246,55,月
﻿246,55,272,55,272,76,246,76,定
﻿246,76,272,76,272,97,246,97,兵
﻿246,97,272,97,272,118,246,118,為
﻿246,118,272,118,272,139,246,139,甲
﻿246,139,272,139,272,159,246,159,每
﻿246,159,272,159,272,180,246,180,甲
﻿246,180,272,180,272,201,246,201,十
﻿246,201,272,201,272,222,246,222,五
﻿246,222,272,222,272,243,246,243,人
﻿246,243,272,243,272,264,246,264,用
﻿246,264,272,264,272,284,246,284,一
﻿246,284,272,284,272,305,246,305,人
﻿246,305,272,305,272,326,246,326,為
﻿246,326,272,326,272,347,246,347,𬋩
﻿246,347,272,347,272,368,246,368,甲
﻿246,368,272,368,272,389,246,389,又
﻿246,389,272,389,272,410,246,410,定
﻿219,14,245,14,245,34,219,34,諸
﻿219,34,245,34,245,55,219,55,邑
﻿219,55,245,55,245,76,219,76,各
﻿219,76,245,76,245,97,219,97,𬋩
﻿219,97,245,97,245,118,219,118,甲
﻿219,118,245,118,245,139,219,139,又
﻿219,139,245,139,245,159,219,159,改
﻿219,159,245,159,245,180,219,180,火
﻿219,180,245,180,245,201,219,201,頭
﻿219,201,245,201,245,222,219,222,為
﻿219,222,245,222,245,243,219,243,正
﻿219,243,245,243,245,264,219,264,首
﻿219,264,245,264,245,284,219,284,惟
﻿219,284,245,284,245,305,219,305,唱
﻿219,305,245,305,245,326,219,326,兒
﻿219,326,245,326,245,347,219,347,乃
﻿219,347,245,347,245,368,219,368,號
﻿219,368,245,368,245,389,219,389,𬋩
﻿219,389,245,389,245,410,219,410,甲
﻿202,12,218,12,218,32,202,32,時
﻿202,32,218,32,218,53,202,53,有
﻿202,53,218,53,218,74,202,74,唱
﻿202,74,218,74,218,94,202,94,女
﻿202,94,218,94,218,115,202,115,陶
﻿202,115,218,115,218,136,202,136,氏
﻿202,136,218,136,218,157,202,157,長
﻿202,157,218,157,218,177,202,177,於
﻿202,177,218,177,218,198,202,198,本
﻿202,198,218,198,218,219,202,219,藝
﻿202,219,218,219,218,239,202,239,常
﻿202,239,218,239,218,260,202,260,得
﻿202,260,218,260,218,281,202,281,賞
﻿202,281,218,281,218,302,202,302,賜
﻿189,12,201,12,201,32,189,32,時
﻿189,32,201,32,201,53,189,53,人
﻿189,53,201,53,201,73,189,73,慕
﻿189,73,201,73,201,94,189,94,其
﻿189,94,201,94,201,114,189,114,名
﻿189,114,201,114,201,135,189,135,凡
﻿189,135,201,135,201,155,189,155,唱
﻿189,155,201,155,201,176,189,176,女
﻿189,176,201,176,201,196,189,196,並
﻿189,196,201,196,201,217,189,217,呼
﻿189,217,201,217,201,237,189,237,為
﻿189,237,201,237,201,258,189,258,陶
﻿189,258,201,258,201,279,189,279,娘
﻿187,304,212,304,212,330,187,330,僧
﻿187,330,212,330,212,356,187,356,萬
﻿187,356,212,356,212,382,187,382,行
﻿187,382,212,382,212,408,187,408,死
﻿174,11,187,11,187,30,174,30,萬
﻿174,30,187,30,187,49,174,49,行
﻿174,49,187,49,187,69,174,69,無
﻿174,69,187,69,187,88,174,88,疾
﻿174,88,187,88,187,107,174,107,而
﻿174,107,187,107,187,127,174,127,死
﻿160,12,173,12,173,31,160,31,時
﻿160,31,173,31,173,50,160,50,人
﻿160,50,173,50,173,70,160,70,謂
﻿160,70,173,70,173,89,160,89,之
﻿160,89,173,89,173,108,160,108,化
﻿160,108,173,108,173,128,160,128,身
﻿129,29,154,29,154,50,129,50,史
﻿129,50,154,50,154,71,129,71,臣
﻿129,71,154,71,154,92,129,92,吳
﻿129,92,154,92,154,113,129,113,士
﻿129,113,154,113,154,134,129,134,連
﻿129,134,154,134,154,155,129,155,曰
﻿129,155,154,155,154,176,129,176,僧
﻿129,176,154,176,154,197,129,197,萬
﻿129,197,154,197,154,218,129,218,行
﻿129,218,154,218,154,239,129,239,初
﻿129,239,154,239,154,260,129,260,見
﻿129,260,154,260,154,281,129,281,李
﻿129,281,154,281,154,302,129,302,祖
﻿129,302,154,302,154,323,129,323,知
﻿129,323,154,323,154,344,129,344,非
﻿129,344,154,344,154,365,129,365,常
﻿129,365,154,365,154,386,129,386,人
﻿129,386,154,386,154,407,129,407,及
﻿99,29,125,29,125,49,99,49,見
﻿99,49,125,49,125,70,99,70,震
﻿99,70,125,70,125,91,99,91,文
﻿99,91,125,91,125,112,99,112,揣
﻿99,112,125,112,125,133,99,133,知
﻿99,133,125,133,125,154,99,154,時
﻿99,154,125,154,125,175,99,175,變
﻿99,175,125,175,125,196,99,196,則
﻿99,196,125,196,125,217,99,217,其
﻿99,217,125,217,125,237,99,237,智
﻿99,237,125,237,125,258,99,258,識
﻿99,258,125,258,125,279,99,279,起
﻿99,279,125,279,125,300,99,300,乎
﻿99,300,125,300,125,321,99,321,凡
﻿99,321,125,321,125,342,99,342,人
﻿99,342,125,342,125,363,99,363,矣
﻿99,363,125,363,125,384,99,384,然
﻿99,384,125,384,125,405,99,405,而
﻿70,27,97,27,97,48,70,48,决
﻿70,48,97,48,97,69,70,69,性
﻿70,69,97,69,97,90,70,90,命
﻿70,90,97,90,97,111,70,111,廢
﻿70,111,97,111,97,132,70,132,人
﻿70,132,97,132,97,153,70,153,倫
﻿70,153,97,153,97,174,70,174,厭
﻿70,174,97,174,97,195,70,195,塵
﻿70,195,97,195,97,216,70,216,嚚
﻿70,216,97,216,97,237,70,237,依
﻿70,237,97,237,97,258,70,258,禪
﻿70,258,97,258,97,279,70,279,寝
﻿70,279,97,279,97,300,70,300,以
﻿70,300,97,300,97,321,70,321,獨
﻿70,321,97,321,97,342,70,342,絜
﻿70,342,97,342,97,363,70,363,君
﻿70,363,97,363,97,384,70,384,子
﻿70,384,97,384,97,405,70,405,不
﻿44,26,68,26,68,46,44,46,與
﻿44,46,68,46,68,66,44,66,也
﻿13,11,37,11,37,30,13,30,丙
﻿13,30,37,30,37,49,13,49,寅
﻿13,49,37,49,37,68,13,68,十
﻿13,68,37,68,37,87,13,87,七
﻿13,87,37,87,37,107,13,107,年
﻿26,109,39,109,39,128,26,128,宋
﻿26,128,39,128,39,147,26,147,天
﻿26,147,39,147,39,167,26,167,聖
﻿11,110,25,110,25,129,11,129,四
﻿11,129,25,129,25,149,11,149,年
﻿9,169,34,169,34,192,9,192,春
﻿9,192,34,192,34,215,9,215,正
﻿9,215,34,215,34,238,9,238,月
﻿9,238,34,238,34,261,9,261,詔
﻿9,261,34,261,34,285,9,285,修
﻿9,285,34,285,34,308,9,308,玉
﻿9,308,34,308,34,331,9,331,牒
﻿9,331,34,331,34,354,9,354,秋
﻿9,354,34,354,34,377,9,377,八
﻿9,377,34,377,34,401,9,401,月
