256,44,280,44,280,64,256,64,生
﻿256,64,280,64,280,85,256,85,四
﻿256,85,280,85,280,106,256,106,十
﻿256,106,280,106,280,126,256,126,七
﻿256,126,280,126,280,147,256,147,名
﻿256,147,280,147,280,168,256,168,出
﻿256,168,280,168,280,188,256,188,身
﻿256,188,280,188,280,209,256,209,有
﻿256,209,280,209,280,230,256,230,差
﻿256,230,280,230,280,250,256,250,遼
﻿256,250,280,250,280,271,256,271,乂
﻿256,271,280,271,280,292,256,292,安
﻿256,292,280,292,280,312,256,312,人
﻿256,312,280,312,280,333,256,333,性
﻿256,333,280,333,280,354,256,354,明
﻿256,354,280,354,280,374,256,374,敏
﻿256,374,280,374,280,395,256,395,強
﻿256,395,280,395,280,416,256,416,記
﻿256,416,280,416,280,437,256,437,讀
﻿225,43,250,43,250,63,225,63,書
﻿225,63,250,63,250,84,225,84,千
﻿225,84,250,84,250,105,225,105,行
﻿225,105,250,105,250,125,225,125,俱
﻿225,125,250,125,250,146,225,146,下
﻿225,146,250,146,250,167,225,167,時
﻿225,167,250,167,250,187,225,187,上
﻿225,187,250,187,250,208,225,208,相
﻿225,208,250,208,250,229,225,229,光
﻿225,229,250,229,250,249,225,249,啓
﻿225,249,250,249,250,270,225,270,𬋩
﻿225,270,250,270,250,291,225,291,乂
﻿225,291,250,291,250,311,225,311,安
﻿225,311,250,311,250,332,225,332,遼
﻿225,332,250,332,250,353,225,353,為
﻿225,353,250,353,250,373,225,373,門
﻿225,373,250,373,250,394,225,394,客
﻿225,394,250,394,250,415,225,415,竟
﻿225,415,250,415,250,436,225,436,不
﻿194,45,221,45,221,66,194,66,仕
﻿194,66,221,66,221,88,194,88,二
﻿194,88,221,88,221,110,194,110,月
﻿194,110,221,110,221,131,194,131,東
﻿194,131,221,131,221,153,194,153,海
﻿194,153,221,153,221,175,194,175,路
﻿194,175,221,175,221,196,194,196,水
﻿194,196,221,196,221,218,194,218,軍
﻿194,218,221,218,221,240,194,240,廵
﻿194,240,221,240,221,261,194,261,邉
﻿194,261,221,261,221,283,194,283,在
﻿194,283,221,283,221,305,194,305,烏
﻿194,305,221,305,221,326,194,326,雷
﻿194,326,221,326,221,348,194,348,山
﻿194,348,221,348,221,370,194,370,因
﻿194,370,221,370,221,391,194,391,知
﻿194,391,221,391,221,413,194,413,元
﻿194,413,221,413,221,435,194,435,來
﻿162,43,187,43,187,64,162,64,侵
﻿162,64,187,64,187,86,162,86,之
﻿162,86,187,86,187,108,162,108,期
﻿162,108,187,108,187,130,162,130,冬
﻿162,130,187,130,187,152,162,152,十
﻿162,152,187,152,187,174,162,174,月
﻿162,174,187,174,187,196,162,196,詔
﻿162,196,187,196,187,218,162,218,土
﻿162,218,187,218,187,240,162,240,侯
﻿162,240,187,240,187,261,162,261,公
﻿162,261,187,261,187,283,162,283,主
﻿162,283,187,283,187,305,162,305,駙
﻿162,305,187,305,187,327,162,327,馬
﻿162,327,187,327,187,349,162,349,帝
﻿162,349,187,349,187,371,162,371,姬
﻿162,371,187,371,187,393,162,393,召
﻿162,393,187,393,187,415,162,415,集
﻿162,415,187,415,187,437,162,437,漂
﻿133,44,158,44,158,64,133,64,散
﻿133,64,158,64,158,85,133,85,無
﻿133,85,158,85,158,105,133,105,産
﻿133,105,158,105,158,126,133,126,人
﻿133,126,158,126,158,147,133,147,為
﻿133,147,158,147,158,167,133,167,奴
﻿133,167,158,167,158,188,133,188,婢
﻿133,188,158,188,158,209,133,209,開
﻿133,209,158,209,158,229,133,229,墾
﻿133,229,158,229,158,250,133,250,荒
﻿133,250,158,250,158,270,133,270,閑
﻿133,270,158,270,158,291,133,291,田
﻿133,291,158,291,158,312,133,312,立
﻿133,312,158,312,158,332,133,332,為
﻿133,332,158,332,158,353,133,353,田
﻿133,353,158,353,158,374,133,374,庄
﻿133,374,158,374,158,394,133,394,王
﻿133,394,158,394,158,415,133,415,侯
﻿133,415,158,415,158,436,133,436,有
﻿105,44,125,44,125,64,105,64,庄
﻿105,64,125,64,125,84,105,84,貫
﻿105,84,125,84,125,104,105,104,自
﻿105,104,125,104,125,124,105,124,此
﻿105,124,125,124,125,144,105,144,始
﻿74,46,94,46,94,66,74,66,丁
﻿74,66,94,66,94,87,74,87,卯
﻿74,87,94,87,94,107,74,107,十
﻿74,107,94,107,94,128,74,128,年
﻿84,130,97,130,97,149,84,149,宋
﻿84,149,97,149,97,169,84,169,󰦭
﻿84,169,97,169,97,189,84,189,淳
﻿84,189,97,189,97,209,84,209,三
﻿84,209,97,209,97,229,84,229,年
﻿69,131,83,131,83,150,69,150,元
﻿69,150,83,150,83,170,69,170,至
﻿69,170,83,170,83,189,69,189,元
﻿69,189,83,189,83,209,69,209,四
﻿69,209,83,209,83,229,69,229,年
﻿71,230,95,230,95,252,71,252,春
﻿71,252,95,252,95,275,71,275,二
﻿71,275,95,275,95,298,71,298,月
﻿71,298,95,298,95,321,71,321,占
﻿71,321,95,321,95,343,71,343,城
﻿71,343,95,343,95,366,71,366,來
﻿71,366,95,366,95,389,71,389,貢
﻿71,389,95,389,95,412,71,412,三
﻿71,412,95,412,95,435,71,435,月
﻿40,43,66,43,66,63,40,63,定
﻿40,63,66,63,66,84,40,84,皇
﻿40,84,66,84,66,104,40,104,宗
﻿40,104,66,104,66,125,40,125,王
﻿40,125,66,125,66,146,40,146,侯
﻿40,146,66,146,66,166,40,166,公
﻿40,166,66,166,66,187,40,187,主
﻿40,187,66,187,66,208,40,208,正
﻿40,208,66,208,66,228,40,228,派
﻿40,228,66,228,66,249,40,249,玉
﻿40,249,66,249,66,269,40,269,牒
﻿40,269,66,269,66,290,40,290,封
﻿40,290,66,290,66,311,40,311,𦹥
﻿40,311,66,311,66,331,40,331,號
﻿40,331,66,331,66,352,40,352,金
﻿40,352,66,352,66,373,40,373,枝
﻿40,373,66,373,66,393,40,393,玉
﻿40,393,66,393,66,414,40,414,葉
﻿40,414,66,414,66,435,40,435,三
﻿10,44,36,44,36,64,10,64,世
﻿10,64,36,64,36,85,10,85,孫
﻿10,85,36,85,36,105,10,105,得
﻿10,105,36,105,36,126,10,126,封
﻿10,126,36,126,36,147,10,147,侯
﻿10,147,36,147,36,167,10,167,郡
﻿10,167,36,167,36,188,10,188,王
﻿10,188,36,188,36,209,10,209,四
﻿10,209,36,209,36,229,10,229,世
﻿10,229,36,229,36,250,10,250,孫
﻿10,250,36,250,36,270,10,270,賜
﻿10,270,36,270,36,291,10,291,爵
﻿10,291,36,291,36,312,10,312,明
﻿10,312,36,312,36,332,10,332,自
﻿10,332,36,332,36,353,10,353,五
﻿10,353,36,353,36,374,10,374,世
﻿10,374,36,374,36,394,10,394,孫
﻿10,394,36,394,36,415,10,415,上
﻿10,415,36,415,36,436,10,436,品
