251,34,273,34,273,54,251,54,山
﻿251,54,273,54,273,74,251,74,庄
﻿251,74,273,74,273,95,251,95,復
﻿251,95,273,95,273,115,251,115,遇
﻿251,115,273,115,273,135,251,135,師
﻿251,135,273,135,273,156,251,156,祐
﻿251,156,273,156,273,176,251,176,又
﻿251,176,273,176,273,196,251,196,大
﻿251,196,273,196,273,217,251,217,破
﻿251,217,273,217,273,237,251,237,之
﻿251,237,273,237,273,257,251,257,斬
﻿251,257,273,257,273,278,251,278,千
﻿251,278,273,278,273,298,251,298,户
﻿251,298,273,298,273,318,251,318,張
﻿251,318,273,318,273,339,251,339,本
﻿251,339,273,339,273,359,251,359,及
﻿251,359,273,359,273,379,251,379,士
﻿251,379,273,379,273,400,251,400,卒
﻿220,34,246,34,246,54,220,54,千
﻿220,54,246,54,246,74,220,74,餘
﻿220,74,246,74,246,95,220,95,人
﻿220,95,246,95,246,115,220,115,祐
﻿220,115,246,115,246,136,220,136,僅
﻿220,136,246,136,246,156,220,156,以
﻿220,156,246,156,246,177,220,177,身
﻿220,177,246,177,246,197,220,197,免
﻿220,197,246,197,246,218,220,218,帝
﻿220,218,246,218,246,238,220,238,引
﻿220,238,246,238,246,258,220,258,軍
﻿220,258,246,258,246,279,220,279,至
﻿220,279,246,279,246,299,220,299,木
﻿220,299,246,299,246,320,220,320,󰀋
﻿220,320,246,320,246,340,220,340,陳
﻿220,340,246,340,246,361,220,361,智
﻿220,361,246,361,246,381,220,381,等
﻿220,381,246,381,246,402,220,402,躡
﻿191,35,217,35,217,55,191,55,至
﻿191,55,217,55,217,75,191,75,湛
﻿191,75,217,75,217,96,191,96,黄
﻿191,96,217,96,217,116,191,116,山
﻿191,116,217,116,217,136,191,136,然
﻿191,136,217,136,217,157,191,157,以
﻿191,157,217,157,217,177,191,177,屢
﻿191,177,217,177,217,198,191,198,經
﻿191,198,217,198,217,218,191,218,敗
﻿191,218,217,218,217,238,191,238,衂
﻿191,238,217,238,217,259,191,259,不
﻿191,259,217,259,217,279,191,279,敢
﻿191,279,217,279,217,300,191,300,深
﻿191,300,217,300,217,320,191,320,入
﻿191,320,217,320,217,340,191,340,退
﻿191,340,217,340,217,361,191,361,保
﻿191,361,217,361,217,381,191,381,乂
﻿191,381,217,381,217,402,191,402,安
﻿161,33,184,33,184,53,161,53,冬
﻿161,53,184,53,184,74,161,74,十
﻿161,74,184,74,184,94,161,94,一
﻿161,94,184,94,184,115,161,115,月
﻿161,115,184,115,184,135,161,135,帝
﻿161,135,184,135,184,156,161,156,使
﻿161,156,184,156,184,176,161,176,人
﻿161,176,184,176,184,197,161,197,招
﻿161,197,184,197,184,217,161,217,諭
﻿161,217,184,217,184,238,161,238,琴
﻿161,238,184,238,184,258,161,258,彭
﻿161,258,184,258,184,279,161,279,彭
﻿161,279,184,279,184,299,161,299,拒
﻿161,299,184,299,184,320,161,320,命
﻿161,320,184,320,184,340,161,340,獨
﻿161,340,184,340,184,361,161,361,與
﻿161,361,184,361,184,381,161,381,千
﻿161,381,184,381,184,402,161,402,餘
﻿129,34,155,34,155,55,129,55,立
﻿129,55,155,55,155,77,129,77,柵
﻿129,77,155,77,155,98,129,98,山
﻿129,98,155,98,155,120,129,120,嶺
﻿129,120,155,120,155,142,129,142,待
﻿129,142,155,142,155,163,129,163,援
﻿129,163,155,163,155,185,129,185,帝
﻿129,185,155,185,155,207,129,207,以
﻿129,207,155,207,155,228,129,228,兵
﻿129,228,155,228,155,250,129,250,圍
﻿129,250,155,250,155,272,129,272,之
﻿129,272,155,272,155,293,129,293,十
﻿129,293,155,293,155,315,129,315,二
﻿129,315,155,315,155,337,129,337,月
﻿129,337,155,337,155,358,129,358,明
﻿129,358,155,358,155,380,129,380,山
﻿129,380,155,380,155,402,129,402,壽
﻿101,34,126,34,126,54,101,54,使
﻿101,54,126,54,126,74,101,74,阮
﻿101,74,126,74,126,95,101,95,仕
﻿101,95,126,95,126,115,101,115,㱕
﻿101,115,126,115,126,135,101,135,黎
﻿101,135,126,135,126,156,101,156,臻
﻿101,156,126,156,126,176,101,176,以
﻿101,176,126,176,126,197,101,197,求
﻿101,197,126,197,126,217,101,217,之
﻿101,217,126,217,126,237,101,237,方
﻿101,237,126,237,126,258,101,258,政
﻿101,258,126,258,126,278,101,278,山
﻿101,278,126,278,126,299,101,299,壽
﻿101,299,126,299,126,319,101,319,等
﻿101,319,126,319,126,339,101,339,至
﻿101,339,126,339,126,360,101,360,乂
﻿101,360,126,360,126,380,101,380,安
﻿101,380,126,380,126,401,101,401,欲
﻿71,33,95,33,95,53,71,53,救
﻿71,53,95,53,95,74,71,74,琴
﻿71,74,95,74,95,94,71,94,彭
﻿71,94,95,94,95,115,71,115,而
﻿71,115,95,115,95,135,71,135,不
﻿71,135,95,135,95,156,71,156,感
﻿71,156,95,156,95,176,71,176,進
﻿71,176,95,176,95,197,71,197,乃
﻿71,197,95,197,95,218,71,218,遣
﻿71,218,95,218,95,238,71,238,賫
﻿71,238,95,238,95,259,71,259,書
﻿71,259,95,259,95,279,71,279,乞
﻿71,279,95,279,95,300,71,300,觧
﻿71,300,95,300,95,320,71,320,圍
﻿71,320,95,320,95,341,71,341,時
﻿71,341,95,341,95,361,71,361,琴
﻿71,361,95,361,95,382,71,382,彭
﻿71,382,95,382,95,403,71,403,堅
﻿40,37,65,37,65,57,40,57,守
﻿40,57,65,57,65,77,40,77,經
﻿40,77,65,77,65,97,40,97,月
﻿40,97,65,97,65,118,40,118,不
﻿40,118,65,118,65,138,40,138,下
﻿40,138,65,138,65,158,40,158,且
﻿40,158,65,158,65,178,40,178,聞
﻿40,178,65,178,65,199,40,199,援
﻿40,199,65,199,65,219,40,219,至
﻿40,219,65,219,65,239,40,239,帝
﻿40,239,65,239,65,260,40,260,召
﻿40,260,65,260,65,280,40,280,諸
﻿40,280,65,280,65,300,40,300,將
﻿40,300,65,300,65,320,40,320,謂
﻿40,320,65,320,65,341,40,341,曰
﻿40,341,65,341,65,361,40,361,琴
﻿40,361,65,361,65,381,40,381,彭
﻿40,381,65,381,65,402,40,402,困
﻿13,36,38,36,38,56,13,56,阨
﻿13,56,38,56,38,76,13,76,政
﻿13,76,38,76,38,97,13,97,等
﻿13,97,38,97,38,117,13,117,當
﻿13,117,38,117,38,137,13,137,急
﻿13,137,38,137,38,158,13,158,救
﻿13,158,38,158,38,178,13,178,援
﻿13,178,38,178,38,198,13,198,今
﻿13,198,38,198,38,219,13,219,乃
﻿13,219,38,219,38,239,13,239,逗
﻿13,239,38,239,38,259,13,259,遛
﻿13,259,38,259,38,280,13,280,必
﻿13,280,38,280,38,300,13,300,有
﻿13,300,38,300,38,320,13,320,怯
﻿13,320,38,320,38,341,13,341,意
﻿13,341,38,341,38,361,13,361,不
﻿13,361,38,361,38,381,13,381,如
﻿13,381,38,381,38,402,13,402,陽
