263,60,282,60,282,81,263,81,阮
﻿263,81,282,81,282,102,263,102,有
﻿263,102,282,102,282,123,263,123,焕
﻿263,123,282,123,282,144,263,144,等
﻿263,144,282,144,282,165,263,165,十
﻿263,165,282,165,282,186,263,186,六
﻿263,186,282,186,282,207,263,207,名
﻿263,207,282,207,282,228,263,228,同
﻿263,228,282,228,282,249,263,249,進
﻿263,249,282,249,282,270,263,270,士
﻿263,270,282,270,282,291,263,291,出
﻿263,291,282,291,282,313,263,313,身
﻿234,60,256,60,256,80,234,80,冬
﻿234,80,256,80,256,101,234,101,十
﻿234,101,256,101,256,122,234,122,二
﻿234,122,256,122,256,142,234,142,月
﻿234,142,256,142,256,163,234,163,時
﻿234,163,256,163,256,184,234,184,莫
﻿234,184,256,184,256,204,234,204,登
﻿234,204,256,204,256,225,234,225,庸
﻿234,225,256,225,256,246,234,246,簒
﻿234,246,256,246,256,266,234,266,位
﻿234,266,256,266,256,287,234,287,三
﻿234,287,256,287,256,308,234,308,年
﻿234,308,256,308,256,328,234,328,自
﻿234,328,256,328,256,349,234,349,以
﻿234,349,256,349,256,370,234,370,年
﻿234,370,256,370,256,390,234,390,老
﻿234,390,256,390,256,411,234,411,乃
﻿234,411,256,411,256,432,234,432,以
﻿203,59,227,59,227,79,203,79,位
﻿203,79,227,79,227,100,203,100,與
﻿203,100,227,100,227,121,203,121,其
﻿203,121,227,121,227,142,203,142,長
﻿203,142,227,142,227,162,203,162,子
﻿203,162,227,162,227,183,203,183,登
﻿203,183,227,183,227,204,203,204,瀛
﻿203,204,227,204,227,225,203,225,自
﻿203,225,227,225,227,246,203,246,稱
﻿203,246,227,246,227,266,203,266,太
﻿203,266,227,266,227,287,203,287,上
﻿203,287,227,287,227,308,203,308,皇
﻿203,308,227,308,227,329,203,329,出
﻿203,329,227,329,227,349,203,349,居
﻿203,349,227,349,227,370,203,370,祥
﻿203,370,227,370,227,391,203,391,光
﻿203,391,227,391,227,412,203,412,殿
﻿203,412,227,412,227,433,203,433,以
﻿171,57,194,57,194,78,171,78,漁
﻿171,78,194,78,194,100,171,100,為
﻿171,100,194,100,194,122,171,122,業
﻿171,122,194,122,194,144,171,144,遨
﻿171,144,194,144,194,166,171,166,遊
﻿171,166,194,166,194,188,171,188,自
﻿171,188,194,188,194,210,171,210,樂
﻿142,59,163,59,163,80,142,80,莫
﻿142,80,163,80,163,102,142,102,登
﻿142,102,163,102,163,124,142,124,瀛
﻿155,126,167,126,167,146,155,146,登
﻿155,146,167,146,167,167,155,167,庸
﻿155,167,167,167,167,188,155,188,之
﻿155,188,167,188,167,208,155,208,子
﻿155,208,167,208,167,229,155,229,僣
﻿155,229,167,229,167,250,155,250,位
﻿155,250,167,250,167,270,155,270,十
﻿155,270,167,270,167,291,155,291,一
﻿155,291,167,291,167,312,155,312,年
﻿139,126,154,126,154,146,139,146,後
﻿139,146,154,146,154,166,139,166,僣
﻿139,166,154,166,154,187,139,187,追
﻿139,187,154,187,154,207,139,207,称
﻿139,207,154,207,154,228,139,228,尊
﻿139,228,154,228,154,248,139,248,號
﻿139,248,154,248,154,269,139,269,為
﻿139,269,154,269,154,289,139,289,太
﻿139,289,154,289,154,310,139,310,宗
﻿112,39,131,39,131,59,112,59,庚
﻿112,59,131,59,131,80,112,80,寅
﻿124,85,136,85,136,105,124,105,莫
﻿124,105,136,105,136,125,124,125,大
﻿124,125,136,125,136,146,124,146,正
﻿124,146,136,146,136,166,124,166,元
﻿124,166,136,166,136,187,124,187,年
﻿110,85,123,85,123,105,110,105,明
﻿110,105,123,105,123,125,110,125,嘉
﻿110,125,123,125,123,145,110,145,靖
﻿110,145,123,145,123,165,110,165,九
﻿110,165,123,165,123,186,110,186,年
﻿111,189,133,189,133,209,111,209,春
﻿111,209,133,209,133,229,111,229,正
﻿111,229,133,229,133,250,111,250,月
﻿111,250,133,250,133,270,111,270,朔
﻿111,270,133,270,133,290,111,290,莫
﻿111,290,133,290,133,311,111,311,登
﻿111,311,133,311,133,331,111,331,瀛
﻿111,331,133,331,133,351,111,351,僣
﻿111,351,133,351,133,372,111,372,位
﻿111,372,133,372,133,392,111,392,大
﻿111,392,133,392,133,412,111,412,赦
﻿111,412,133,412,133,433,111,433,改
﻿80,61,102,61,102,82,80,82,元
﻿80,82,102,82,102,104,80,104,大
﻿80,104,102,104,102,126,80,126,正
﻿80,126,102,126,102,148,80,148,時
﻿80,148,102,148,102,170,80,170,清
﻿80,170,102,170,102,192,80,192,華
﻿80,192,102,192,102,214,80,214,人
﻿80,214,102,214,102,236,80,236,黎
﻿80,236,102,236,102,257,80,257,意
﻿80,257,102,257,102,279,80,279,以
﻿80,279,102,279,102,301,80,301,黎
﻿80,301,102,301,102,323,80,323,氏
﻿80,323,102,323,102,345,80,345,外
﻿80,345,102,345,102,367,80,367,孫
﻿80,367,102,367,102,389,80,389,憤
﻿80,389,102,389,102,411,80,411,莫
﻿80,411,102,411,102,433,80,433,氏
﻿49,60,73,60,73,80,49,80,簒
﻿49,80,73,80,73,101,49,101,僣
﻿49,101,73,101,73,122,49,122,乃
﻿49,122,73,122,73,143,49,143,起
﻿49,143,73,143,73,164,49,164,兵
﻿49,164,73,164,73,185,49,185,于
﻿49,185,73,185,73,205,49,205,椰
﻿49,205,73,205,73,226,49,226,州
﻿49,226,73,226,73,247,49,247,復
﻿49,247,73,247,73,268,49,268,稱
﻿49,268,73,268,73,289,49,289,光
﻿49,289,73,289,73,310,49,310,紹
﻿49,310,73,310,73,330,49,330,年
﻿49,330,73,330,73,351,49,351,號
﻿49,351,73,351,73,372,49,372,人
﻿49,372,73,372,73,393,49,393,多
﻿49,393,73,393,73,414,49,414,㱕
﻿49,414,73,414,73,435,49,435,之
﻿18,61,41,61,41,81,18,81,旬
﻿18,81,41,81,41,102,18,102,月
﻿18,102,41,102,41,123,18,123,之
﻿18,123,41,123,41,144,18,144,間
﻿18,144,41,144,41,164,18,164,郡
﻿18,164,41,164,41,185,18,185,縣
﻿18,185,41,185,41,206,18,206,響
﻿18,206,41,206,41,227,18,227,應
﻿18,227,41,227,41,248,18,248,兵
﻿18,248,41,248,41,268,18,268,至
﻿18,268,41,268,41,289,18,289,數
﻿18,289,41,289,41,310,18,310,萬
﻿18,310,41,310,41,331,18,331,餘
﻿18,331,41,331,41,351,18,351,人
﻿18,351,41,351,41,372,18,372,乃
﻿18,372,41,372,41,393,18,393,與
﻿18,393,41,393,41,414,18,414,部
﻿18,414,41,414,41,435,18,435,將
