254,51,279,51,279,71,254,71,圖
﻿254,71,279,71,279,91,254,91,後
﻿254,91,279,91,279,112,254,112,效
﻿254,112,279,112,279,132,254,132,㱕
﻿254,132,279,132,279,153,254,153,伏
﻿254,153,279,153,279,173,254,173,斧
﻿254,173,279,173,279,194,254,194,鑕
﻿254,194,279,194,279,214,254,214,未
﻿254,214,279,214,279,235,254,235,晚
﻿254,235,279,235,279,255,254,255,中
﻿254,255,279,255,279,276,254,276,使
﻿254,276,279,276,279,296,254,296,從
﻿254,296,279,296,279,317,254,317,其
﻿254,317,279,317,279,337,254,337,請
﻿254,337,279,337,279,358,254,358,慶
﻿254,358,279,358,279,378,254,378,餘
﻿254,378,279,378,279,399,254,399,料
﻿254,399,279,399,279,419,254,419,知
﻿254,419,279,419,279,440,254,440,虜
﻿227,50,251,50,251,70,227,70,師
﻿227,70,251,70,251,90,227,90,已
﻿227,90,251,90,251,111,227,111,過
﻿227,111,251,111,251,131,227,131,運
﻿227,131,251,131,251,152,227,152,船
﻿227,152,251,152,251,172,227,172,必
﻿227,172,251,172,251,192,227,192,在
﻿227,192,251,192,251,213,227,213,後
﻿227,213,251,213,251,233,227,233,乃
﻿227,233,251,233,251,254,227,254,将
﻿227,254,251,254,251,274,227,274,集
﻿227,274,251,274,251,295,227,295,殘
﻿227,295,251,295,251,315,227,315,卒
﻿227,315,251,315,251,335,227,335,待
﻿227,335,251,335,251,356,227,356,之
﻿227,356,251,356,251,376,227,376,少
﻿227,376,251,376,251,397,227,397,󰟸
﻿227,397,251,397,251,417,227,417,運
﻿227,417,251,417,251,438,227,438,船
﻿197,50,222,50,222,70,197,70,果
﻿197,70,222,70,222,90,197,90,至
﻿197,90,222,90,222,111,197,111,擊
﻿197,111,222,111,222,131,197,131,敗
﻿197,131,222,131,222,152,197,152,之
﻿197,152,222,152,222,172,197,172,󰱐
﻿197,172,222,172,222,192,197,192,虜
﻿197,192,222,192,222,213,197,213,軍
﻿197,213,222,213,222,233,197,233,糧
﻿197,233,222,233,222,254,197,254,噐
﻿197,254,222,254,222,274,197,274,械
﻿197,274,222,274,222,295,197,295,不
﻿197,295,222,295,222,315,197,315,可
﻿197,315,222,315,222,335,197,335,勝
﻿197,335,222,335,222,356,197,356,計
﻿197,356,222,356,222,376,197,376,俘
﻿197,376,222,376,222,397,197,397,虜
﻿197,397,222,397,222,417,197,417,亦
﻿197,417,222,417,222,438,197,438,甚
﻿165,49,191,49,191,69,165,69,多
﻿165,69,191,69,191,89,165,89,即
﻿165,89,191,89,191,110,165,110,馳
﻿165,110,191,110,191,130,165,130,書
﻿165,130,191,130,191,151,165,151,以
﻿165,151,191,151,191,171,165,171,聞
﻿165,171,191,171,191,191,165,191,上
﻿165,191,191,191,191,212,165,212,皇
﻿165,212,191,212,191,232,165,232,釋
﻿165,232,191,232,191,253,165,253,前
﻿165,253,191,253,191,273,165,273,罪
﻿165,273,191,273,191,294,165,294,不
﻿165,294,191,294,191,314,165,314,問
﻿165,314,191,314,191,334,165,334,曰
﻿165,334,191,334,191,355,165,355,元
﻿165,355,191,355,191,375,165,375,兵
﻿165,375,191,375,191,396,165,396,所
﻿165,396,191,396,191,416,165,416,資
﻿165,416,191,416,191,437,165,437,者
﻿134,48,163,48,163,68,134,68,粮
﻿134,68,163,68,163,88,134,88,草
﻿134,88,163,88,163,109,134,109,噐
﻿134,109,163,109,163,129,134,129,械
﻿134,129,163,129,163,150,134,150,今
﻿134,150,163,150,163,170,134,170,既
﻿134,170,163,170,163,191,134,191,為
﻿134,191,163,191,163,211,134,211,我
﻿134,211,163,211,163,232,134,232,󰱐
﻿134,232,163,232,163,252,134,252,恐
﻿134,252,163,252,163,273,134,273,彼
﻿134,273,163,273,163,293,134,293,未
﻿134,293,163,293,163,314,134,314,知
﻿134,314,163,314,163,334,134,334,猶
﻿134,334,163,334,163,355,134,355,或
﻿134,355,163,355,163,375,134,375,陸
﻿134,375,163,375,163,396,134,396,梁
﻿134,396,163,396,163,416,134,416,乃
﻿134,416,163,416,163,437,134,437,縱
﻿103,48,130,48,130,68,103,68,其
﻿103,68,130,68,130,88,103,88,所
﻿103,88,130,88,130,109,103,109,󰱐
﻿103,109,130,109,130,129,103,129,人
﻿103,129,130,129,130,150,103,150,至
﻿103,150,130,150,130,170,103,170,元
﻿103,170,130,170,130,191,103,191,營
﻿103,191,130,191,130,211,103,211,具
﻿103,211,130,211,130,232,103,232,告
﻿103,232,130,232,130,252,103,252,元
﻿103,252,130,252,130,273,103,273,人
﻿103,273,130,273,130,293,103,293,果
﻿103,293,130,293,130,314,103,314,退
﻿103,314,130,314,130,334,103,334,故
﻿103,334,130,334,130,355,103,355,是
﻿103,355,130,355,130,375,103,375,年
﻿103,375,130,375,130,396,103,396,百
﻿103,396,130,396,130,416,103,416,姓
﻿103,416,130,416,130,437,103,437,瘡
﻿74,49,99,49,99,69,74,69,痍
﻿74,69,99,69,99,89,74,89,非
﻿74,89,99,89,99,110,74,110,前
﻿74,110,99,110,99,130,74,130,年
﻿74,130,99,130,99,151,74,151,之
﻿74,151,99,151,99,171,74,171,慘
﻿74,171,99,171,99,191,74,191,慶
﻿74,191,99,191,99,212,74,212,餘
﻿74,212,99,212,99,232,74,232,預
﻿74,232,99,232,99,253,74,253,有
﻿74,253,99,253,99,273,74,273,功
﻿74,273,99,273,99,294,74,294,焉
﻿74,294,99,294,99,314,74,314,慶
﻿74,314,99,314,99,334,74,334,餘
﻿74,334,99,334,99,355,74,355,𥘉
﻿74,355,99,355,99,375,74,375,鎮
﻿74,375,99,375,99,396,74,396,雲
﻿74,396,99,396,99,416,74,416,屯
﻿74,416,99,416,99,437,74,437,其
﻿45,47,70,47,70,67,45,67,俗
﻿45,67,70,67,70,88,45,88,以
﻿45,88,70,88,70,108,45,108,商
﻿45,108,70,108,70,129,45,129,販
﻿45,129,70,129,70,149,45,149,為
﻿45,149,70,149,70,170,45,170,生
﻿45,170,70,170,70,190,45,190,業
﻿45,190,70,190,70,211,45,211,飲
﻿45,211,70,211,70,231,45,231,食
﻿45,231,70,231,70,252,45,252,衣
﻿45,252,70,252,70,272,45,272,服
﻿45,272,70,272,70,293,45,293,皆
﻿45,293,70,293,70,313,45,313,仰
﻿45,313,70,313,70,334,45,334,北
﻿45,334,70,334,70,354,45,354,客
﻿45,354,70,354,70,375,45,375,故
﻿45,375,70,375,70,395,45,395,服
﻿45,395,70,395,70,416,45,416,用
﻿45,416,70,416,70,437,45,437,習
﻿13,46,37,46,37,66,13,66,北
﻿13,66,37,66,37,87,13,87,俗
﻿13,87,37,87,37,107,13,107,慶
﻿13,107,37,107,37,128,13,128,餘
﻿13,128,37,128,37,148,13,148,閲
﻿13,148,37,148,37,169,13,169,諸
﻿13,169,37,169,37,189,13,189,庄
﻿13,189,37,189,37,210,13,210,軍
﻿13,210,37,210,37,230,13,230,令
﻿13,230,37,230,37,251,13,251,曰
﻿13,251,37,251,37,271,13,271,雲
﻿13,271,37,271,37,292,13,292,屯
﻿13,292,37,292,37,312,13,312,鎮
﻿13,312,37,312,37,333,13,333,軍
﻿13,333,37,333,37,353,13,353,所
﻿13,353,37,353,37,374,13,374,以
﻿13,374,37,374,37,394,13,394,防
﻿13,394,37,394,37,415,13,415,遏
﻿13,415,37,415,37,436,13,436,胡
