243,56,270,56,270,76,243,76,雖
﻿243,76,270,76,270,96,243,96,出
﻿243,96,270,96,270,117,243,117,於
﻿243,117,270,117,270,137,243,137,眾
﻿243,137,270,137,270,157,243,157,心
﻿243,157,270,157,270,178,243,178,及
﻿243,178,270,178,270,198,243,198,其
﻿243,198,270,198,270,218,243,218,亡
﻿243,218,270,218,270,239,243,239,也
﻿243,239,270,239,270,259,243,259,亦
﻿243,259,270,259,270,279,243,279,由
﻿243,279,270,279,270,300,243,300,三
﻿243,300,270,300,270,320,243,320,綱
﻿243,320,270,320,270,340,243,340,之
﻿243,340,270,340,270,361,243,361,不
﻿243,361,270,361,270,381,243,381,正
﻿243,381,270,381,270,401,243,401,焉
﻿243,401,270,401,270,422,243,422,大
﻿213,57,238,57,238,77,213,77,行
﻿213,77,238,77,238,97,213,97,廢
﻿213,97,238,97,238,117,213,117,丁
﻿213,117,238,117,238,138,213,138,皇
﻿213,138,238,138,238,158,213,158,之
﻿213,158,238,158,238,178,213,178,子
﻿213,178,238,178,238,198,213,198,而
﻿213,198,238,198,238,219,213,219,降
﻿213,219,238,219,238,239,213,239,為
﻿213,239,238,239,238,259,213,259,衛
﻿213,259,238,259,238,280,213,280,王
﻿213,280,238,280,238,300,213,300,則
﻿213,300,238,300,238,320,213,320,無
﻿213,320,238,320,238,340,213,340,君
﻿213,340,238,340,238,361,213,361,臣
﻿213,361,238,361,238,381,213,381,之
﻿213,381,238,381,238,401,213,401,󰒂
﻿213,401,238,401,238,422,213,422,生
﻿181,56,209,56,209,76,181,76,子
﻿181,76,209,76,209,96,181,96,有
﻿181,96,209,96,209,117,181,117,九
﻿181,117,209,117,209,137,181,137,而
﻿181,137,209,137,209,157,181,157,不
﻿181,157,209,157,209,178,181,178,早
﻿181,178,209,178,209,198,181,198,定
﻿181,198,209,198,209,219,181,219,皇
﻿181,219,209,219,209,239,181,239,儲
﻿181,239,209,239,209,259,181,259,則
﻿181,259,209,259,209,280,181,280,無
﻿181,280,209,280,209,300,181,300,父
﻿181,300,209,300,209,321,181,321,子
﻿181,321,209,321,209,341,181,341,之
﻿181,341,209,341,209,361,181,361,恩
﻿181,361,209,361,209,382,181,382,立
﻿181,382,209,382,209,402,181,402,后
﻿181,402,209,402,209,423,181,423,有
﻿155,56,179,56,179,76,155,76,五
﻿155,76,179,76,179,96,155,96,而
﻿155,96,179,96,179,117,155,117,上
﻿155,117,179,117,179,137,155,137,蒸
﻿155,137,179,137,179,157,155,157,丁
﻿155,157,179,157,179,178,155,178,后
﻿155,178,179,178,179,198,155,198,則
﻿155,198,179,198,179,218,155,218,無
﻿155,218,179,218,179,239,155,239,夫
﻿155,239,179,239,179,259,155,259,婦
﻿155,259,179,259,179,279,155,279,之
﻿155,279,179,279,179,300,155,300,道
﻿155,300,179,300,179,320,155,320,知
﻿155,320,179,320,179,340,155,340,有
﻿155,340,179,340,179,361,155,361,欲
﻿155,361,179,361,179,381,155,381,而
﻿155,381,179,381,179,401,155,401,不
﻿155,401,179,401,179,422,155,422,知
﻿124,56,148,56,148,76,124,76,有
﻿124,76,148,76,148,96,124,96,󰒂
﻿124,96,148,96,148,117,124,117,知
﻿124,117,148,117,148,137,124,137,有
﻿124,137,148,137,148,158,124,158,身
﻿124,158,148,158,148,178,124,178,而
﻿124,178,148,178,148,199,124,199,不
﻿124,199,148,199,148,219,124,219,知
﻿124,219,148,219,148,240,124,240,有
﻿124,240,148,240,148,260,124,260,子
﻿124,260,148,260,148,280,124,280,好
﻿124,280,148,280,148,301,124,301,殺
﻿124,301,148,301,148,321,124,321,而
﻿124,321,148,321,148,342,124,342,不
﻿124,342,148,342,148,362,124,362,好
﻿124,362,148,362,148,383,124,383,生
﻿124,383,148,383,148,403,124,403,好
﻿124,403,148,403,148,424,124,424,刑
﻿94,56,121,56,121,76,94,76,而
﻿94,76,121,76,121,97,94,97,不
﻿94,97,121,97,121,117,94,117,好
﻿94,117,121,117,121,138,94,138,德
﻿94,138,121,138,121,158,94,158,身
﻿94,158,121,158,121,179,94,179,既
﻿94,179,121,179,121,199,94,199,亡
﻿94,199,121,199,121,220,94,220,而
﻿94,220,121,220,121,241,94,241,國
﻿94,241,121,241,121,261,94,261,隨
﻿94,261,121,261,121,282,94,282,滅
﻿94,282,121,282,121,302,94,302,由
﻿94,302,121,302,121,323,94,323,不
﻿94,323,121,323,121,343,94,343,仁
﻿94,343,121,343,121,364,94,364,之
﻿94,364,121,364,121,384,94,384,積
﻿94,384,121,384,121,405,94,405,也
﻿94,405,121,405,121,426,94,426,李
﻿64,53,90,53,90,73,64,73,太
﻿64,73,90,73,90,94,64,94,祖
﻿64,94,90,94,90,114,64,114,因
﻿64,114,90,114,90,135,64,135,卧
﻿64,135,90,135,90,155,64,155,朝
﻿64,155,90,155,90,176,64,176,之
﻿64,176,90,176,90,196,64,196,失
﻿64,196,90,196,90,217,64,217,德
﻿64,217,90,217,90,237,64,237,恊
﻿64,237,90,237,90,258,64,258,震
﻿64,258,90,258,90,278,64,278,文
﻿64,278,90,278,90,299,64,299,之
﻿64,299,90,299,90,319,64,319,休
﻿64,319,90,319,90,340,64,340,祥
﻿64,340,90,340,90,360,64,360,應
﻿64,360,90,360,90,381,64,381,天
﻿64,381,90,381,90,401,64,401,順
﻿64,401,90,401,90,422,64,422,人
﻿36,56,62,56,62,76,36,76,乘
﻿36,76,62,76,62,96,36,96,時
﻿36,96,62,96,62,117,36,117,啓
﻿36,117,62,117,62,137,36,137,運
﻿36,137,62,137,62,157,36,157,有
﻿36,157,62,157,62,178,36,178,寬
﻿36,178,62,178,62,198,36,198,人
﻿36,198,62,198,62,219,36,219,之
﻿36,219,62,219,62,239,36,239,大
﻿36,239,62,239,62,259,36,259,度
﻿36,259,62,259,62,280,36,280,有
﻿36,280,62,280,62,300,36,300,宏
﻿36,300,62,300,62,321,36,321,遠
﻿36,321,62,321,62,341,36,341,之
﻿36,341,62,341,62,361,36,361,䂓
﻿36,361,62,361,62,382,36,382,模
﻿36,382,62,382,62,402,36,402,迁
﻿36,402,62,402,62,423,36,423,都
﻿9,55,33,55,33,75,9,75,定
﻿9,75,33,75,33,96,9,96,鼎
﻿9,96,33,96,33,116,9,116,敬
﻿9,116,33,116,33,137,9,137,天
﻿9,137,33,137,33,157,9,157,愛
﻿9,157,33,157,33,178,9,178,民
﻿9,178,33,178,33,198,9,198,田
﻿9,198,33,198,33,219,9,219,租
﻿9,219,33,219,33,240,9,240,有
﻿9,240,33,240,33,260,9,260,賜
﻿9,260,33,260,33,281,9,281,賦
﻿9,281,33,281,33,301,9,301,役
﻿9,301,33,301,33,322,9,322,有
﻿9,322,33,322,33,342,9,342,制
﻿9,342,33,342,33,363,9,363,南
﻿9,363,33,363,33,383,9,383,北
﻿9,383,33,383,33,404,9,404,通
﻿9,404,33,404,33,425,9,425,好
