258,14,282,14,282,35,258,35,壇
﻿258,35,282,35,282,57,258,57,冬
﻿258,57,282,57,282,79,258,79,十
﻿258,79,282,79,282,100,258,100,月
﻿258,100,282,100,282,122,258,122,占
﻿258,122,282,122,282,144,258,144,城
﻿258,144,282,144,282,165,258,165,主
﻿258,165,282,165,282,187,258,187,制
﻿258,187,282,187,282,209,258,209,皮
﻿258,209,282,209,282,230,258,230,囉
﻿258,230,282,230,282,252,258,252,筆
﻿258,252,282,252,282,274,258,274,進
﻿258,274,282,274,282,295,258,295,其
﻿258,295,282,295,282,317,258,317,女
﻿258,317,282,317,282,339,258,339,納
﻿258,339,282,339,282,361,258,361,之
﻿227,32,252,32,252,52,227,52,黎
﻿227,52,252,52,252,73,227,73,文
﻿227,73,252,73,252,93,227,93,休
﻿227,93,252,93,252,114,227,114,曰
﻿227,114,252,114,252,134,227,134,夫
﻿227,134,252,134,252,155,227,155,帝
﻿227,155,252,155,252,175,227,175,王
﻿227,175,252,175,252,196,227,196,之
﻿227,196,252,196,252,216,227,216,於
﻿227,216,252,216,252,237,227,237,夷
﻿227,237,252,237,252,257,227,257,狄
﻿227,257,252,257,252,278,227,278,服
﻿227,278,252,278,252,298,227,298,則
﻿227,298,252,298,252,319,227,319,綏
﻿227,319,252,319,252,339,227,339,之
﻿227,339,252,339,252,360,227,360,以
﻿227,360,252,360,252,380,227,380,德
﻿227,380,252,380,252,401,227,401,叛
﻿200,32,222,32,222,52,200,52,則
﻿200,52,222,52,222,73,200,73,示
﻿200,73,222,73,222,93,200,93,之
﻿200,93,222,93,222,114,200,114,以
﻿200,114,222,114,222,134,200,134,威
﻿200,134,222,134,222,155,200,155,英
﻿200,155,222,155,222,175,200,175,宗
﻿200,175,222,175,222,196,200,196,使
﻿200,196,222,196,222,216,200,216,李
﻿200,216,222,216,222,237,200,237,蒙
﻿200,237,222,237,222,257,200,257,領
﻿200,257,222,257,222,278,200,278,五
﻿200,278,222,278,222,298,200,298,千
﻿200,298,222,298,222,319,200,319,餘
﻿200,319,222,319,222,339,200,339,人
﻿200,339,222,339,222,360,200,360,援
﻿200,360,222,360,222,380,200,380,立
﻿200,380,222,380,222,401,200,401,雍
﻿170,34,192,34,192,54,170,54,明
﻿170,54,192,54,192,74,170,74,些
﻿170,74,192,74,192,95,170,95,疊
﻿170,95,192,95,192,115,170,115,爲
﻿170,115,192,115,192,136,170,136,占
﻿170,136,192,136,192,156,170,156,城
﻿170,156,192,156,192,177,170,177,國
﻿170,177,192,177,192,197,170,197,王
﻿170,197,192,197,192,218,170,218,而
﻿170,218,192,218,192,238,170,238,爲
﻿170,238,192,238,192,258,170,258,制
﻿170,258,192,258,192,279,170,279,皮
﻿170,279,192,279,192,299,170,299,囉
﻿170,299,192,299,192,320,170,320,筆
﻿170,320,192,320,192,340,170,340,所
﻿170,340,192,340,192,361,170,361,殺
﻿170,361,192,361,192,381,170,381,義
﻿170,381,192,381,192,402,170,402,當
﻿138,32,163,32,163,52,138,52,興
﻿138,52,163,52,163,72,138,72,師
﻿138,72,163,72,163,93,138,93,問
﻿138,93,163,93,163,113,138,113,罪
﻿138,113,163,113,163,134,138,134,擇
﻿138,134,163,134,163,154,138,154,立
﻿138,154,163,154,163,175,138,175,一
﻿138,175,163,175,163,195,138,195,人
﻿138,195,163,195,163,216,138,216,代
﻿138,216,163,216,163,236,138,236,王
﻿138,236,163,236,163,256,138,256,其
﻿138,256,163,256,163,277,138,277,國
﻿138,277,163,277,163,297,138,297,則
﻿138,297,163,297,163,318,138,318,威
﻿138,318,163,318,163,338,138,338,加
﻿138,338,163,338,163,359,138,359,殊
﻿138,359,163,359,163,379,138,379,俗
﻿138,379,163,379,163,400,138,400,而
﻿110,32,133,32,133,52,110,52,德
﻿110,52,133,52,133,73,110,73,在
﻿110,73,133,73,133,93,110,93,後
﻿110,93,133,93,133,114,110,114,王
﻿110,114,133,114,133,134,110,134,今
﻿110,134,133,134,133,155,110,155,乃
﻿110,155,133,155,133,175,110,175,受
﻿110,175,133,175,133,196,110,196,其
﻿110,196,133,196,133,217,110,217,女
﻿110,217,133,217,133,237,110,237,而
﻿110,237,133,237,133,258,110,258,不
﻿110,258,133,258,133,278,110,278,問
﻿110,278,133,278,133,299,110,299,其
﻿110,299,133,299,133,319,110,319,罪
﻿110,319,133,319,133,340,110,340,可
﻿110,340,133,340,133,360,110,360,謂
﻿110,360,133,360,133,381,110,381,逸
﻿110,381,133,381,133,402,110,402,矣
﻿79,31,105,31,105,51,79,51,其
﻿79,51,105,51,105,72,79,72,後
﻿79,72,105,72,105,93,79,93,占
﻿79,93,105,93,105,113,79,113,城
﻿79,113,105,113,105,134,79,134,真
﻿79,134,105,134,105,155,79,155,臘
﻿79,155,105,155,105,176,79,176,連
﻿79,176,105,176,105,196,79,196,年
﻿79,196,105,196,105,217,79,217,入
﻿79,217,105,217,105,238,79,238,㓂
﻿79,238,105,238,105,258,79,258,乂
﻿79,258,105,258,105,279,79,279,安
﻿79,279,105,279,105,300,79,300,一
﻿79,300,105,300,105,321,79,321,路
﻿79,321,105,321,105,341,79,341,不
﻿79,341,105,341,105,362,79,362,勝
﻿79,362,105,362,105,383,79,383,其
﻿79,383,105,383,105,404,79,404,弊
﻿51,29,74,29,74,49,51,49,英
﻿51,49,74,49,74,70,51,70,宗
﻿51,70,74,70,74,91,51,91,實
﻿51,91,74,91,74,112,51,112,啓
﻿51,112,74,112,74,133,51,133,之
﻿51,133,74,133,74,154,51,154,也
﻿19,32,41,32,41,52,19,52,史
﻿19,52,41,52,41,73,19,73,臣
﻿19,73,41,73,41,93,19,93,吳
﻿19,93,41,93,41,114,19,114,士
﻿19,114,41,114,41,134,19,134,連
﻿19,134,41,134,41,155,19,155,曰
﻿19,155,41,155,41,175,19,175,小
﻿19,175,41,175,41,196,19,196,國
﻿19,196,41,196,41,216,19,216,之
﻿19,216,41,216,41,237,19,237,賴
﻿19,237,41,237,41,257,19,257,大
﻿19,257,41,257,41,278,19,278,國
﻿19,278,41,278,41,298,19,298,以
﻿19,298,41,298,41,319,19,319,其
﻿19,319,41,319,41,339,19,339,䏻
﻿19,339,41,339,41,360,19,360,安
﻿19,360,41,360,41,380,19,380,靖
﻿19,380,41,380,41,401,19,401,已
