253,9,274,9,274,30,253,30,壇
﻿253,30,274,30,274,51,253,51,殉
﻿253,51,274,51,274,72,253,72,大
﻿253,72,274,72,274,93,253,93,行
﻿253,93,274,93,274,114,253,114,皇
﻿253,114,274,114,274,136,253,136,帝
﻿221,32,247,32,247,52,221,52,黎
﻿221,52,247,52,247,72,221,72,文
﻿221,72,247,72,247,93,221,93,休
﻿221,93,247,93,247,113,221,113,曰
﻿221,113,247,113,247,134,221,134,人
﻿221,134,247,134,247,154,221,154,子
﻿221,154,247,154,247,175,221,175,生
﻿221,175,247,175,247,195,221,195,三
﻿221,195,247,195,247,216,221,216,年
﻿221,216,247,216,247,236,221,236,然
﻿221,236,247,236,247,256,221,256,後
﻿221,256,247,256,247,277,221,277,出
﻿221,277,247,277,247,297,221,297,於
﻿221,297,247,297,247,318,221,318,𢙇
﻿221,318,247,318,247,338,221,338,抱
﻿221,338,247,338,247,359,221,359,而
﻿221,359,247,359,247,379,221,379,免
﻿221,379,247,379,247,400,221,400,於
﻿188,32,217,32,217,52,188,52,父
﻿188,52,217,52,217,73,188,73,母
﻿188,73,217,73,217,93,188,93,故
﻿188,93,217,93,217,114,188,114,自
﻿188,114,217,114,217,134,188,134,天
﻿188,134,217,134,217,155,188,155,子
﻿188,155,217,155,217,175,188,175,至
﻿188,175,217,175,217,196,188,196,於
﻿188,196,217,196,217,217,188,217,󰱃
﻿188,217,217,217,217,237,188,237,人
﻿188,237,217,237,217,258,188,258,雖
﻿188,258,217,258,217,278,188,278,貴
﻿188,278,217,278,217,299,188,299,賎
﻿188,299,217,299,217,319,188,319,不
﻿188,319,217,319,217,340,188,340,同
﻿188,340,217,340,217,360,188,360,而
﻿188,360,217,360,217,381,188,381,三
﻿188,381,217,381,217,402,188,402,年
﻿160,33,184,33,184,53,160,53,哀
﻿160,53,184,53,184,74,160,74,慕
﻿160,74,184,74,184,94,160,94,之
﻿160,94,184,94,184,115,160,115,情
﻿160,115,184,115,184,135,160,135,則
﻿160,135,184,135,184,156,160,156,一
﻿160,156,184,156,184,176,160,176,盖
﻿160,176,184,176,184,197,160,197,所
﻿160,197,184,197,184,217,160,217,以
﻿160,217,184,217,184,238,160,238,報
﻿160,238,184,238,184,258,160,258,其
﻿160,258,184,258,184,279,160,279,劬
﻿160,279,184,279,184,299,160,299,勞
﻿160,299,184,299,184,320,160,320,也
﻿160,320,184,320,184,340,160,340,矧
﻿160,340,184,340,184,361,160,361,神
﻿160,361,184,361,184,381,160,381,宗
﻿160,381,184,381,184,402,160,402,之
﻿130,34,155,34,155,54,130,54,於
﻿130,54,155,54,155,75,130,75,仁
﻿130,75,155,75,155,95,130,95,宗
﻿130,95,155,95,155,116,130,116,鞠
﻿130,116,155,116,155,137,130,137,在
﻿130,137,155,137,155,157,130,157,宫
﻿130,157,155,157,155,178,130,178,中
﻿130,178,155,178,155,198,130,198,恩
﻿130,198,155,198,155,219,130,219,莫
﻿130,219,155,219,155,240,130,240,厚
﻿130,240,155,240,155,260,130,260,矣
﻿130,260,155,260,155,281,130,281,義
﻿130,281,155,281,155,301,130,301,當
﻿130,301,155,301,155,322,130,322,慎
﻿130,322,155,322,155,343,130,343,終
﻿130,343,155,343,155,363,130,363,追
﻿130,363,155,363,155,384,130,384,遠
﻿130,384,155,384,155,405,130,405,其
﻿99,35,124,35,124,55,99,55,報
﻿99,55,124,55,124,75,99,75,可
﻿99,75,124,75,124,96,99,96,也
﻿99,96,124,96,124,116,99,116,今
﻿99,116,124,116,124,137,99,137,未
﻿99,137,124,137,124,157,99,157,閲
﻿99,157,124,157,124,178,99,178,月
﻿99,178,124,178,124,198,99,198,而
﻿99,198,124,198,124,219,99,219,遽
﻿99,219,124,219,124,239,99,239,命
﻿99,239,124,239,124,259,99,259,群
﻿99,259,124,259,124,280,99,280,臣
﻿99,280,124,280,124,300,99,300,除
﻿99,300,124,300,124,321,99,321,服
﻿99,321,124,321,124,341,99,341,未
﻿99,341,124,341,124,362,99,362,卒
﻿99,362,124,362,124,382,99,382,哭
﻿99,382,124,382,124,403,99,403,而
﻿68,37,93,37,93,57,68,57,迎
﻿68,57,93,57,93,77,68,77,两
﻿68,77,93,77,93,98,68,98,妃
﻿68,98,93,98,93,118,68,118,后
﻿68,118,93,118,93,139,68,139,入
﻿68,139,93,139,93,159,68,159,宫
﻿68,159,93,159,93,180,68,180,不
﻿68,180,93,180,93,200,68,200,知
﻿68,200,93,200,93,221,68,221,當
﻿68,221,93,221,93,241,68,241,時
﻿68,241,93,241,93,261,68,261,将
﻿68,261,93,261,93,282,68,282,何
﻿68,282,93,282,93,302,68,302,以
﻿68,302,93,302,93,323,68,323,儀
﻿68,323,93,323,93,343,68,343,刑
﻿68,343,93,343,93,364,68,364,四
﻿68,364,93,364,93,384,68,384,海
﻿68,384,93,384,93,405,68,405,表
﻿40,36,63,36,63,56,40,56,率
﻿40,56,63,56,63,76,40,76,百
﻿40,76,63,76,63,97,40,97,官
﻿40,97,63,97,63,117,40,117,哉
﻿40,117,63,117,63,138,40,138,神
﻿40,138,63,138,63,158,40,158,宗
﻿40,158,63,158,63,179,40,179,雖
﻿40,179,63,179,63,199,40,199,幼
﻿40,199,63,199,63,220,40,220,弱
﻿40,220,63,220,63,240,40,240,而
﻿40,240,63,240,63,260,40,260,在
﻿40,260,63,260,63,281,40,281,朝
﻿40,281,63,281,63,301,40,301,之
﻿40,301,63,301,63,322,40,322,臣
﻿40,322,63,322,63,342,40,342,亦
﻿40,342,63,342,63,363,40,363,幸
﻿40,363,63,363,63,383,40,383,其
﻿40,383,63,383,63,404,40,404,短
﻿11,39,34,39,34,59,11,59,䘮
﻿11,59,34,59,34,80,11,80,無
﻿11,80,34,80,34,100,11,100,一
﻿11,100,34,100,34,121,11,121,言
﻿11,121,34,121,34,141,11,141,及
﻿11,141,34,141,34,162,11,162,之
﻿11,162,34,162,34,182,11,182,者
﻿11,182,34,182,34,203,11,203,可
﻿11,203,34,203,34,223,11,223,謂
﻿11,223,34,223,34,244,11,244,朝
﻿11,244,34,244,34,264,11,264,無
﻿11,264,34,264,34,285,11,285,人
﻿11,285,34,285,34,306,11,306,矣
