243,28,264,28,264,49,243,49,翊
﻿243,49,264,49,264,70,243,70,運
﻿243,70,264,70,264,91,243,91,賛
﻿243,91,264,91,264,112,243,112,治
﻿243,112,264,112,264,133,243,133,功
﻿243,133,264,133,264,154,243,154,臣
﻿243,154,264,154,264,175,243,175,特
﻿243,175,264,175,264,196,243,196,進
﻿243,196,264,196,264,217,243,217,開
﻿243,217,264,217,264,238,243,238,府
﻿243,238,264,238,264,259,243,259,欽
﻿243,259,264,259,264,280,243,280,差
﻿243,280,264,280,264,301,243,301,節
﻿243,301,264,301,264,322,243,322,制
﻿243,322,264,322,264,343,243,343,各
﻿243,343,264,343,264,364,243,364,處
﻿243,364,264,364,264,385,243,385,水
﻿243,385,264,385,264,407,243,407,步
﻿212,30,235,30,235,50,212,50,諸
﻿212,50,235,50,235,71,212,71,營
﻿212,71,235,71,235,92,212,92,掌
﻿212,92,235,92,235,113,212,113,國
﻿212,113,235,113,235,134,212,134,權
﻿212,134,235,134,235,155,212,155,柄
﻿212,155,235,155,235,176,212,176,左
﻿212,176,235,176,235,197,212,197,相
﻿212,197,235,197,235,218,212,218,太
﻿212,218,235,218,235,238,212,238,尉
﻿212,238,235,238,235,259,212,259,西
﻿212,259,235,259,235,280,212,280,國
﻿212,280,235,280,235,301,212,301,公
﻿212,301,235,301,235,322,212,322,鄭
﻿212,322,235,322,235,343,212,343,柞
﻿212,343,235,343,235,364,212,364,天
﻿212,364,235,364,235,385,212,385,性
﻿212,385,235,385,235,406,212,406,聰
﻿181,28,205,28,205,48,181,48,明
﻿181,48,205,48,205,69,181,69,世
﻿181,69,205,69,205,90,181,90,臣
﻿181,90,205,90,205,111,181,111,聞
﻿181,111,205,111,205,132,181,132,望
﻿181,132,205,132,205,153,181,153,昔
﻿181,153,205,153,205,174,181,174,成
﻿181,174,205,174,205,195,181,195,祖
﻿181,195,205,195,205,216,181,216,纘
﻿181,216,205,216,205,236,181,236,太
﻿181,236,205,236,205,257,181,257,王
﻿181,257,205,257,205,278,181,278,佐
﻿181,278,205,278,205,299,181,299,先
﻿181,299,205,299,205,320,181,320,皇
﻿181,320,205,320,205,341,181,341,經
﻿181,341,205,341,205,362,181,362,營
﻿181,362,205,362,205,383,181,383,大
﻿181,383,205,383,205,404,181,404,業
﻿149,27,174,27,174,47,149,47,力
﻿149,47,174,47,174,68,149,68,整
﻿149,68,174,68,174,89,149,89,乾
﻿149,89,174,89,174,110,149,110,坤
﻿149,110,174,110,174,131,149,131,時
﻿149,131,174,131,174,152,149,152,師
﻿149,152,174,152,174,173,149,173,父
﻿149,173,174,173,174,194,149,194,承
﻿149,194,174,194,174,215,149,215,考
﻿149,215,174,215,174,236,149,236,志
﻿149,236,174,236,174,257,149,257,翊
﻿149,257,174,257,174,278,149,278,朕
﻿149,278,174,278,174,299,149,299,躬
﻿149,299,174,299,174,320,149,320,恢
﻿149,320,174,320,174,341,149,341,復
﻿149,341,174,341,174,362,149,362,洪
﻿149,362,174,362,174,383,149,383,圖
﻿149,383,174,383,174,404,149,404,功
﻿121,26,143,26,143,47,121,47,盖
﻿121,47,143,47,143,68,121,68,宇
﻿121,68,143,68,143,89,121,89,宙
﻿121,89,143,89,143,110,121,110,講
﻿121,110,143,110,143,131,121,131,素
﻿121,131,143,131,143,152,121,152,得
﻿121,152,143,152,143,173,121,173,傳
﻿121,173,143,173,143,194,121,194,家
﻿121,194,143,194,143,216,121,216,文
﻿121,216,143,216,143,237,121,237,武
﻿121,237,143,237,143,258,121,258,任
﻿121,258,143,258,143,279,121,279,獨
﻿121,279,143,279,143,300,121,300,當
﻿121,300,143,300,143,321,121,321,監
﻿121,321,143,321,143,342,121,342,國
﻿121,342,143,342,143,363,121,363,元
﻿121,363,143,363,143,384,121,384,良
﻿121,384,143,384,143,406,121,406,畧
﻿89,28,114,28,114,48,89,48,定
﻿89,48,114,48,114,69,89,69,羣
﻿89,69,114,69,114,90,89,90,方
﻿89,90,114,90,114,111,89,111,匡
﻿89,111,114,111,114,132,89,132,天
﻿89,132,114,132,114,153,89,153,下
﻿89,153,114,153,114,174,89,174,多
﻿89,174,114,174,114,195,89,195,其
﻿89,195,114,195,114,216,89,216,力
﻿89,216,114,216,114,237,89,237,圖
﻿89,237,114,237,114,258,89,258,回
﻿89,258,114,258,114,279,89,279,庶
﻿89,279,114,279,114,300,89,300,政
﻿89,300,114,300,114,321,89,321,安
﻿89,321,114,321,114,342,89,342,社
﻿89,342,114,342,114,363,89,363,稷
﻿89,363,114,363,114,384,89,384,茂
﻿89,384,114,384,114,405,89,405,厥
﻿56,30,80,30,80,50,56,50,勳
﻿56,50,80,50,80,71,56,71,望
﻿56,71,80,71,80,92,56,92,𠃔
﻿56,92,80,92,80,113,56,113,孚
﻿56,113,80,113,80,134,56,134,四
﻿56,134,80,134,80,155,56,155,海
﻿56,155,80,155,80,176,56,176,之
﻿56,176,80,176,80,197,56,197,心
﻿56,197,80,197,80,218,56,218,位
﻿56,218,80,218,80,238,56,238,宜
﻿56,238,80,238,80,259,56,259,冠
﻿56,259,80,259,80,280,56,280,百
﻿56,280,80,280,80,301,56,301,僚
﻿56,301,80,301,80,322,56,322,之
﻿56,322,80,322,80,343,56,343,首
﻿56,343,80,343,80,364,56,364,特
﻿56,364,80,364,80,385,56,385,遣
﻿56,385,80,385,80,406,56,406,禮
﻿26,30,52,30,52,50,26,50,部
﻿26,50,52,50,52,71,26,71,尚
﻿26,71,52,71,52,92,26,92,書
﻿26,92,52,92,52,113,26,113,知
﻿26,113,52,113,52,134,26,134,經
﻿26,134,52,134,52,155,26,155,筵
﻿26,155,52,155,52,175,26,175,事
﻿26,175,52,175,52,196,26,196,兼
﻿26,196,52,196,52,217,26,217,國
﻿26,217,52,217,52,238,26,238,子
﻿26,238,52,238,52,259,26,259,監
﻿26,259,52,259,52,280,26,280,祭
﻿26,280,52,280,52,300,26,300,酒
﻿26,300,52,300,52,321,26,321,少
﻿26,321,52,321,52,342,26,342,保
﻿26,342,52,342,52,363,26,363,楊
﻿26,363,52,363,52,384,26,384,郡
﻿26,384,52,384,52,405,26,405,公
﻿2,30,22,30,22,50,2,50,阮
﻿2,50,22,50,22,71,2,71,宜
﻿2,71,22,71,22,92,2,92,持
﻿2,92,22,92,22,113,2,113,節
﻿2,113,22,113,22,134,2,134,賚
﻿2,134,22,134,22,155,2,155,捧
﻿2,155,22,155,22,176,2,176,金
﻿2,176,22,176,22,197,2,197,冊
﻿2,197,22,197,22,218,2,218,金
﻿2,218,22,218,22,239,2,239,璽
﻿2,239,22,239,22,260,2,260,榮
﻿2,260,22,260,22,281,2,281,封
﻿2,281,22,281,22,302,2,302,爲
﻿2,302,22,302,22,323,2,323,元
﻿2,323,22,323,22,344,2,344,帥
﻿2,344,22,344,22,365,2,365,掌
﻿2,365,22,365,22,386,2,386,國
﻿2,386,22,386,22,407,2,407,政
