263,32,286,32,286,52,263,52,冬
﻿263,52,286,52,286,73,263,73,十
﻿263,73,286,73,286,94,263,94,?
﻿263,94,286,94,286,114,263,114,月
﻿263,114,286,114,286,135,263,135,十
﻿263,135,286,135,286,156,263,156,一
﻿263,156,286,156,286,177,263,177,日
﻿263,177,286,177,286,197,263,197,遣
﻿263,197,286,197,286,218,263,218,黎
﻿263,218,286,218,286,239,263,239,德
﻿263,239,286,239,286,259,263,259,慶
﻿263,259,286,259,286,280,263,280,阮
﻿263,280,286,280,286,301,263,301,忠
﻿263,301,286,301,286,322,263,322,杜
﻿263,322,286,322,286,342,263,342,𣂷
﻿263,342,286,342,286,363,263,363,歲
﻿263,363,286,363,286,384,263,384,貢
﻿263,384,286,384,286,405,263,405,于
﻿233,34,257,34,257,55,233,55,明
﻿233,55,257,55,257,77,233,77,十
﻿233,77,257,77,257,99,233,99,二
﻿233,99,257,99,257,121,233,121,日
﻿233,121,257,121,257,143,233,143,勑
﻿233,143,257,143,257,164,233,164,旨
﻿233,164,257,164,257,186,233,186,各
﻿233,186,257,186,257,208,233,208,衛
﻿233,208,257,208,257,230,233,230,司
﻿233,230,257,230,257,252,233,252,所
﻿233,252,257,252,257,274,233,274,作
﻿233,274,257,274,257,295,233,295,噐
﻿233,295,257,295,257,317,233,317,械
﻿233,317,257,317,257,339,233,339,就
﻿233,339,257,339,257,361,233,361,本
﻿233,361,257,361,257,383,233,383,衛
﻿233,383,257,383,257,405,233,405,司
﻿202,33,228,33,228,53,202,53,所
﻿202,53,228,53,228,74,202,74,武
﻿202,74,228,74,228,95,202,95,庫
﻿202,95,228,95,228,115,202,115,如
﻿202,115,228,115,228,136,202,136,例
﻿202,136,228,136,228,157,202,157,不
﻿202,157,228,157,228,177,202,177,得
﻿202,177,228,177,228,198,202,198,𢫔
﻿202,198,228,198,228,219,202,219,在
﻿202,219,228,219,228,239,202,239,城
﻿202,239,228,239,228,260,202,260,外
﻿202,260,228,260,228,281,202,281,邂
﻿202,281,228,281,228,301,202,301,宇
﻿202,301,228,301,228,322,202,322,軍
﻿202,322,228,322,228,343,202,343,店
﻿202,343,228,343,228,363,202,363,等
﻿202,363,228,363,228,384,202,384,處
﻿202,384,228,384,228,405,202,405,脩
﻿175,32,198,32,198,52,175,52,作
﻿175,52,198,52,198,73,175,73,違
﻿175,73,198,73,198,93,175,93,者
﻿175,93,198,93,198,114,175,114,流
﻿175,114,198,114,198,135,175,135,罪
﻿141,32,167,32,167,52,141,52,勑
﻿141,52,167,52,167,73,141,73,諭
﻿141,73,167,73,167,94,141,94,翰
﻿141,94,167,94,167,114,141,114,林
﻿141,114,167,114,167,135,141,135,院
﻿141,135,167,135,167,156,141,156,承
﻿141,156,167,156,167,177,141,177,旨
﻿141,177,167,177,167,197,141,197,東
﻿141,197,167,197,167,218,141,218,各
﻿141,218,167,218,167,239,141,239,大
﻿141,239,167,239,167,259,141,259,𭓇
﻿141,259,167,259,167,280,141,280,士
﻿141,280,167,280,167,301,141,301,申
﻿141,301,167,301,167,322,141,322,仁
﻿141,322,167,322,167,342,141,342,中
﻿141,342,167,342,167,363,141,363,御
﻿141,363,167,363,167,384,141,384,史
﻿141,384,167,384,167,405,141,405,󰱑
﻿110,31,135,31,135,51,110,51,副
﻿110,51,135,51,135,72,110,72,都
﻿110,72,135,72,135,93,110,93,御
﻿110,93,135,93,135,114,110,114,史
﻿110,114,135,114,135,134,110,134,兼
﻿110,134,135,134,135,155,110,155,左
﻿110,155,135,155,135,176,110,176,春
﻿110,176,135,176,135,197,110,197,坊
﻿110,197,135,197,135,218,110,218,左
﻿110,218,135,218,135,238,110,238,中
﻿110,238,135,238,135,259,110,259,𠃔
﻿110,259,135,259,135,280,110,280,郭
﻿110,280,135,280,135,301,110,301,廷
﻿110,301,135,301,135,321,110,321,寶
﻿110,321,135,321,135,342,110,342,奏
﻿110,342,135,342,135,363,110,363,東
﻿110,363,135,363,135,384,110,384,閣
﻿110,384,135,384,135,405,110,405,校
﻿79,30,104,30,104,50,79,50,書
﻿79,50,104,50,104,71,79,71,杜
﻿79,71,104,71,104,92,79,92,潤
﻿79,92,104,92,104,113,79,113,翰
﻿79,113,104,113,104,134,79,134,林
﻿79,134,104,134,104,155,79,155,院
﻿79,155,104,155,104,175,79,175,侍
﻿79,175,104,175,104,196,79,196,讀
﻿79,196,104,196,104,217,79,217,東
﻿79,217,104,217,104,238,79,238,閣
﻿79,238,104,238,104,259,79,259,校
﻿79,259,104,259,104,280,79,280,書
﻿79,280,104,280,104,300,79,300,陶
﻿79,300,104,300,104,321,79,321,󰁮
﻿79,321,104,321,104,342,79,342,翰
﻿79,342,104,342,104,363,79,363,林
﻿79,363,104,363,104,384,79,384,侍
﻿79,384,104,384,104,405,79,405,書
﻿49,30,73,30,73,50,49,50,覃
﻿49,50,73,50,73,71,49,71,文
﻿49,71,73,71,73,92,49,92,禮
﻿49,92,73,92,73,113,49,113,纂
﻿49,113,73,113,73,133,49,133,脩
﻿49,133,73,133,73,154,49,154,天
﻿49,154,73,154,73,175,49,175,南
﻿49,175,73,175,73,196,49,196,餘
﻿49,196,73,196,73,217,49,217,暇
﻿49,217,73,217,73,237,49,237,集
﻿49,237,73,237,73,258,49,258,親
﻿49,258,73,258,73,279,49,279,征
﻿49,279,73,279,73,300,49,300,記
﻿49,300,73,300,73,320,49,320,事
﻿49,320,73,320,73,341,49,341,帝
﻿49,341,73,341,73,362,49,362,題
﻿49,362,73,362,73,383,49,383,大
﻿49,383,73,383,73,404,49,404,𭓇
﻿17,30,42,30,42,50,17,50,士
﻿17,50,42,50,42,71,17,71,申
﻿17,71,42,71,42,92,17,92,仁
﻿17,92,42,92,42,112,17,112,忠
﻿17,112,42,112,42,133,17,133,天
﻿17,133,42,133,42,154,17,154,南
﻿17,154,42,154,42,175,17,175,餘
﻿17,175,42,175,42,195,17,195,暇
﻿17,195,42,195,42,216,17,216,集
﻿17,216,42,216,42,237,17,237,序
﻿17,237,42,237,42,257,17,257,藁
﻿17,257,42,257,42,278,17,278,云
﻿17,278,42,278,42,299,17,299,火
﻿17,299,42,299,42,320,17,320,鼠
﻿17,320,42,320,42,340,17,340,千
﻿17,340,42,340,42,361,17,361,端
﻿17,361,42,361,42,382,17,382,布
﻿17,382,42,382,42,403,17,403,氷
