267,18,291,18,291,39,267,39,守
﻿267,39,291,39,291,60,267,60,副
﻿267,60,291,60,291,81,267,81,總
﻿267,81,291,81,291,102,267,102,兵
﻿267,102,291,102,291,123,267,123,黎
﻿267,123,291,123,291,144,267,144,六
﻿267,144,291,144,291,165,267,165,同
﻿267,165,291,165,291,186,267,186,總
﻿267,186,291,186,291,207,267,207,知
﻿267,207,291,207,291,229,267,229,阮
﻿267,229,291,229,291,250,267,250,量
﻿267,250,291,250,291,271,267,271,於
﻿267,271,291,271,291,292,267,292,遠
﻿267,292,291,292,291,313,267,313,州
﻿267,313,291,313,291,334,267,334,以
﻿267,334,291,334,291,355,267,355,守
﻿267,355,291,355,291,376,267,376,本
﻿267,376,291,376,291,397,267,397,鎮
﻿267,397,291,397,291,419,267,419,為
﻿239,17,263,17,263,39,239,39,㓂
﻿239,39,263,39,263,61,239,61,賊
﻿239,61,263,61,263,83,239,83,所
﻿239,83,263,83,263,106,239,106,燒
﻿239,106,263,106,263,128,239,128,關
﻿239,128,263,128,263,150,239,150,隘
﻿239,150,263,150,263,172,239,172,事
﻿239,172,263,172,263,195,239,195,𤼵
﻿239,195,263,195,263,217,239,217,故
﻿239,217,263,217,263,239,239,239,也
﻿239,239,263,239,263,262,239,262,免
﻿239,262,263,262,263,284,239,284,居
﻿239,284,263,284,263,306,239,306,作
﻿239,306,263,306,263,328,239,328,令
﻿239,328,263,328,263,351,239,351,内
﻿239,351,263,351,263,373,239,373,外
﻿239,373,263,373,263,395,239,395,倉
﻿239,395,263,395,263,418,239,418,粟
﻿205,18,232,18,232,39,205,39,許
﻿205,39,232,39,232,60,205,60,該
﻿205,60,232,60,232,81,205,81,官
﻿205,81,232,81,232,102,205,102,責
﻿205,102,232,102,232,123,205,123,令
﻿205,123,232,123,232,144,205,144,所
﻿205,144,232,144,232,165,205,165,司
﻿205,165,232,165,232,186,205,186,常
﻿205,186,232,186,232,207,205,207,加
﻿205,207,232,207,232,228,205,228,檢
﻿205,228,232,228,232,249,205,249,看
﻿205,249,232,249,232,270,205,270,勿
﻿205,270,232,270,232,291,205,291,致
﻿205,291,232,291,232,312,205,312,雨
﻿205,312,232,312,232,333,205,333,水
﻿205,333,232,333,232,354,205,354,滲
﻿205,354,232,354,232,375,205,375,沴
﻿218,377,233,377,233,395,218,395,音
﻿218,395,233,395,233,414,218,414,軫
﻿204,378,217,378,217,396,204,396,陵
﻿204,396,217,396,217,415,204,415,乱
﻿174,18,200,18,200,40,174,40,也
﻿174,40,200,40,200,62,174,62,𧇊
﻿174,62,200,62,200,84,174,84,損
﻿174,84,200,84,200,106,174,106,粮
﻿174,106,200,106,200,129,174,129,儲
﻿174,129,200,129,200,151,174,151,令
﻿174,151,200,151,200,173,174,173,各
﻿174,173,200,173,200,195,174,195,州
﻿174,195,200,195,200,218,174,218,府
﻿174,218,200,218,200,240,174,240,縣
﻿174,240,200,240,200,262,174,262,貳
﻿174,262,200,262,200,284,174,284,官
﻿174,284,200,284,200,306,174,306,公
﻿174,306,200,306,200,329,174,329,堂
﻿174,329,200,329,200,351,174,351,視
﻿174,351,200,351,200,373,174,373,事
﻿174,373,200,373,200,395,174,395,不
﻿174,395,200,395,200,418,174,418,得
﻿143,16,167,16,167,38,143,38,𭁈
﻿143,38,167,38,167,60,143,60,正
﻿143,60,167,60,167,82,143,82,官
﻿143,82,167,82,167,105,143,105,正
﻿143,105,167,105,167,127,143,127,席
﻿143,127,167,127,167,149,143,149,坐
﻿143,149,167,149,167,171,143,171,十
﻿143,171,167,171,167,194,143,194,二
﻿143,194,167,194,167,216,143,216,月
﻿143,216,167,216,167,238,143,238,帝
﻿143,238,167,238,167,261,143,261,以
﻿143,261,167,261,167,283,143,283,天
﻿143,283,167,283,167,305,143,305,南
﻿143,305,167,305,167,327,143,327,皇
﻿143,327,167,327,167,350,143,350,帝
﻿143,350,167,350,167,372,143,372,之
﻿143,372,167,372,167,394,143,394,寶
﻿143,394,167,394,167,417,143,417,示
﻿111,18,135,18,135,39,111,39,宰
﻿111,39,135,39,135,60,111,60,臣
﻿111,60,135,60,135,81,111,81,使
﻿111,81,135,81,135,102,111,102,之
﻿111,102,135,102,135,123,111,123,商
﻿111,123,135,123,135,144,111,144,議
﻿111,144,135,144,135,165,111,165,權
﻿111,165,135,165,135,186,111,186,户
﻿111,186,135,186,135,207,111,207,部
﻿111,207,135,207,135,228,111,228,尚
﻿111,228,135,228,135,249,111,249,書
﻿111,249,135,249,135,270,111,270,阮
﻿111,270,135,270,135,291,111,291,居
﻿111,291,135,291,135,312,111,312,道
﻿111,312,135,312,135,333,111,333,言
﻿111,333,135,333,135,354,111,354,皇
﻿111,354,135,354,135,375,111,375,帝
﻿111,375,135,375,135,396,111,396,之
﻿111,396,135,396,135,418,111,418,寶
﻿79,17,105,17,105,38,79,38,乃
﻿79,38,105,38,105,59,79,59,傳
﻿79,59,105,59,105,80,79,80,國
﻿79,80,105,80,105,101,79,101,之
﻿79,101,105,101,105,122,79,122,寶
﻿79,122,105,122,105,143,79,143,但
﻿79,143,105,143,105,164,79,164,天
﻿79,164,105,164,105,185,79,185,南
﻿79,185,105,185,105,206,79,206,二
﻿79,206,105,206,105,227,79,227,字
﻿79,227,105,227,105,248,79,248,若
﻿79,248,105,248,105,269,79,269,稍
﻿79,269,105,269,105,290,79,290,新
﻿79,290,105,290,105,311,79,311,異
﻿79,311,105,311,105,332,79,332,不
﻿79,332,105,332,105,353,79,353,如
﻿79,353,105,353,105,374,79,374,順
﻿79,374,105,374,105,395,79,395,天
﻿79,395,105,395,105,416,79,416,承
﻿47,16,74,16,74,36,47,36,運
﻿47,36,74,36,74,57,47,57,之
﻿47,57,74,57,74,78,47,78,寶
﻿47,78,74,78,74,99,47,99,極
﻿47,99,74,99,74,120,47,120,有
﻿47,120,74,120,74,141,47,141,含
﻿47,141,74,141,74,162,47,162,蓄
﻿47,162,74,162,74,183,47,183,意
﻿47,183,74,183,74,204,47,204,思
﻿47,204,74,204,74,225,47,225,帝
﻿47,225,74,225,74,246,47,246,又
﻿47,246,74,246,74,267,47,267,諭
﻿47,267,74,267,74,288,47,288,群
﻿47,288,74,288,74,309,47,309,臣
﻿47,309,74,309,74,330,47,330,曰
﻿47,330,74,330,74,351,47,351,向
﻿47,351,74,351,74,372,47,372,者
﻿47,372,74,372,74,393,47,393,傳
﻿47,393,74,393,74,414,47,414,國
﻿16,17,41,17,41,38,16,38,之
﻿16,38,41,38,41,59,16,59,寶
﻿16,59,41,59,41,80,16,80,再
﻿16,80,41,80,41,101,16,101,命
﻿16,101,41,101,41,122,16,122,秘
﻿16,122,41,122,41,143,16,143,書
﻿16,143,41,143,41,164,16,164,官
﻿16,164,41,164,41,185,16,185,梁
﻿16,185,41,185,41,206,16,206,如
﻿16,206,41,206,41,228,16,228,鵠
﻿16,228,41,228,41,249,16,249,等
﻿16,249,41,249,41,270,16,270,考
﻿16,270,41,270,41,291,16,291,文
﻿16,291,41,291,41,312,16,312,献
﻿16,312,41,312,41,333,16,333,通
﻿16,333,41,333,41,354,16,354,考
﻿16,354,41,354,41,375,16,375,以
﻿16,375,41,375,41,396,16,396,製
﻿16,396,41,396,41,418,16,418,號
