248,67,269,67,269,87,248,87,耶
﻿248,87,269,87,269,108,248,108,抑
﻿248,108,269,108,269,129,248,129,新
﻿248,129,269,129,269,149,248,149,集
﻿248,149,269,149,269,170,248,170,之
﻿248,170,269,170,269,191,248,191,兵
﻿248,191,269,191,269,211,248,211,不
﻿248,211,269,211,269,232,248,232,可
﻿248,232,269,232,269,253,248,253,與
﻿248,253,269,253,269,273,248,273,戰
﻿248,273,269,273,269,294,248,294,耶
﻿248,294,269,294,269,315,248,315,李
﻿248,315,269,315,269,335,248,335,賁
﻿248,335,269,335,269,356,248,356,亦
﻿248,356,269,356,269,377,248,377,中
﻿248,377,269,377,269,397,248,397,才
﻿248,397,269,397,269,418,248,418,之
﻿248,418,269,418,269,439,248,439,將
﻿215,65,240,65,240,85,215,85,其
﻿215,85,240,85,240,106,215,106,臨
﻿215,106,240,106,240,127,215,127,敵
﻿215,127,240,127,240,148,215,148,制
﻿215,148,240,148,240,168,215,168,勝
﻿215,168,240,168,240,189,215,189,不
﻿215,189,240,189,240,210,215,210,爲
﻿215,210,240,210,240,231,215,231,不
﻿215,231,240,231,240,252,215,252,能
﻿215,252,240,252,240,272,215,272,然
﻿215,272,240,272,240,293,215,293,卒
﻿215,293,240,293,240,314,215,314,以
﻿215,314,240,314,240,335,215,335,两
﻿215,335,240,335,240,355,215,355,敗
﻿215,355,240,355,240,376,215,376,身
﻿215,376,240,376,240,397,215,397,亡
﻿215,397,240,397,240,418,215,418,者
﻿215,418,240,418,240,439,215,439,盖
﻿187,65,211,65,211,85,187,85,不
﻿187,85,211,85,211,105,187,105,幸
﻿187,105,211,105,211,126,187,126,而
﻿187,126,211,126,211,146,187,146,遇
﻿187,146,211,146,211,166,187,166,陳
﻿187,166,211,166,211,187,187,187,覇
﻿187,187,211,187,211,207,187,207,先
﻿187,207,211,207,211,227,187,227,之
﻿187,227,211,227,211,248,187,248,善
﻿187,248,211,248,211,268,187,268,用
﻿187,268,211,268,211,288,187,288,兵
﻿187,288,211,288,211,309,187,309,也
﻿155,60,180,60,180,80,155,80,史
﻿155,80,180,80,180,101,155,101,臣
﻿155,101,180,101,180,122,155,122,鼯
﻿155,122,180,122,180,143,155,143,士
﻿155,143,180,143,180,164,155,164,連
﻿155,164,180,164,180,185,155,185,曰
﻿155,185,180,185,180,206,155,206,前
﻿155,206,180,206,180,227,155,227,南
﻿155,227,180,227,180,248,155,248,帝
﻿155,248,180,248,180,269,155,269,之
﻿155,269,180,269,180,290,155,290,𦥷
﻿155,290,180,290,180,311,155,311,兵
﻿155,311,180,311,180,332,155,332,除
﻿155,332,180,332,180,353,155,353,暴
﻿155,353,180,353,180,374,155,374,宜
﻿155,374,180,374,180,395,155,395,若
﻿155,395,180,395,180,416,155,416,順
﻿155,416,180,416,180,437,155,437,乎
﻿125,62,151,62,151,82,125,82,天
﻿125,82,151,82,151,103,125,103,矣
﻿125,103,151,103,151,124,125,124,然
﻿125,124,151,124,151,145,125,145,而
﻿125,145,151,145,151,166,125,166,卒
﻿125,166,151,166,151,187,125,187,𦤶
﻿125,187,151,187,151,207,125,207,敗
﻿125,207,151,207,151,228,125,228,亡
﻿125,228,151,228,151,249,125,249,者
﻿125,249,151,249,151,270,125,270,盖
﻿125,270,151,270,151,291,125,291,天
﻿125,291,151,291,151,312,125,312,未
﻿125,312,151,312,151,332,125,332,欲
﻿125,332,151,332,151,353,125,353,我
﻿125,353,151,353,151,374,125,374,國
﻿125,374,151,374,151,395,125,395,平
﻿125,395,151,395,151,416,125,416,治
﻿125,416,151,416,151,437,125,437,耶
﻿95,60,118,60,118,81,95,81,嗚
﻿95,81,118,81,118,102,95,102,呼
﻿95,102,118,102,118,123,95,123,非
﻿95,123,118,123,118,144,95,144,特
﻿95,144,118,144,118,165,95,165,遇
﻿95,165,118,165,118,186,95,186,覇
﻿95,186,118,186,118,207,95,207,先
﻿95,207,118,207,118,228,95,228,之
﻿95,228,118,228,118,249,95,249,善
﻿95,249,118,249,118,270,95,270,用
﻿95,270,118,270,118,291,95,291,兵
﻿95,291,118,291,118,312,95,312,又
﻿95,312,118,312,118,333,95,333,遭
﻿95,333,118,333,118,354,95,354,江
﻿95,354,118,354,118,375,95,375,水
﻿95,375,118,375,118,396,95,396,之
﻿95,396,118,396,118,417,95,417,暴
﻿95,417,118,417,118,439,95,439,涨
﻿67,59,88,59,88,79,67,79,以
﻿67,79,88,79,88,100,67,100,助
﻿67,100,88,100,88,120,67,120,其
﻿67,120,88,120,88,141,67,141,勢
﻿67,141,88,141,88,161,67,161,庸
﻿67,161,88,161,88,182,67,182,非
﻿67,182,88,182,88,202,67,202,天
﻿67,202,88,202,88,223,67,223,乎
﻿39,43,61,43,61,62,39,62,己
﻿39,62,61,62,61,81,39,81,巳
﻿39,81,61,81,61,100,39,100,二
﻿39,100,61,100,61,120,39,120,年
﻿50,124,63,124,63,143,50,143,梁
﻿50,143,63,143,63,163,50,163,太
﻿50,163,63,163,63,183,50,183,清
﻿37,125,49,125,49,144,37,144,三
﻿37,144,49,144,49,163,37,163,年
﻿37,184,59,184,59,204,37,204,王
﻿37,204,59,204,59,225,37,225,居
﻿37,225,59,225,59,246,37,246,澤
﻿37,246,59,246,59,267,37,267,中
﻿37,267,59,267,59,288,37,288,以
﻿37,288,59,288,59,309,37,309,梁
﻿37,309,59,309,59,330,37,330,兵
﻿37,330,59,330,59,351,37,351,不
﻿37,351,59,351,59,372,37,372,退
﻿37,372,59,372,59,393,37,393,之
﻿37,393,59,393,59,414,37,414,故
﻿37,414,59,414,59,435,37,435,焚
﻿7,43,32,43,32,63,7,63,香
﻿7,63,32,63,32,84,7,84,祈
﻿7,84,32,84,32,104,7,104,禱
﻿7,104,32,104,32,125,7,125,懇
﻿7,125,32,125,32,146,7,146,吿
﻿7,146,32,146,32,166,7,166,于
﻿7,166,32,166,32,187,7,187,天
﻿7,187,32,187,32,208,7,208,地
﻿7,208,32,208,32,228,7,228,神
﻿7,228,32,228,32,249,7,249,祇
﻿7,249,32,249,32,269,7,269,於
﻿7,269,32,269,32,290,7,290,是
﻿7,290,32,290,32,311,7,311,得
﻿7,311,32,311,32,331,7,331,龍
﻿7,331,32,331,32,352,7,352,爪
﻿7,352,32,352,32,373,7,373,兠
﻿7,373,32,373,32,393,7,393,鍪
﻿7,393,32,393,32,414,7,414,之
﻿7,414,32,414,32,435,7,435,瑞
