234,76,260,76,260,96,234,96,黎
﻿234,96,260,96,260,116,234,116,如
﻿234,116,260,116,260,137,234,137,璧
﻿234,137,260,137,260,157,234,157,黎
﻿234,157,260,157,260,177,234,177,伯
﻿234,177,260,177,260,198,234,198,造
﻿234,198,260,198,260,218,234,218,何
﻿234,218,260,218,260,239,234,239,公
﻿234,239,260,239,260,259,234,259,僚
﻿234,259,260,259,260,279,234,279,黎
﻿234,279,260,279,260,300,234,300,宗
﻿234,300,260,300,260,320,234,320,舍
﻿234,320,260,320,260,341,234,341,阮
﻿234,341,260,341,260,361,234,361,暠
﻿234,361,260,361,260,381,234,381,等
﻿234,381,260,381,260,402,234,402,布
﻿234,402,260,402,260,422,234,422,列
﻿234,422,260,422,260,443,234,443,营
﻿204,75,229,75,229,95,204,95,寨
﻿204,95,229,95,229,115,204,115,分
﻿204,115,229,115,229,135,204,135,置
﻿204,135,229,135,229,156,204,156,奇
﻿204,156,229,156,229,176,204,176,隊
﻿204,176,229,176,229,196,204,196,部
﻿204,196,229,196,229,216,204,216,伍
﻿204,216,229,216,229,237,204,237,起
﻿204,237,229,237,229,257,204,257,砲
﻿204,257,229,257,229,277,204,277,令
﻿204,277,229,277,229,298,204,298,揚
﻿204,298,229,298,229,318,204,318,旗
﻿204,318,229,318,229,338,204,338,號
﻿204,338,229,338,229,358,204,358,屯
﻿204,358,229,358,229,379,204,379,兵
﻿204,379,229,379,229,399,204,399,馬
﻿204,399,229,399,229,419,204,419,江
﻿204,419,229,419,229,440,204,440,於
﻿173,77,200,77,200,97,173,97,是
﻿173,97,200,97,200,117,173,117,遠
﻿173,117,200,117,200,137,173,137,𣂷
﻿173,137,200,137,200,157,173,157,豪
﻿173,157,200,157,200,177,173,177,傑
﻿173,177,200,177,200,198,173,198,咸
﻿173,198,200,198,200,218,173,218,以
﻿173,218,200,218,200,238,173,238,為
﻿173,238,200,238,200,258,173,258,黎
﻿173,258,200,258,200,278,173,278,氏
﻿173,278,200,278,200,298,173,298,復
﻿173,298,200,298,200,319,173,319,興
﻿173,319,200,319,200,339,173,339,相
﻿173,339,200,339,200,359,173,359,與
﻿173,359,200,359,200,379,173,379,奮
﻿173,379,200,379,200,399,173,399,𭛁
﻿173,399,200,399,200,419,173,419,趍
﻿173,419,200,419,200,440,173,440,附
﻿145,75,167,75,167,95,145,95,不
﻿145,95,167,95,167,116,145,116,數
﻿145,116,167,116,167,136,145,136,年
﻿145,136,167,136,167,157,145,157,間
﻿145,157,167,157,167,177,145,177,軍
﻿145,177,167,177,167,198,145,198,聲
﻿145,198,167,198,167,218,145,218,大
﻿145,218,167,218,167,239,145,239,振
﻿113,77,139,77,139,97,113,97,三
﻿113,97,139,97,139,117,113,117,月
﻿113,117,139,117,139,137,113,137,大
﻿113,137,139,137,139,157,113,157,旱
﻿113,157,139,157,139,177,113,177,蝗
﻿113,177,139,177,139,198,113,198,䖝
﻿113,198,139,198,139,218,113,218,禾
﻿113,218,139,218,139,238,113,238,榖
﻿113,238,139,238,139,258,113,258,枯
﻿113,258,139,258,139,278,113,278,死
﻿113,278,139,278,139,298,113,298,至
﻿113,298,139,298,139,319,113,319,六
﻿113,319,139,319,139,339,113,339,月
﻿113,339,139,339,139,359,113,359,下
﻿113,359,139,359,139,379,113,379,旬
﻿113,379,139,379,139,399,113,399,始
﻿113,399,139,399,139,420,113,420,雨
﻿85,76,108,76,108,96,85,96,夏
﻿85,96,108,96,108,116,85,116,四
﻿85,116,108,116,108,136,85,136,月
﻿85,136,108,136,108,156,85,156,登
﻿85,156,108,156,108,177,85,177,庸
﻿85,177,108,177,108,197,85,197,自
﻿85,197,108,197,108,217,85,217,督
﻿85,217,108,217,108,237,85,237,始
﻿85,237,108,237,108,258,85,258,步
﻿85,258,108,258,108,278,85,278,數
﻿85,278,108,278,108,298,85,298,萬
﻿85,298,108,298,108,318,85,318,擊
﻿85,318,108,318,108,338,85,338,黎
﻿85,338,108,338,108,359,85,359,意
﻿85,359,108,359,108,379,85,379,于
﻿85,379,108,379,108,399,85,399,馬
﻿85,399,108,399,108,419,85,419,江
﻿85,419,108,419,108,440,85,440,登
﻿57,75,80,75,80,95,57,95,庸
﻿57,95,80,95,80,115,57,115,兵
﻿57,115,80,115,80,135,57,135,數
﻿57,135,80,135,80,156,57,156,敗
﻿57,156,80,156,80,176,57,176,乃
﻿57,176,80,176,80,196,57,196,退
﻿57,196,80,196,80,216,57,216,回
﻿57,216,80,216,80,237,57,237,京
﻿57,237,80,237,80,257,57,257,師
﻿57,257,80,257,80,277,57,277,留
﻿57,277,80,277,80,298,57,298,其
﻿57,298,80,298,80,318,57,318,太
﻿57,318,80,318,80,338,57,338,師
﻿57,338,80,338,80,358,57,358,麟
﻿57,358,80,358,80,379,57,379,國
﻿57,379,80,379,80,399,57,399,公
﻿57,399,80,399,80,419,57,419,莫
﻿57,419,80,419,80,440,57,440,國
﻿27,72,50,72,50,92,27,92,楨
﻿27,92,50,92,50,112,27,112,等
﻿27,112,50,112,50,133,27,133,鎮
﻿27,133,50,133,50,153,27,153,守
﻿27,153,50,153,50,174,27,174,華
﻿27,174,50,174,50,194,27,194,林
﻿27,194,50,194,50,215,27,215,營
﻿27,215,50,215,50,235,27,235,後
﻿27,235,50,235,50,255,27,255,國
﻿27,255,50,255,50,276,27,276,楨
﻿27,276,50,276,50,296,27,296,退
﻿27,296,50,296,50,317,27,317,守
﻿27,317,50,317,50,337,27,337,宋
﻿27,337,50,337,50,358,27,358,江
﻿2,74,23,74,23,94,2,94,秋
﻿2,94,23,94,23,114,2,114,七
﻿2,114,23,114,23,135,2,135,月
﻿2,135,23,135,23,155,2,155,黎
﻿2,155,23,155,23,175,2,175,意
﻿2,175,23,175,23,196,2,196,進
﻿2,196,23,196,23,216,2,216,屯
﻿2,216,23,216,23,237,2,237,西
﻿2,237,23,237,23,257,2,257,都
﻿2,257,23,257,23,277,2,277,城
﻿2,277,23,277,23,298,2,298,立
﻿2,298,23,298,23,318,2,318,行
﻿2,318,23,318,23,339,2,339,營
﻿2,339,23,339,23,359,2,359,于
﻿2,359,23,359,23,379,2,379,義
﻿2,379,23,379,23,400,2,400,路
﻿2,400,23,400,23,420,2,420,江
﻿2,420,23,420,23,441,2,441,時
