248,36,273,36,273,57,248,57,候
﻿248,57,273,57,273,78,248,78,命
﻿248,78,273,78,273,99,248,99,𭁈
﻿248,99,273,99,273,120,248,120,廣
﻿248,120,273,120,273,142,248,142,郡
﻿248,142,273,142,273,163,248,163,公
﻿248,163,273,163,273,184,248,184,鄭
﻿248,184,273,184,273,205,248,205,永
﻿248,205,273,205,273,227,248,227,禄
﻿248,227,273,227,273,248,248,248,賫
﻿248,248,273,248,273,269,248,269,金
﻿248,269,273,269,273,290,248,290,銀
﻿248,290,273,290,273,311,248,311,人
﻿248,311,273,311,273,333,248,333,二
﻿248,333,273,333,273,354,248,354,軀
﻿248,354,273,354,273,375,248,375,及
﻿248,375,273,375,273,396,248,396,諸
﻿248,396,273,396,273,418,248,418,貢
﻿218,33,241,33,241,54,218,54,物
﻿218,54,241,54,241,75,218,75,就
﻿218,75,241,75,241,96,218,96,諒
﻿218,96,241,96,241,118,218,118,山
﻿218,118,241,118,241,139,218,139,城
﻿218,139,241,139,241,160,218,160,以
﻿218,160,241,160,241,181,218,181,候
﻿218,181,241,181,241,203,218,203,明
﻿218,203,241,203,241,224,218,224,人
﻿218,224,241,224,241,245,218,245,會
﻿218,245,241,245,241,267,218,267,勘
﻿218,267,241,267,241,288,218,288,時
﻿218,288,241,288,241,309,218,309,明
﻿218,309,241,309,241,330,218,330,龍
﻿218,330,241,330,241,352,218,352,州
﻿218,352,241,352,241,373,218,373,土
﻿218,373,241,373,241,394,218,394,官
﻿218,394,241,394,241,416,218,416,多
﻿186,36,210,36,210,57,186,57,受
﻿186,57,210,57,210,78,186,78,莫
﻿186,78,210,78,210,99,186,99,黨
﻿186,99,210,99,210,120,186,120,賄
﻿186,120,210,120,210,141,186,141,賂
﻿186,141,210,141,210,162,186,162,因
﻿186,162,210,162,210,183,186,183,𭁈
﻿186,183,210,183,210,204,186,204,結
﻿186,204,210,204,210,225,186,225,連
﻿186,225,210,225,210,246,186,246,退
﻿186,246,210,246,210,267,186,267,托
﻿186,267,210,267,210,288,186,288,事
﻿186,288,210,288,210,309,186,309,未
﻿186,309,210,309,210,330,186,330,果
﻿186,330,210,330,210,351,186,351,就
﻿186,351,210,351,210,372,186,372,更
﻿186,372,210,372,210,393,186,393,值
﻿186,393,210,393,210,414,186,414,正
﻿155,35,176,35,176,56,155,56,旦
﻿155,56,176,56,176,78,155,78,節
﻿155,78,176,78,176,99,155,99,杜
﻿155,99,176,99,176,121,155,121,汪
﻿155,121,176,121,176,143,155,143,鄭
﻿155,143,176,143,176,164,155,164,永
﻿155,164,176,164,176,186,155,186,禄
﻿155,186,176,186,176,208,155,208,等
﻿155,208,176,208,176,229,155,229,復
﻿155,229,176,229,176,251,155,251,還
﻿155,251,176,251,176,273,155,273,京
﻿124,16,147,16,147,37,124,37,丁
﻿124,37,147,37,147,58,124,58,酉
﻿124,58,147,58,147,79,124,79,二
﻿124,79,147,79,147,100,124,100,十
﻿124,100,147,100,147,122,124,122,年
﻿135,123,150,123,150,142,135,142,明
﻿135,142,150,142,150,162,135,162,萬
﻿135,162,150,162,150,182,135,182,曆
﻿121,122,134,122,134,137,121,137,二
﻿121,137,134,137,134,153,121,153,二
﻿121,153,134,153,134,169,121,169,十
﻿121,169,134,169,134,185,121,185,五
﻿123,187,146,187,146,207,123,207,年
﻿123,207,146,207,146,228,123,228,月
﻿123,228,146,228,146,249,123,249,初
﻿123,249,146,249,146,270,123,270,十
﻿123,270,146,270,146,291,123,291,日
﻿123,291,146,291,146,311,123,311,命
﻿123,311,146,311,146,332,123,332,奉
﻿123,332,146,332,146,353,123,353,天
﻿123,353,146,353,146,374,123,374,府
﻿123,374,146,374,146,395,123,395,尹
﻿123,395,146,395,146,416,123,416,具
﻿93,31,116,31,116,52,93,52,設
﻿93,52,116,52,116,74,93,74,牲
﻿93,74,116,74,116,96,93,96,醴
﻿93,96,116,96,116,118,93,118,祭
﻿93,118,116,118,116,139,93,139,明
﻿93,139,116,139,116,161,93,161,康
﻿93,161,116,161,116,183,93,183,太
﻿93,183,116,183,116,205,93,205,王
﻿93,205,116,205,116,227,93,227,廟
﻿62,34,83,34,83,55,62,55,十
﻿62,55,83,55,83,76,62,76,九
﻿62,76,83,76,83,97,62,97,日
﻿62,97,83,97,83,118,62,118,差
﻿62,118,83,118,83,140,62,140,候
﻿62,140,83,140,83,161,62,161,命
﻿62,161,83,161,83,182,62,182,官
﻿62,182,83,182,83,203,62,203,杜
﻿62,203,83,203,83,225,62,225,汪
﻿62,225,83,225,83,246,62,246,阮
﻿62,246,83,246,83,267,62,267,文
﻿62,267,83,267,83,288,62,288,皆
﻿62,288,83,288,83,309,62,309,等
﻿62,309,83,309,83,331,62,331,復
﻿62,331,83,331,83,352,62,352,至
﻿62,352,83,352,83,373,62,373,諒
﻿62,373,83,373,83,394,62,394,山
﻿62,394,83,394,83,416,62,416,鎮
﻿31,35,53,35,53,56,31,56,南
﻿31,56,53,56,53,77,31,77,交
﻿31,77,53,77,53,98,31,98,䦕
﻿31,98,53,98,53,119,31,119,探
﻿31,119,53,119,53,140,31,140,明
﻿31,140,53,140,53,162,31,162,人
﻿31,162,53,162,53,183,31,183,消
﻿31,183,53,183,53,204,31,204,息
﻿31,204,53,204,53,225,31,225,遣
﻿31,225,53,225,53,246,31,246,北
﻿31,246,53,246,53,267,31,267,道
﻿31,267,53,267,53,289,31,289,将
﻿31,289,53,289,53,310,31,310,淳
﻿31,310,53,310,53,331,31,331,郡
﻿31,331,53,331,53,352,31,352,公
﻿31,352,53,352,53,373,31,373,陳
﻿31,373,53,373,53,394,31,394,德
﻿31,394,53,394,53,416,31,416,惠
﻿5,33,24,33,24,54,5,54,𭁈
﻿5,54,24,54,24,75,5,75,會
﻿5,75,24,75,24,96,5,96,郡
﻿5,96,24,96,24,117,5,117,公
﻿5,117,24,117,24,138,5,138,宏
﻿5,138,24,138,24,159,5,159,郡
﻿5,159,24,159,24,181,5,181,公
﻿11,184,26,184,26,204,11,204,並
﻿11,204,26,204,26,225,11,225,名
﻿4,185,10,185,10,202,4,202,缺
﻿3,226,22,226,22,246,3,246,等
﻿3,246,22,246,22,267,3,267,領
﻿3,267,22,267,22,288,3,288,兵
﻿3,288,22,288,22,309,3,309,護
﻿3,309,22,309,22,330,3,330,送
﻿3,330,22,330,22,351,3,351,及
﻿3,351,22,351,22,372,3,372,至
﻿3,372,22,372,22,393,3,393,諒
﻿3,393,22,393,22,414,3,414,山
