255,16,282,16,282,36,255,36,儔
﻿255,36,282,36,282,57,255,57,敢
﻿255,57,282,57,282,78,255,78,逞
﻿255,78,282,78,282,98,255,98,狗
﻿255,98,282,98,282,119,255,119,偷
﻿255,119,282,119,282,140,255,140,之
﻿255,140,282,140,282,160,255,160,態
﻿255,160,282,160,282,181,255,181,抵
﻿255,181,282,181,282,202,255,202,虚
﻿255,202,282,202,282,222,255,222,投
﻿255,222,282,222,282,243,255,243,隙
﻿255,243,282,243,282,264,255,264,潜
﻿255,264,282,264,282,284,255,284,驅
﻿255,284,282,284,282,305,255,305,烏
﻿255,305,282,305,282,326,255,326,合
﻿255,326,282,326,282,346,255,346,之
﻿255,346,282,346,282,367,255,367,徒
﻿255,367,282,367,282,388,255,388,攻
﻿255,388,282,388,282,409,255,409,刼
﻿225,16,253,16,253,36,225,36,化
﻿225,36,253,36,253,57,225,57,州
﻿225,57,253,57,253,78,225,78,䖍
﻿225,78,253,78,253,98,225,98,刘
﻿225,98,253,98,253,119,225,119,屯
﻿225,119,253,119,253,140,225,140,戍
﻿225,140,253,140,253,160,225,160,滔
﻿225,160,253,160,253,181,225,181,天
﻿225,181,253,181,253,202,225,202,之
﻿225,202,253,202,253,222,225,222,逆
﻿225,222,253,222,253,243,225,243,踰
﻿225,243,253,243,253,264,225,264,月
﻿225,264,253,264,253,284,225,284,而
﻿225,284,253,284,253,305,225,305,平
﻿225,305,253,305,253,326,225,326,計
﻿225,326,253,326,253,346,225,346,已
﻿225,346,253,346,253,367,225,367,不
﻿225,367,253,367,253,388,225,388,行
﻿225,388,253,388,253,409,225,409,謀
﻿196,17,222,17,222,37,196,37,之
﻿196,37,222,37,222,58,196,58,更
﻿196,58,222,58,222,78,196,78,拙
﻿196,78,222,78,222,99,196,99,死
﻿196,99,222,99,222,119,196,119,期
﻿196,119,222,119,222,140,196,140,将
﻿196,140,222,140,222,160,196,160,至
﻿196,160,222,160,222,181,196,181,足
﻿196,181,222,181,222,201,196,201,以
﻿196,201,222,201,222,222,196,222,滅
﻿196,222,222,222,222,242,196,242,身
﻿196,242,222,242,222,263,196,263,𦕈
﻿196,263,222,263,222,283,196,283,視
﻿196,283,222,283,222,304,196,304,不
﻿196,304,222,304,222,324,196,324,明
﻿196,324,222,324,222,345,196,345,𭛁
﻿196,345,222,345,222,365,196,365,有
﻿196,365,222,365,222,386,196,386,逸
﻿196,386,222,386,222,407,196,407,口
﻿165,17,193,17,193,37,165,37,計
﻿165,37,193,37,193,58,165,58,󰠃
﻿165,58,193,58,193,79,165,79,辝
﻿165,79,193,79,193,99,165,99,遁
﻿165,99,193,99,193,120,165,120,將
﻿165,120,193,120,193,141,165,141,叛
﻿165,141,193,141,193,161,165,161,辝
﻿165,161,193,161,193,182,165,182,慚
﻿165,182,193,182,193,203,165,203,作
﻿165,203,193,203,193,223,165,223,孤
﻿165,223,193,223,193,244,165,244,媚
﻿165,244,193,244,193,265,165,265,於
﻿165,265,193,265,193,285,165,285,燕
﻿165,285,193,285,193,306,165,306,京
﻿165,306,193,306,193,327,165,327,笙
﻿165,327,193,327,193,347,165,347,簧
﻿165,347,193,347,193,368,165,368,行
﻿165,368,193,368,193,389,165,389,譖
﻿165,389,193,389,193,410,165,410,人
﻿135,15,163,15,163,35,135,35,之
﻿135,35,163,35,163,56,135,56,計
﻿135,56,163,56,163,77,135,77,萌
﻿135,77,163,77,163,97,135,97,蚕
﻿135,97,163,97,163,118,135,118,食
﻿135,118,163,118,163,139,135,139,於
﻿135,139,163,139,163,159,135,159,象
﻿135,159,163,159,163,180,135,180,郡
﻿135,180,163,180,163,201,135,201,復
﻿135,201,163,201,163,221,135,221,背
﻿135,221,163,221,163,242,135,242,陷
﻿135,242,163,242,163,263,135,263,受
﻿135,263,163,263,163,283,135,283,敵
﻿135,283,163,283,163,304,135,304,之
﻿135,304,163,304,163,325,135,325,危
﻿135,325,163,325,163,345,135,345,求
﻿135,345,163,345,163,366,135,366,銅
﻿135,366,163,366,163,387,135,387,柱
﻿135,387,163,387,163,408,135,408,立
﻿104,16,132,16,132,36,104,36,於
﻿104,36,132,36,132,57,104,57,横
﻿104,57,132,57,132,78,104,78,山
﻿104,78,132,78,132,98,104,98,令
﻿104,98,132,98,132,119,104,119,漢
﻿104,119,132,119,132,140,104,140,兵
﻿104,140,132,140,132,160,104,160,下
﻿104,160,132,160,132,181,104,181,於
﻿104,181,132,181,132,202,104,202,𭶚
﻿104,202,132,202,132,222,104,222,道
﻿104,222,132,222,132,243,104,243,薄
﻿104,243,132,243,132,264,104,264,言
﻿104,264,132,264,132,284,104,284,徃
﻿104,284,132,284,132,305,104,305,愬
﻿104,305,132,305,132,326,104,326,胡
﻿104,326,132,326,132,346,104,346,𢡚
﻿104,346,132,346,132,367,104,367,莫
﻿104,367,132,367,132,388,104,388,懲
﻿104,388,132,388,132,409,104,409,更
﻿74,15,102,15,102,35,74,35,誣
﻿74,35,102,35,102,56,74,56,我
﻿74,56,102,56,102,77,74,77,以
﻿74,77,102,77,102,97,74,97,籍
﻿74,97,102,97,102,118,74,118,萬
﻿74,118,102,118,102,139,74,139,兵
﻿74,139,102,139,102,159,74,159,将
﻿74,159,102,159,102,180,74,180,併
﻿74,180,102,180,102,201,74,201,北
﻿74,201,102,201,102,221,74,221,朝
﻿74,221,102,221,102,242,74,242,之
﻿74,242,102,242,102,263,74,263,境
﻿74,263,102,263,102,283,74,283,宇
﻿74,283,102,283,102,304,74,304,繼
﻿74,304,102,304,102,325,74,325,言
﻿74,325,102,325,102,345,74,345,我
﻿74,345,102,345,102,366,74,366,如
﻿74,366,102,366,102,387,74,387,天
﻿74,387,102,387,102,408,74,408,二
﻿46,16,72,16,72,36,46,36,日
﻿46,36,72,36,72,57,46,57,自
﻿46,57,72,57,72,77,46,77,尊
﻿46,77,72,77,72,98,46,98,南
﻿46,98,72,98,72,118,46,118,國
﻿46,118,72,118,72,139,46,139,之
﻿46,139,72,139,72,160,46,160,帝
﻿46,160,72,160,72,180,46,180,皇
﻿46,180,72,180,72,201,46,201,謂
﻿46,201,72,201,72,221,46,221,我
﻿46,221,72,221,72,242,46,242,奪
﻿46,242,72,242,72,262,46,262,金
﻿46,262,72,262,72,283,46,283,寶
﻿46,283,72,283,72,304,46,304,貢
﻿46,304,72,304,72,324,46,324,珍
﻿46,324,72,324,72,345,46,345,謂
﻿46,345,72,345,72,365,46,365,我
﻿46,365,72,365,72,386,46,386,争
﻿46,386,72,386,72,407,46,407,白
﻿15,16,41,16,41,36,15,36,花
﻿15,36,41,36,41,57,15,57,母
﻿15,57,41,57,41,77,15,77,象
﻿15,77,41,77,41,98,15,98,視
﻿15,98,41,98,41,118,15,118,吾
﻿15,118,41,118,41,139,15,139,民
﻿15,139,41,139,41,160,15,160,甚
﻿15,160,41,160,41,180,15,180,輕
﻿15,180,41,180,41,201,15,201,於
﻿15,201,41,201,41,221,15,221,草
﻿15,221,41,221,41,242,15,242,芥
﻿15,242,41,242,41,262,15,262,忍
﻿15,262,41,262,41,283,15,283,生
﻿15,283,41,283,41,304,15,304,沙
﻿15,304,41,304,41,324,15,324,蟲
﻿15,324,41,324,41,345,15,345,之
﻿15,345,41,345,41,365,15,365,心
﻿15,365,41,365,41,386,15,386,指
﻿15,386,41,386,41,407,15,407,我
