261,38,283,38,283,58,261,58,一
﻿261,58,283,58,283,78,261,78,縣
﻿261,78,283,78,283,99,261,99,乎
﻿261,99,283,99,283,119,261,119,再
﻿261,119,283,119,283,139,261,139,下
﻿261,139,283,139,283,160,261,160,對
﻿261,160,283,160,283,180,261,180,断
﻿261,180,283,180,283,200,261,200,死
﻿261,200,283,200,283,221,261,221,罪
﻿232,13,251,13,251,33,232,33,庚
﻿232,33,251,33,251,54,232,54,午
﻿232,54,251,54,251,74,232,74,八
﻿232,74,251,74,251,95,232,95,年
﻿243,97,258,97,258,116,243,116,明
﻿243,116,258,116,258,135,243,135,恭
﻿243,135,258,135,258,155,243,155,宗
﻿230,97,242,97,242,116,230,116,景
﻿230,116,242,116,242,136,230,136,泰
﻿230,136,242,136,242,156,230,156,元
﻿230,156,242,156,242,176,230,176,?
﻿231,181,253,181,253,201,231,201,春
﻿231,201,253,201,253,221,231,221,三
﻿231,221,253,221,253,242,231,242,月
﻿231,242,253,242,253,262,231,262,放
﻿231,262,253,262,253,282,231,282,黎
﻿231,282,253,282,253,303,231,303,列
﻿231,303,253,303,253,323,231,323,妻
﻿231,323,253,323,253,343,231,343,子
﻿231,343,253,343,253,364,231,364,於
﻿231,364,253,364,253,384,231,384,天
﻿231,384,253,384,253,405,231,405,牢
﻿201,35,223,35,223,55,201,55,秋
﻿201,55,223,55,223,76,201,76,七
﻿201,76,223,76,223,96,201,96,月
﻿201,96,223,96,223,117,201,117,明
﻿201,117,223,117,223,138,201,138,以
﻿201,138,223,138,223,158,201,158,李
﻿201,158,223,158,223,179,201,179,實
﻿201,179,223,179,223,199,201,199,充
﻿201,199,223,199,223,220,201,220,正
﻿201,220,223,220,223,241,201,241,使
﻿201,241,223,241,223,261,201,261,偕
﻿201,261,223,261,223,282,201,282,北
﻿201,282,223,282,223,302,201,302,虜
﻿201,302,223,302,223,323,201,323,使
﻿201,323,223,323,223,344,201,344,北
﻿201,344,223,344,223,364,201,364,行
﻿201,364,223,364,223,385,201,385,十
﻿201,385,223,385,223,406,201,406,五
﻿171,35,193,35,193,55,171,55,日
﻿171,55,193,55,193,76,171,76,實
﻿171,76,193,76,193,96,171,96,等
﻿171,96,193,96,193,117,171,117,見
﻿171,117,193,117,193,137,171,137,明
﻿171,137,193,137,193,158,171,158,英
﻿171,158,193,158,193,178,171,178,宗
﻿171,178,193,178,193,199,171,199,泣
﻿171,199,193,199,193,220,171,220,下
﻿171,220,193,220,193,240,171,240,行
﻿171,240,193,240,193,261,171,261,拜
﻿171,261,193,261,193,281,171,281,禮
﻿171,281,193,281,193,302,171,302,󰍶
﻿171,302,193,302,193,322,171,322,見
﻿171,322,193,322,193,343,171,343,英
﻿171,343,193,343,193,363,171,363,宗
﻿171,363,193,363,193,384,171,384,所
﻿171,384,193,384,193,405,171,405,居
﻿141,34,163,34,163,54,141,54,皮
﻿141,54,163,54,163,75,141,75,帳
﻿141,75,163,75,163,95,141,95,布
﻿141,95,163,95,163,116,141,116,幃
﻿141,116,163,116,163,136,141,136,蓆
﻿141,136,163,136,163,157,141,157,地
﻿141,157,163,157,163,177,141,177,而
﻿141,177,163,177,163,198,141,198,寢
﻿141,198,163,198,163,219,141,219,因
﻿141,219,163,219,163,239,141,239,奏
﻿141,239,163,239,163,260,141,260,今
﻿141,260,163,260,163,280,141,280,陛
﻿141,280,163,280,163,301,141,301,下
﻿141,301,163,301,163,321,141,321,服
﻿141,321,163,321,163,342,141,342,食
﻿141,342,163,342,163,362,141,362,粗
﻿141,362,163,362,163,383,141,383,陋
﻿141,383,163,383,163,404,141,404,不
﻿109,31,132,31,132,51,109,51,堪
﻿109,51,132,51,132,72,109,72,因
﻿109,72,132,72,132,93,109,93,極
﻿109,93,132,93,132,114,109,114,言
﻿109,114,132,114,132,135,109,135,王
﻿109,135,132,135,132,156,109,156,振
﻿109,156,132,156,132,177,109,177,寵
﻿109,177,132,177,132,198,109,198,之
﻿109,198,132,198,132,219,109,219,太
﻿109,219,132,219,132,239,109,239,甚
﻿109,239,132,239,132,260,109,260,以
﻿109,260,132,260,132,281,109,281,至
﻿109,281,132,281,132,302,109,302,陛
﻿109,302,132,302,132,323,109,323,下
﻿109,323,132,323,132,344,109,344,𫎇
﻿109,344,132,344,132,365,109,365,塵
﻿109,365,132,365,132,386,109,386,之
﻿109,386,132,386,132,407,109,407,禍
﻿80,31,102,31,102,51,80,51,英
﻿80,51,102,51,102,72,80,72,宗
﻿80,72,102,72,102,93,80,93,曰
﻿80,93,102,93,102,114,80,114,朕
﻿80,114,102,114,102,135,80,135,今
﻿80,135,102,135,102,156,80,156,悔
﻿80,156,102,156,102,177,80,177,何
﻿80,177,102,177,102,198,80,198,及
﻿80,198,102,198,102,219,80,219,實
﻿80,219,102,219,102,239,80,239,即
﻿80,239,102,239,102,260,80,260,事
﻿80,260,102,260,102,281,80,281,賦
﻿80,281,102,281,102,302,80,302,一
﻿80,302,102,302,102,323,80,323,詩
﻿80,323,102,323,102,344,80,344,云
﻿80,344,102,344,102,365,80,365,重
﻿80,365,102,365,102,386,80,386,整
﻿80,386,102,386,102,407,80,407,衣
﻿50,35,73,35,73,55,50,55,冠
﻿50,55,73,55,73,76,50,76,拜
﻿50,76,73,76,73,96,50,96,上
﻿50,96,73,96,73,117,50,117,皇
﻿50,117,73,117,73,138,50,138,偶
﻿50,138,73,138,73,158,50,158,聞
﻿50,158,73,158,73,179,50,179,天
﻿50,179,73,179,73,199,50,199,語
﻿50,199,73,199,73,220,50,220,重
﻿50,220,73,220,73,241,50,241,凄
﻿50,241,73,241,73,261,50,261,凉
﻿50,261,73,261,73,282,50,282,腥
﻿50,282,73,282,73,302,50,302,膻
﻿50,302,73,302,73,323,50,323,克
﻿50,323,73,323,73,344,50,344,復
﻿50,344,73,344,73,364,50,364,非
﻿50,364,73,364,73,385,50,385,天
﻿50,385,73,385,73,406,50,406,祿
﻿18,32,41,32,41,52,18,52,草
﻿18,52,41,52,41,73,18,73,野
﻿18,73,41,73,41,94,18,94,為
﻿18,94,41,94,41,115,18,115,君
﻿18,115,41,115,41,136,18,136,異
﻿18,136,41,136,41,157,18,157,帝
﻿18,157,41,157,41,178,18,178,鄕
﻿18,178,41,178,41,199,18,199,始
﻿18,199,41,199,41,220,18,220,信
﻿18,220,41,220,41,241,18,241,奸
﻿18,241,41,241,41,262,18,262,臣
﻿18,262,41,262,41,283,18,283,移
﻿18,283,41,283,41,304,18,304,國
﻿18,304,41,304,41,325,18,325,柄
﻿18,325,41,325,41,346,18,346,終
﻿18,346,41,346,41,367,18,367,教
﻿18,367,41,367,41,388,18,388,胡
﻿18,388,41,388,41,409,18,409,虜
