265,24,287,24,287,45,265,45,帝
﻿265,45,287,45,287,66,265,66,神
﻿265,66,287,66,287,87,265,87,宗
﻿265,87,287,87,287,108,265,108,淵
﻿265,108,287,108,287,129,265,129,皇
﻿265,129,287,129,287,150,265,150,帝
﻿265,150,287,150,287,171,265,171,之
﻿265,171,287,171,287,192,265,192,次
﻿265,192,287,192,287,213,265,213,子
﻿265,213,287,213,287,234,265,234,適
﻿265,234,287,234,287,255,265,255,值
﻿265,255,287,255,287,276,265,276,先
﻿265,276,287,276,287,297,265,297,帝
﻿265,297,287,297,287,318,265,318,於
﻿265,318,287,318,287,339,265,339,倦
﻿265,339,287,339,287,360,265,360,勤
﻿265,360,287,360,287,381,265,381,之
﻿265,381,287,381,287,403,265,403,日
﻿237,25,260,25,260,46,237,46,甫
﻿237,46,260,46,260,67,237,67,初
﻿237,67,260,67,260,88,237,88,二
﻿237,88,260,88,260,109,237,109,歲
﻿237,109,260,109,260,131,237,131,奉
﻿237,131,260,131,260,152,237,152,囑
﻿237,152,260,152,260,173,237,173,託
﻿237,173,260,173,260,194,237,194,阿
﻿237,194,260,194,260,216,237,216,保
﻿237,216,260,216,260,237,237,237,鞠
﻿237,237,260,237,260,258,237,258,育
﻿237,258,260,258,260,279,237,279,于
﻿237,279,260,279,260,300,237,300,府
﻿237,300,260,300,260,322,237,322,中
﻿237,322,260,322,260,343,237,343,蒙
﻿237,343,260,343,260,364,237,364,養
﻿237,364,260,364,260,385,237,385,匡
﻿237,385,260,385,260,407,237,407,救
﻿205,28,230,28,230,48,205,48,教
﻿205,48,230,48,230,69,205,69,導
﻿205,69,230,69,230,90,205,90,誘
﻿205,90,230,90,230,111,205,111,掖
﻿205,111,230,111,230,132,205,132,正
﻿205,132,230,132,230,153,205,153,言
﻿205,153,230,153,230,174,205,174,正
﻿205,174,230,174,230,195,205,195,道
﻿205,195,230,195,230,216,205,216,日
﻿205,216,230,216,230,237,205,237,使
﻿205,237,230,237,230,258,205,258,聞
﻿205,258,230,258,230,279,205,279,行
﻿205,279,230,279,230,300,205,300,兹
﻿205,300,230,300,230,321,205,321,年
﻿205,321,230,321,230,342,205,342,十
﻿205,342,230,342,230,363,205,363,有
﻿205,363,230,363,230,384,205,384,一
﻿205,384,230,384,230,405,205,405,德
﻿173,25,199,25,199,46,173,46,年
﻿173,46,199,46,199,67,173,67,俱
﻿173,67,199,67,199,88,173,88,長
﻿173,88,199,88,199,109,173,109,賢
﻿173,109,199,109,199,130,173,130,孝
﻿173,130,199,130,199,151,173,151,夙
﻿173,151,199,151,199,172,173,172,聞
﻿173,172,199,172,199,193,173,193,可
﻿173,193,199,193,199,215,173,215,承
﻿173,215,199,215,199,236,173,236,大
﻿173,236,199,236,199,257,173,257,統
﻿173,257,199,257,199,278,173,278,應
﻿173,278,199,278,199,299,173,299,尊
﻿173,299,199,299,199,320,173,320,立
﻿173,320,199,320,199,341,173,341,即
﻿173,341,199,341,199,362,173,362,皇
﻿173,362,199,362,199,383,173,383,帝
﻿173,383,199,383,199,405,173,405,位
﻿143,29,167,29,167,49,143,49,以
﻿143,49,167,49,167,70,143,70,副
﻿143,70,167,70,167,91,143,91,天
﻿143,91,167,91,167,112,143,112,下
﻿143,112,167,112,167,132,143,132,臣
﻿143,132,167,132,167,153,143,153,民
﻿143,153,167,153,167,174,143,174,之
﻿143,174,167,174,167,195,143,195,望
﻿143,195,167,195,167,216,143,216,節
﻿143,216,167,216,167,236,143,236,制
﻿143,236,167,236,167,257,143,257,府
﻿143,257,167,257,167,278,143,278,暨
﻿143,278,167,278,167,299,143,299,大
﻿143,299,167,299,167,319,143,319,臣
﻿143,319,167,319,167,340,143,340,文
﻿143,340,167,340,167,361,143,361,武
﻿143,361,167,361,167,382,143,382,百
﻿143,382,167,382,167,403,143,403,官
﻿113,26,137,26,137,47,113,47,等
﻿113,47,137,47,137,68,113,68,當
﻿113,68,137,68,137,89,113,89,體
﻿113,89,137,89,137,110,113,110,我
﻿113,110,137,110,137,131,113,131,至
﻿113,131,137,131,137,152,113,152,意
﻿113,152,137,152,137,173,113,173,同
﻿113,173,137,173,137,194,113,194,心
﻿113,194,137,194,137,215,113,215,修
﻿113,215,137,215,137,236,113,236,輔
﻿113,236,137,236,137,257,113,257,夙
﻿113,257,137,257,137,278,113,278,夜
﻿113,278,137,278,137,299,113,299,祗
﻿113,299,137,299,137,320,113,320,勤
﻿113,320,137,320,137,341,113,341,各
﻿113,341,137,341,137,362,113,362,盡
﻿113,362,137,362,137,383,113,383,當
﻿113,383,137,383,137,405,113,405,爲
﻿81,28,106,28,106,48,81,48,以
﻿81,48,106,48,106,69,81,69,成
﻿81,69,106,69,106,90,81,90,致
﻿81,90,106,90,106,111,81,111,治
﻿81,111,106,111,106,132,81,132,之
﻿81,132,106,132,106,153,81,153,功
﻿81,153,106,153,106,174,81,174,以
﻿81,174,106,174,106,195,81,195,躋
﻿81,195,106,195,106,216,81,216,悠
﻿81,216,106,216,106,236,81,236,久
﻿81,236,106,236,106,257,81,257,之
﻿81,257,106,257,106,278,81,278,盛
﻿81,278,106,278,106,299,81,299,保
﻿81,299,106,299,106,320,81,320,永
﻿81,320,106,320,106,341,81,341,世
﻿81,341,106,341,106,362,81,362,惟
﻿81,362,106,362,106,383,81,383,帝
﻿81,383,106,383,106,404,81,404,惟
﻿51,29,75,29,75,51,51,51,王
﻿51,51,75,51,75,73,51,73,之
﻿51,73,75,73,75,95,51,95,業
﻿51,95,75,95,75,117,51,117,朂
﻿51,117,75,117,75,139,51,139,哉
﻿51,139,75,139,75,161,51,161,是
﻿51,161,75,161,75,183,51,183,月
﻿51,183,75,183,75,205,51,205,十
﻿51,205,75,205,75,227,51,227,九
﻿51,227,75,227,75,249,51,249,日
﻿51,249,75,249,75,271,51,271,丙
﻿51,271,75,271,75,293,51,293,寅
﻿51,293,75,293,75,315,51,315,王
﻿51,315,75,315,75,337,51,337,親
﻿51,337,75,337,75,359,51,359,率
﻿51,359,75,359,75,381,51,381,節
﻿51,381,75,381,75,404,51,404,制
﻿20,26,45,26,45,47,20,47,府
﻿20,47,45,47,45,68,20,68,暨
﻿20,68,45,68,45,89,20,89,大
﻿20,89,45,89,45,110,20,110,臣
﻿20,110,45,110,45,131,20,131,文
﻿20,131,45,131,45,152,20,152,武
﻿20,152,45,152,45,173,20,173,百
﻿20,173,45,173,45,194,20,194,官
﻿20,194,45,194,45,216,20,216,尊
﻿20,216,45,216,45,237,20,237,立
﻿20,237,45,237,45,258,20,258,皇
﻿20,258,45,258,45,279,20,279,弟
﻿20,279,45,279,45,300,20,300,維
﻿20,300,45,300,45,321,20,321,襘
﻿20,321,45,321,45,342,20,342,即
﻿20,342,45,342,45,363,20,363,皇
﻿20,363,45,363,45,384,20,384,帝
﻿20,384,45,384,45,406,20,406,位
