255,13,279,13,279,33,255,33,羮
﻿255,33,279,33,279,54,255,54,吹
﻿255,54,279,54,279,74,255,74,齏
﻿255,74,279,74,279,95,255,95,為
﻿255,95,279,95,279,115,255,115,戒
﻿255,115,279,115,279,136,255,136,訓
﻿255,136,279,136,279,157,255,157,煉
﻿255,157,279,157,279,177,255,177,士
﻿255,177,279,177,279,198,255,198,卒
﻿255,198,279,198,279,218,255,218,習
﻿255,218,279,218,279,239,255,239,爾
﻿255,239,279,239,279,259,255,259,弓
﻿255,259,279,259,279,280,255,280,矢
﻿255,280,279,280,279,301,255,301,使
﻿255,301,279,301,279,321,255,321,人
﻿255,321,279,321,279,342,255,342,人
﻿255,342,279,342,279,362,255,362,逄
﻿255,362,279,362,279,383,255,383,𫎇
﻿255,383,279,383,279,404,255,404,家
﻿223,14,252,14,252,34,223,34,家
﻿223,34,252,34,252,55,223,55,后
﻿223,55,252,55,252,75,223,75,羿
﻿223,75,252,75,252,96,223,96,梟
﻿223,96,252,96,252,116,223,116,必
﻿223,116,252,116,252,137,223,137,烈
﻿223,137,252,137,252,157,223,157,之
﻿223,157,252,157,252,178,223,178,頭
﻿223,178,252,178,252,198,223,198,於
﻿223,198,252,198,252,219,223,219,闕
﻿223,219,252,219,252,239,223,239,下
﻿223,239,252,239,252,260,223,260,腐
﻿223,260,252,260,252,280,223,280,雲
﻿223,280,252,280,252,301,223,301,南
﻿223,301,252,301,252,321,223,321,之
﻿223,321,252,321,252,342,223,342,肉
﻿223,342,252,342,252,362,223,362,於
﻿223,362,252,362,252,383,223,383,藁
﻿223,383,252,383,252,404,223,404,街
﻿194,13,221,13,221,33,194,33,不
﻿194,33,221,33,221,54,194,54,惟
﻿194,54,221,54,221,74,194,74,余
﻿194,74,221,74,221,95,194,95,之
﻿194,95,221,95,221,116,194,116,采
﻿194,116,221,116,221,136,194,136,邑
﻿194,136,221,136,221,157,194,157,永
﻿194,157,221,157,221,178,194,178,為
﻿194,178,221,178,221,198,194,198,青
﻿194,198,221,198,221,219,194,219,氊
﻿194,219,221,219,221,239,194,239,而
﻿194,239,221,239,221,260,194,260,爾
﻿194,260,221,260,221,281,194,281,等
﻿194,281,221,281,221,301,194,301,之
﻿194,301,221,301,221,322,194,322,俸
﻿194,322,221,322,221,343,194,343,禄
﻿194,343,221,343,221,363,194,363,亦
﻿194,363,221,363,221,384,194,384,終
﻿194,384,221,384,221,405,194,405,身
﻿165,13,191,13,191,33,165,33,之
﻿165,33,191,33,191,54,165,54,受
﻿165,54,191,54,191,74,165,74,賜
﻿165,74,191,74,191,95,165,95,不
﻿165,95,191,95,191,116,165,116,惟
﻿165,116,191,116,191,136,165,136,余
﻿165,136,191,136,191,157,165,157,之
﻿165,157,191,157,191,178,165,178,家
﻿165,178,191,178,191,198,165,198,小
﻿165,198,191,198,191,219,165,219,得
﻿165,219,191,219,191,239,165,239,安
﻿165,239,191,239,191,260,165,260,床
﻿165,260,191,260,191,281,165,281,蓐
﻿165,281,191,281,191,301,165,301,而
﻿165,301,191,301,191,322,165,322,爾
﻿165,322,191,322,191,343,165,343,等
﻿165,343,191,343,191,363,165,363,之
﻿165,363,191,363,191,384,165,384,妻
﻿165,384,191,384,191,405,165,405,孥
﻿137,13,159,13,159,33,137,33,亦
﻿137,33,159,33,159,54,137,54,百
﻿137,54,159,54,159,74,137,74,年
﻿137,74,159,74,159,95,137,95,之
﻿137,95,159,95,159,115,137,115,偕
﻿137,115,159,115,159,136,137,136,老
﻿137,136,159,136,159,156,137,156,不
﻿137,156,159,156,159,177,137,177,惟
﻿137,177,159,177,159,197,137,197,余
﻿137,197,159,197,159,218,137,218,之
﻿137,218,159,218,159,238,137,238,宗
﻿137,238,159,238,159,259,137,259,廟
﻿137,259,159,259,159,279,137,279,萬
﻿137,279,159,279,159,300,137,300,世
﻿137,300,159,300,159,320,137,320,祀
﻿137,320,159,320,159,341,137,341,享
﻿137,341,159,341,159,361,137,361,而
﻿137,361,159,361,159,382,137,382,汝
﻿137,382,159,382,159,403,137,403,等
﻿103,13,131,13,131,33,103,33,之
﻿103,33,131,33,131,54,103,54,祖
﻿103,54,131,54,131,74,103,74,父
﻿103,74,131,74,131,95,103,95,亦
﻿103,95,131,95,131,115,103,115,春
﻿103,115,131,115,131,136,103,136,秋
﻿103,136,131,136,131,156,103,156,之
﻿103,156,131,156,131,177,103,177,血
﻿103,177,131,177,131,197,103,197,食
﻿103,197,131,197,131,218,103,218,不
﻿103,218,131,218,131,238,103,238,惟
﻿103,238,131,238,131,259,103,259,余
﻿103,259,131,259,131,279,103,279,之
﻿103,279,131,279,131,300,103,300,今
﻿103,300,131,300,131,320,103,320,生
﻿103,320,131,320,131,341,103,341,得
﻿103,341,131,341,131,361,103,361,志
﻿103,361,131,361,131,382,103,382,而
﻿103,382,131,382,131,403,103,403,汝
﻿75,11,99,11,99,31,75,31,等
﻿75,31,99,31,99,51,75,51,百
﻿75,51,99,51,99,71,75,71,年
﻿75,71,99,71,99,92,75,92,之
﻿75,92,99,92,99,112,75,112,下
﻿75,112,99,112,99,132,75,132,芳
﻿75,132,99,132,99,153,75,153,名
﻿75,153,99,153,99,173,75,173,不
﻿75,173,99,173,99,193,75,193,朽
﻿75,193,99,193,99,214,75,214,不
﻿75,214,99,214,99,234,75,234,惟
﻿75,234,99,234,99,254,75,254,余
﻿75,254,99,254,99,275,75,275,之
﻿75,275,99,275,99,295,75,295,美
﻿75,295,99,295,99,315,75,315,謚
﻿75,315,99,315,99,336,75,336,永
﻿75,336,99,336,99,356,75,356,垂
﻿75,356,99,356,99,376,75,376,而
﻿75,376,99,376,99,396,75,396,汝
﻿42,11,68,11,68,31,42,31,等
﻿42,31,68,31,68,51,42,51,之
﻿42,51,68,51,68,72,42,72,姓
﻿42,72,68,72,68,92,42,92,名
﻿42,92,68,92,68,113,42,113,亦
﻿42,113,68,113,68,133,42,133,遺
﻿42,133,68,133,68,153,42,153,芳
﻿42,153,68,153,68,174,42,174,於
﻿42,174,68,174,68,194,42,194,青
﻿42,194,68,194,68,215,42,215,史
﻿42,215,68,215,68,235,42,235,矣
﻿42,235,68,235,68,256,42,256,當
﻿42,256,68,256,68,276,42,276,此
﻿42,276,68,276,68,296,42,296,之
﻿42,296,68,296,68,317,42,317,時
﻿42,317,68,317,68,337,42,337,汝
﻿42,337,68,337,68,358,42,358,等
﻿42,358,68,358,68,378,42,378,雖
﻿42,378,68,378,68,399,42,399,欲
﻿11,11,38,11,38,31,11,31,不
﻿11,31,38,31,38,51,11,51,為
﻿11,51,38,51,38,71,11,71,娛
﻿11,71,38,71,38,91,11,91,樂
﻿11,91,38,91,38,112,11,112,得
﻿11,112,38,112,38,132,11,132,乎
﻿11,132,38,132,38,152,11,152,今
﻿11,152,38,152,38,172,11,172,余
﻿11,172,38,172,38,192,11,192,歷
﻿11,192,38,192,38,213,11,213,撰
﻿11,213,38,213,38,233,11,233,諸
﻿11,233,38,233,38,253,11,253,家
﻿11,253,38,253,38,273,11,273,兵
﻿11,273,38,273,38,293,11,293,法
﻿11,293,38,293,38,314,11,314,為
﻿11,314,38,314,38,334,11,334,一
﻿11,334,38,334,38,354,11,354,書
﻿11,354,38,354,38,374,11,374,名
﻿11,374,38,374,38,395,11,395,曰
