241,64,262,64,262,84,241,84,将
﻿241,84,262,84,262,105,241,105,步
﻿241,105,262,105,262,125,241,125,兵
﻿241,125,262,125,262,146,241,146,三
﻿241,146,262,146,262,167,241,167,千
﻿241,167,262,167,262,187,241,187,象
﻿241,187,262,187,262,208,241,208,二
﻿241,208,262,208,262,228,241,228,隻
﻿241,228,262,228,262,249,241,249,攻
﻿241,249,262,249,262,270,241,270,畧
﻿241,270,262,270,262,290,241,290,浦
﻿241,290,262,290,262,311,241,311,頼
﻿241,311,262,311,262,331,241,331,江
﻿241,331,262,331,262,352,241,352,三
﻿241,352,262,352,262,373,241,373,将
﻿241,373,262,373,262,393,241,393,分
﻿241,393,262,393,262,414,241,414,兵
﻿241,414,262,414,262,435,241,435,攻
﻿210,66,233,66,233,86,210,86,勦
﻿210,86,233,86,233,107,210,107,安
﻿210,107,233,107,233,127,210,127,勇
﻿210,127,233,127,233,148,210,148,武
﻿210,148,233,148,233,168,210,168,寧
﻿210,168,233,168,233,189,210,189,等
﻿210,189,233,189,233,209,210,209,縣
﻿210,209,233,209,233,230,210,230,時
﻿210,230,233,230,233,250,210,250,莫
﻿210,250,233,250,233,271,210,271,茂
﻿210,271,233,271,233,291,210,291,洽
﻿210,291,233,291,233,312,210,312,棄
﻿210,312,233,312,233,332,210,332,舟
﻿210,332,233,332,233,353,210,353,步
﻿210,353,233,353,233,373,210,373,行
﻿210,373,233,373,233,394,210,394,至
﻿210,394,233,394,233,414,210,414,鳳
﻿210,414,233,414,233,435,210,435,眼
﻿178,66,201,66,201,86,178,86,縣
﻿178,86,201,86,201,107,178,107,寺
﻿178,107,201,107,201,127,178,127,隱
﻿178,127,201,127,201,148,178,148,居
﻿178,148,201,148,201,169,178,169,凣
﻿178,169,201,169,201,189,178,189,十
﻿178,189,201,189,201,210,178,210,一
﻿178,210,201,210,201,230,178,230,日
﻿178,230,201,230,201,251,178,251,官
﻿178,251,201,251,201,272,178,272,軍
﻿178,272,201,272,201,292,178,292,至
﻿178,292,201,292,201,313,178,313,鳳
﻿178,313,201,313,201,333,178,333,眼
﻿178,333,201,333,201,354,178,354,有
﻿178,354,201,354,201,375,178,375,村
﻿178,375,201,375,201,395,178,395,人
﻿178,395,201,395,201,416,178,416,向
﻿178,416,201,416,201,437,178,437,導
﻿149,65,174,65,174,85,149,85,引
﻿149,85,174,85,174,106,149,106,官
﻿149,106,174,106,174,126,149,126,軍
﻿149,126,174,126,174,147,149,147,入
﻿149,147,174,147,174,167,149,167,寺
﻿149,167,174,167,174,188,149,188,中
﻿149,188,174,188,174,208,149,208,󰱐
﻿149,208,174,208,174,229,149,229,莫
﻿149,229,174,229,174,249,149,249,茂
﻿149,249,174,249,174,270,149,270,洽
﻿149,270,174,270,174,290,149,290,将
﻿149,290,174,290,174,311,149,311,就
﻿149,311,174,311,174,331,149,331,駐
﻿149,331,174,331,174,352,149,352,營
﻿149,352,174,352,174,372,149,372,武
﻿149,372,174,372,174,393,149,393,郡
﻿149,393,174,393,174,413,149,413,公
﻿149,413,174,413,174,434,149,434,令
﻿120,67,143,67,143,87,120,87,人
﻿120,87,143,87,143,107,120,107,以
﻿120,107,143,107,143,128,120,128,象
﻿120,128,143,128,143,148,120,148,載
﻿120,148,143,148,143,168,120,168,之
﻿120,168,143,168,143,189,120,189,及
﻿120,189,143,189,143,209,120,209,二
﻿120,209,143,209,143,229,120,229,妓
﻿120,229,143,229,143,250,120,250,女
﻿120,250,143,250,143,270,120,270,還
﻿120,270,143,270,143,290,120,290,至
﻿120,290,143,290,143,311,120,311,京
﻿120,311,143,311,143,331,120,331,師
﻿120,331,143,331,143,351,120,351,献
﻿120,351,143,351,143,372,120,372,俘
﻿120,372,143,372,143,392,120,392,生
﻿120,392,143,392,143,412,120,412,梟
﻿120,412,143,412,143,433,120,433,三
﻿89,66,111,66,111,86,89,86,日
﻿89,86,111,86,111,106,89,106,斬
﻿89,106,111,106,111,127,89,127,于
﻿89,127,111,127,111,147,89,147,菩
﻿89,147,111,147,111,167,89,167,提
﻿89,167,111,167,111,188,89,188,傳
﻿89,188,111,188,111,208,89,208,首
﻿89,208,111,208,111,229,89,229,詣
﻿89,229,111,229,111,249,89,249,清
﻿89,249,111,249,111,269,89,269,華
﻿89,269,111,269,111,290,89,290,萬
﻿89,290,111,290,111,310,89,310,頼
﻿89,310,111,310,111,331,89,331,行
﻿89,331,111,331,111,351,89,351,在
﻿89,351,111,351,111,371,89,371,釘
﻿89,371,111,371,111,392,89,392,其
﻿89,392,111,392,111,412,89,412,两
﻿89,412,111,412,111,433,89,433,眼
﻿62,66,82,66,82,85,62,85,置
﻿62,85,82,85,82,104,62,104,于
﻿62,104,82,104,82,123,62,123,市
﻿29,67,51,67,51,87,29,87,初
﻿29,87,51,87,51,107,29,107,莫
﻿29,107,51,107,51,127,29,127,宗
﻿29,127,51,127,51,148,29,148,室
﻿29,148,51,148,51,168,29,168,䧺
﻿29,168,51,168,51,188,29,188,禮
﻿29,188,51,188,51,208,29,208,公
﻿29,208,51,208,51,229,29,229,莫
﻿29,229,51,229,51,249,29,249,敬
﻿29,249,51,249,51,269,29,269,止
﻿29,269,51,269,51,290,29,290,竄
﻿29,290,51,290,51,310,29,310,居
﻿29,310,51,310,51,330,29,330,東
﻿29,330,51,330,51,350,29,350,潮
﻿29,350,51,350,51,371,29,371,至
﻿29,371,51,371,51,391,29,391,是
﻿29,391,51,391,51,411,29,411,復
﻿29,411,51,411,51,432,29,432,收
﻿6,62,26,62,26,82,6,82,殘
﻿6,82,26,82,26,103,6,103,卒
﻿6,103,26,103,26,123,6,123,㨿
﻿6,123,26,123,26,144,6,144,青
﻿6,144,26,144,26,164,6,164,林
﻿6,164,26,164,26,185,6,185,僣
﻿6,185,26,185,26,205,6,205,位
﻿6,205,26,205,26,226,6,226,于
﻿6,226,26,226,26,247,6,247,至
﻿6,247,26,247,26,267,6,267,灵
﻿6,267,26,267,26,288,6,288,南
﻿6,288,26,288,26,308,6,308,澗
﻿6,308,26,308,26,329,6,329,稱
﻿6,329,26,329,26,349,6,349,號
﻿6,349,26,349,26,370,6,370,寶
﻿6,370,26,370,26,390,6,390,定
﻿6,390,26,390,26,411,6,411,又
﻿6,411,26,411,26,432,6,432,改
