250,50,272,50,272,70,250,70,重
﻿250,70,272,70,272,91,250,91,光
﻿250,91,272,91,272,112,250,112,以
﻿250,112,272,112,272,133,250,133,圖
﻿250,133,272,133,272,154,250,154,恢
﻿250,154,272,154,272,175,250,175,復
﻿250,175,272,175,272,196,250,196,五
﻿250,196,272,196,272,217,250,217,年
﻿250,217,272,217,272,238,250,238,之
﻿250,238,272,238,272,259,250,259,間
﻿250,259,272,259,272,280,250,280,與
﻿250,280,272,280,272,301,250,301,賊
﻿250,301,272,301,272,322,250,322,持
﻿250,322,272,322,272,343,250,343,戰
﻿250,343,272,343,272,364,250,364,雖
﻿250,364,272,364,272,385,250,385,有
﻿250,385,272,385,272,406,250,406,不
﻿220,49,245,49,245,70,220,70,利
﻿220,70,245,70,245,91,220,91,志
﻿220,91,245,91,245,112,220,112,不
﻿220,112,245,112,245,133,220,133,爲
﻿220,133,245,133,245,154,220,154,衰
﻿220,154,245,154,245,175,220,175,氣
﻿220,175,245,175,245,196,220,196,益
﻿220,196,245,196,245,217,220,217,以
﻿220,217,245,217,245,238,220,238,奮
﻿220,238,245,238,245,259,220,259,力
﻿220,259,245,259,245,280,220,280,竭
﻿220,280,245,280,245,301,220,301,而
﻿220,301,245,301,245,322,220,322,後
﻿220,322,245,322,245,343,220,343,已
﻿220,343,245,343,245,364,220,364,人
﻿220,364,245,364,245,385,220,385,臣
﻿220,385,245,385,245,407,220,407,為
﻿193,50,214,50,214,70,193,70,國
﻿193,70,214,70,214,91,193,91,之
﻿193,91,214,91,214,112,193,112,忠
﻿193,112,214,112,214,133,193,133,百
﻿193,133,214,133,214,154,193,154,世
﻿193,154,214,154,214,175,193,175,之
﻿193,175,214,175,214,196,193,196,下
﻿193,196,214,196,214,217,193,217,猶
﻿193,217,214,217,214,237,193,237,可
﻿193,237,214,237,214,258,193,258,想
﻿193,258,214,258,214,279,193,279,也
﻿193,279,214,279,214,300,193,300,昔
﻿193,300,214,300,214,321,193,321,魯
﻿193,321,214,321,214,342,193,342,與
﻿193,342,214,342,214,363,193,363,齊
﻿193,363,214,363,214,384,193,384,戰
﻿193,384,214,384,214,405,193,405,于
﻿163,51,186,51,186,72,163,72,乾
﻿163,72,186,72,186,93,163,93,時
﻿163,93,186,93,186,114,163,114,敗
﻿163,114,186,114,186,135,163,135,績
﻿163,135,186,135,186,156,163,156,聖
﻿163,156,186,156,186,177,163,177,人
﻿163,177,186,177,186,198,163,198,不
﻿163,198,186,198,186,219,163,219,以
﻿163,219,186,219,186,240,163,240,敗
﻿163,240,186,240,186,261,163,261,諱
﻿163,261,186,261,186,282,163,282,特
﻿163,282,186,282,186,303,163,303,書
﻿163,303,186,303,186,324,163,324,以
﻿163,324,186,324,186,345,163,345,示
﻿163,345,186,345,186,366,163,366,榮
﻿163,366,186,366,186,387,163,387,子
﻿163,387,186,387,186,409,163,409,讐
﻿133,51,156,51,156,72,133,72,戰
﻿133,72,156,72,156,93,133,93,也
﻿133,93,156,93,156,114,133,114,不
﻿133,114,156,114,156,135,133,135,以
﻿133,135,156,135,156,156,133,156,成
﻿133,156,156,156,156,177,133,177,敗
﻿133,177,156,177,156,198,133,198,論
﻿133,198,156,198,156,219,133,219,然
﻿133,219,156,219,156,240,133,240,則
﻿133,240,156,240,156,261,133,261,蔡
﻿133,261,156,261,156,282,133,282,茄
﻿133,282,156,282,156,303,133,303,之
﻿133,303,156,303,156,324,133,324,戰
﻿133,324,156,324,156,345,133,345,明
﻿133,345,156,345,156,366,133,366,軍
﻿133,366,156,366,156,387,133,387,半
﻿133,387,156,387,156,409,133,409,潰
﻿103,50,126,50,126,71,103,71,我
﻿103,71,126,71,126,93,103,93,軍
﻿103,93,126,93,126,115,103,115,力
﻿103,115,126,115,126,137,103,137,竭
﻿103,137,126,137,126,159,103,159,而
﻿103,159,126,159,126,180,103,180,後
﻿103,180,126,180,126,202,103,202,敗
﻿103,202,126,202,126,224,103,224,榮
﻿103,224,126,224,126,246,103,246,矣
﻿103,246,126,246,126,268,103,268,夫
﻿72,32,98,32,98,52,72,52,冬
﻿72,52,98,52,98,73,72,73,十
﻿72,73,98,73,98,94,72,94,月
﻿72,94,98,94,98,115,72,115,明
﻿72,115,98,115,98,136,72,136,張
﻿72,136,98,136,98,157,72,157,輔
﻿72,157,98,157,98,178,72,178,以
﻿72,178,98,178,98,199,72,199,都
﻿72,199,98,199,98,220,72,220,督
﻿72,220,98,220,98,240,72,240,黄
﻿72,240,98,240,98,261,72,261,中
﻿72,261,98,261,98,282,72,282,爲
﻿72,282,98,282,98,303,72,303,前
﻿72,303,98,303,98,324,72,324,哨
﻿72,324,98,324,98,345,72,345,捍
﻿72,345,98,345,98,366,72,366,上
﻿72,366,98,366,98,387,72,387,流
﻿72,387,98,387,98,408,72,408,阮
﻿43,35,67,35,67,55,43,55,帥
﻿43,55,67,55,67,76,43,76,遣
﻿43,76,67,76,67,97,43,97,刺
﻿43,97,67,97,67,117,43,117,客
﻿43,117,67,117,67,138,43,138,二
﻿43,138,67,138,67,159,43,159,人
﻿43,159,67,159,67,179,43,179,載
﻿43,179,67,179,67,200,43,200,草
﻿43,200,67,200,67,221,43,221,順
﻿43,221,67,221,67,241,43,241,流
﻿43,241,67,241,67,262,43,262,至
﻿43,262,67,262,67,283,43,283,輔
﻿43,283,67,283,67,303,43,303,船
﻿43,303,67,303,67,324,43,324,一
﻿43,324,67,324,67,345,43,345,人
﻿43,345,67,345,67,365,43,365,登
﻿43,365,67,365,67,386,43,386,船
﻿43,386,67,386,67,407,43,407,首
﻿12,38,37,38,37,58,12,58,二
﻿12,58,37,58,37,78,12,78,人
﻿12,78,37,78,37,99,12,99,登
﻿12,99,37,99,37,119,12,119,船
﻿12,119,37,119,37,140,12,140,尾
﻿12,140,37,140,37,160,12,160,輔
﻿12,160,37,160,37,181,12,181,覺
﻿12,181,37,181,37,201,12,201,覔
﻿12,201,37,201,37,222,12,222,得
﻿12,222,37,222,37,242,12,242,二
﻿12,242,37,242,37,262,12,262,人
﻿12,262,37,262,37,283,12,283,殺
﻿12,283,37,283,37,303,12,303,一
﻿12,303,37,303,37,324,12,324,放
﻿12,324,37,324,37,344,12,344,一
﻿12,344,37,344,37,365,12,365,仍
﻿12,365,37,365,37,385,12,385,賜
﻿12,385,37,385,37,406,12,406,以
