253,39,279,39,279,59,253,59,石
﻿253,59,279,59,279,80,253,80,縣
﻿253,80,279,80,279,101,253,101,轉
﻿253,101,279,101,279,121,253,121,運
﻿253,121,279,121,279,142,253,142,使
﻿253,142,279,142,279,163,253,163,陽
﻿253,163,279,163,279,184,253,184,執
﻿253,184,279,184,279,204,253,204,中
﻿253,204,279,204,279,225,253,225,為
﻿253,225,279,225,279,246,253,246,水
﻿253,246,279,246,279,266,253,266,棠
﻿253,266,279,266,279,287,253,287,縣
﻿253,287,279,287,279,308,253,308,轉
﻿253,308,279,308,279,329,253,329,運
﻿253,329,279,329,279,349,253,349,使
﻿253,349,279,349,279,370,253,370,御
﻿253,370,279,370,279,391,253,391,前
﻿253,391,279,391,279,412,253,412,𭓇
﻿222,37,250,37,250,59,222,59,生
﻿222,59,250,59,250,81,222,81,阮
﻿222,81,250,81,250,103,222,103,達
﻿222,103,250,103,250,125,222,125,為
﻿222,125,250,125,250,147,222,147,大
﻿222,147,250,147,250,169,222,169,蠻
﻿222,169,250,169,250,191,222,191,縣
﻿222,191,250,191,250,213,222,213,轉
﻿222,213,250,213,250,235,222,235,運
﻿222,235,250,235,250,257,222,257,使
﻿222,257,250,257,250,279,222,279,以
﻿222,279,250,279,250,301,222,301,黎
﻿222,301,250,301,250,323,222,323,少
﻿222,323,250,323,250,345,222,345,頴
﻿222,345,250,345,250,367,222,367,為
﻿222,367,250,367,250,389,222,389,三
﻿222,389,250,389,250,412,222,412,𢃄
﻿191,37,217,37,217,57,191,57,路
﻿191,57,217,57,217,78,191,78,教
﻿191,78,217,78,217,99,191,99,授
﻿191,99,217,99,217,120,191,120,初
﻿191,120,217,120,217,141,191,141,少
﻿191,141,217,141,217,162,191,162,頴
﻿191,162,217,162,217,183,191,183,為
﻿191,183,217,183,217,204,191,204,審
﻿191,204,217,204,217,225,191,225,刑
﻿191,225,217,225,217,245,191,245,院
﻿191,245,217,245,217,266,191,266,僉
﻿191,266,217,266,217,287,191,287,知
﻿191,287,217,287,217,308,191,308,以
﻿191,308,217,308,217,329,191,329,犯
﻿191,329,217,329,217,350,191,350,贓
﻿191,350,217,350,217,371,191,371,罪
﻿191,371,217,371,217,392,191,392,罷
﻿191,392,217,392,217,413,191,413,職
﻿161,35,184,35,184,57,161,57,還
﻿161,57,184,57,184,79,161,79,民
﻿161,79,184,79,184,101,161,101,終
﻿161,101,184,101,184,123,161,123,身
﻿161,123,184,123,184,145,161,145,不
﻿161,145,184,145,184,168,161,168,叙
﻿161,168,184,168,184,190,161,190,用
﻿161,190,184,190,184,212,161,212,至
﻿161,212,184,212,184,234,161,234,是
﻿161,234,184,234,184,256,161,256,復
﻿161,256,184,256,184,278,161,278,以
﻿161,278,184,278,184,301,161,301,为
﻿161,301,184,301,184,323,161,323,教
﻿161,323,184,323,184,345,161,345,授
﻿161,345,184,345,184,367,161,367,以
﻿161,367,184,367,184,389,161,389,國
﻿161,389,184,389,184,412,161,412,子
﻿129,34,155,34,155,55,129,55,監
﻿129,55,155,55,155,76,129,76,教
﻿129,76,155,76,155,97,129,97,授
﻿129,97,155,97,155,118,129,118,阮
﻿129,118,155,118,155,139,129,139,天
﻿129,139,155,139,155,160,129,160,縱
﻿129,160,155,160,155,181,129,181,為
﻿129,181,155,181,155,202,129,202,司
﻿129,202,155,202,155,223,129,223,業
﻿129,223,155,223,155,244,129,244,教
﻿129,244,155,244,155,265,129,265,授
﻿129,265,155,265,155,286,129,286,阮
﻿129,286,155,286,155,307,129,307,超
﻿129,307,155,307,155,328,129,328,為
﻿129,328,155,328,155,349,129,349,助
﻿129,349,155,349,155,370,129,370,教
﻿129,370,155,370,155,391,129,391,粱
﻿129,391,155,391,155,412,129,412,夢
﻿98,33,124,33,124,54,98,54,星
﻿98,54,124,54,124,75,98,75,武
﻿98,75,124,75,124,96,98,96,永
﻿98,96,124,96,124,117,98,117,禎
﻿98,117,124,117,124,138,98,138,為
﻿98,138,124,138,124,159,98,159,直
﻿98,159,124,159,124,180,98,180,講
﻿98,180,124,180,124,201,98,201,司
﻿98,201,124,201,124,222,98,222,刑
﻿98,222,124,222,124,243,98,243,院
﻿98,243,124,243,124,264,98,264,大
﻿98,264,124,264,124,285,98,285,夫
﻿98,285,124,285,124,306,98,306,符
﻿98,306,124,306,124,327,98,327,世
﻿98,327,124,327,124,348,98,348,豪
﻿98,348,124,348,124,369,98,369,為
﻿98,369,124,369,124,390,98,390,古
﻿98,390,124,390,124,411,98,411,費
﻿68,31,94,31,94,53,68,53,縣
﻿68,53,94,53,94,75,68,75,轉
﻿68,75,94,75,94,97,68,97,運
﻿68,97,94,97,94,120,68,120,副
﻿68,120,94,120,94,142,68,142,使
﻿68,142,94,142,94,164,68,164,文
﻿68,164,94,164,94,187,68,187,盤
﻿68,187,94,187,94,209,68,209,縣
﻿68,209,94,209,94,231,68,231,轉
﻿68,231,94,231,94,253,68,253,運
﻿68,253,94,253,94,276,68,276,副
﻿68,276,94,276,94,298,68,298,使
﻿68,298,94,298,94,320,68,320,梁
﻿68,320,94,320,94,343,68,343,宗
﻿68,343,94,343,94,365,68,365,驥
﻿68,365,94,365,94,387,68,387,受
﻿68,387,94,387,94,410,68,410,賂
﻿39,31,64,31,64,51,39,51,事
﻿39,51,64,51,64,72,39,72,𭛁
﻿39,72,64,72,64,93,39,93,獄
﻿39,93,64,93,64,114,39,114,成
﻿39,114,64,114,64,134,39,134,將
﻿39,134,64,134,64,155,39,155,斬
﻿39,155,64,155,64,176,39,176,驥
﻿39,176,64,176,64,197,39,197,因
﻿39,197,64,197,64,218,39,218,左
﻿39,218,64,218,64,238,39,238,右
﻿39,238,64,238,64,259,39,259,求
﻿39,259,64,259,64,280,39,280,免
﻿39,280,64,280,64,301,39,301,死
﻿39,301,64,301,64,321,39,321,太
﻿39,321,64,321,64,342,39,342,尉
﻿39,342,64,342,64,363,39,363,黎
﻿39,363,64,363,64,384,39,384,可
﻿39,384,64,384,64,405,39,405,曰
﻿9,31,32,31,32,52,9,52,國
﻿9,52,32,52,32,73,9,73,法
﻿9,73,32,73,32,94,9,94,不
﻿9,94,32,94,32,115,9,115,可
﻿9,115,32,115,32,136,9,136,赦
﻿9,136,32,136,32,157,9,157,又
﻿9,157,32,157,32,178,9,178,曰
﻿9,178,32,178,32,199,9,199,盗
﻿9,199,32,199,32,221,9,221,一
﻿9,221,32,221,32,242,9,242,家
﻿9,242,32,242,32,263,9,263,猶
﻿9,263,32,263,32,284,9,284,不
﻿9,284,32,284,32,305,9,305,可
﻿9,305,32,305,32,326,9,326,赦
﻿9,326,32,326,32,347,9,347,况
﻿9,347,32,347,32,368,9,368,宗
﻿9,368,32,368,32,389,9,389,驥
﻿9,389,32,389,32,411,9,411,盗
