256,35,281,35,281,57,256,57,黄
﻿256,57,281,57,281,79,256,79,榜
﻿256,79,281,79,281,101,256,101,揭
﻿256,101,281,101,281,123,256,123,張
﻿256,123,281,123,281,145,256,145,于
﻿256,145,281,145,281,167,256,167,太
﻿256,167,281,167,281,189,256,189,𭓇
﻿256,189,281,189,281,211,256,211,門
﻿256,211,281,211,281,233,256,233,外
﻿256,233,281,233,281,255,256,255,仍
﻿256,255,281,255,281,277,256,277,賜
﻿256,277,281,277,281,299,256,299,以
﻿256,299,281,299,281,321,256,321,衣
﻿256,321,281,321,281,343,256,343,服
﻿256,343,281,343,281,365,256,365,官
﻿256,365,281,365,281,387,256,387,󰅾
﻿256,387,281,387,281,409,256,409,并
﻿228,36,253,36,253,59,228,59,宴
﻿228,59,253,59,253,82,228,82,筵
﻿228,82,253,82,253,105,228,105,加
﻿228,105,253,105,253,128,228,128,諒
﻿228,128,253,128,253,151,228,151,國
﻿228,151,253,151,253,174,228,174,公
﻿228,174,253,174,253,197,228,197,黎
﻿228,197,253,197,253,220,228,220,輔
﻿228,220,253,220,253,243,228,243,左
﻿228,243,253,243,253,266,228,266,平
﻿228,266,253,266,253,289,228,289,章
﻿228,289,253,289,253,312,228,312,軍
﻿228,312,253,312,253,335,228,335,國
﻿228,335,253,335,253,358,228,358,重
﻿228,358,253,358,253,381,228,381,事
﻿228,381,253,381,253,404,228,404,入
﻿199,36,226,36,226,57,199,57,内
﻿199,57,226,57,226,79,199,79,檢
﻿199,79,226,79,226,101,199,101,校
﻿199,101,226,101,226,123,199,123,上
﻿199,123,226,123,226,145,199,145,相
﻿199,145,226,145,226,166,199,166,太
﻿199,166,226,166,226,188,199,188,尉
﻿199,188,226,188,226,210,199,210,義
﻿199,210,226,210,226,232,199,232,國
﻿199,232,226,232,226,254,199,254,公
﻿199,254,226,254,226,276,199,276,阮
﻿199,276,226,276,226,297,199,297,聞
﻿199,297,226,297,226,319,199,319,郎
﻿199,319,226,319,226,341,199,341,開
﻿199,341,226,341,226,363,199,363,府
﻿199,363,226,363,226,385,199,385,儀
﻿199,385,226,385,226,407,199,407,同
﻿169,37,190,37,190,58,169,58,三
﻿169,58,190,58,190,80,169,80,司
﻿169,80,190,80,190,102,169,102,平
﻿169,102,190,102,190,124,169,124,章
﻿169,124,190,124,190,146,169,146,軍
﻿169,146,190,146,190,167,169,167,國
﻿169,167,190,167,190,189,169,189,重
﻿169,189,190,189,190,211,169,211,事
﻿169,211,190,211,190,233,169,233,輔
﻿169,233,190,233,190,255,169,255,國
﻿169,255,190,255,190,277,169,277,承
﻿169,277,190,277,190,298,169,298,相
﻿169,298,190,298,190,320,169,320,上
﻿169,320,190,320,190,342,169,342,宰
﻿169,342,190,342,190,364,169,364,太
﻿169,364,190,364,190,386,169,386,傅
﻿169,386,190,386,190,408,169,408,威
﻿136,35,161,35,161,56,136,56,國
﻿136,56,161,56,161,78,136,78,公
﻿136,78,161,78,161,100,136,100,阮
﻿136,100,161,100,161,122,136,122,伯
﻿136,122,161,122,161,144,136,144,麟
﻿136,144,161,144,161,166,136,166,工
﻿136,166,161,166,161,188,136,188,部
﻿136,188,161,188,161,210,136,210,尚
﻿136,210,161,210,161,232,136,232,書
﻿136,232,161,232,161,254,136,254,掌
﻿136,254,161,254,161,276,136,276,部
﻿136,276,161,276,161,298,136,298,事
﻿136,298,161,298,161,320,136,320,知
﻿136,320,161,320,161,342,136,342,顯
﻿136,342,161,342,161,364,136,364,福
﻿136,364,161,364,161,386,136,386,殿
﻿136,386,161,386,161,408,136,408,譚
﻿107,35,133,35,133,56,107,56,慎
﻿107,56,133,56,133,78,107,78,徽
﻿107,78,133,78,133,100,107,100,吏
﻿107,100,133,100,133,121,107,121,部
﻿107,121,133,121,133,143,107,143,尚
﻿107,143,133,143,133,165,107,165,書
﻿107,165,133,165,133,186,107,186,知
﻿107,186,133,186,133,208,107,208,昭
﻿107,208,133,208,133,230,107,230,文
﻿107,230,133,230,133,252,107,252,舘
﻿107,252,133,252,133,273,107,273,秀
﻿107,273,133,273,133,295,107,295,林
﻿107,295,133,295,133,317,107,317,局
﻿107,317,133,317,133,338,107,338,黎
﻿107,338,133,338,133,360,107,360,賛
﻿107,360,133,360,133,382,107,382,襄
﻿107,382,133,382,133,404,107,404,工
﻿80,36,101,36,101,58,80,58,部
﻿80,58,101,58,101,81,80,81,有
﻿80,81,101,81,101,103,80,103,侍
﻿80,103,101,103,101,126,80,126,郎
﻿47,36,71,36,71,57,47,57,冬
﻿47,57,71,57,71,79,47,79,十
﻿47,79,71,79,71,101,47,101,一
﻿47,101,71,101,71,123,47,123,月
﻿47,123,71,123,71,145,47,145,十
﻿47,145,71,145,71,166,47,166,一
﻿47,166,71,166,71,188,47,188,日
﻿47,188,71,188,71,210,47,210,不
﻿47,210,71,210,71,232,47,232,拨
﻿47,232,71,232,71,254,47,254,縣
﻿47,254,71,254,71,276,47,276,光
﻿47,276,71,276,71,297,47,297,被
﻿47,297,71,297,71,319,47,319,人
﻿47,319,71,319,71,341,47,341,陳
﻿47,341,71,341,71,363,47,363,珣
﻿47,363,71,363,71,385,47,385,作
﻿47,385,71,385,71,407,47,407,亂
﻿16,36,42,36,42,58,16,58,於
﻿16,58,42,58,42,80,16,80,山
﻿16,80,42,80,42,102,16,102,西
﻿16,102,42,102,42,124,16,124,地
﻿16,124,42,124,42,146,16,146,六
﻿30,148,45,148,45,169,30,169,珣
﻿30,169,45,169,45,190,30,190,乃
﻿30,190,45,190,45,211,30,211,前
﻿30,211,45,211,45,232,30,232,吏
﻿30,232,45,232,45,253,30,253,書
﻿30,253,45,253,45,274,30,274,陳
﻿14,148,29,148,29,169,14,169,瑾
﻿14,169,29,169,29,190,14,190,之
﻿14,190,29,190,29,211,14,211,孫
﻿14,211,29,211,29,232,14,232,部
﻿14,232,29,232,29,254,14,254,尚
﻿17,277,40,277,40,298,17,298,是
﻿17,298,40,298,40,320,17,320,時
﻿17,320,40,320,40,342,17,342,京
﻿17,342,40,342,40,363,17,363,城
﻿17,363,40,363,40,385,17,385,庯
﻿17,385,40,385,40,407,17,407,舍
