257,62,281,62,281,82,257,82,史
﻿257,82,281,82,281,102,257,102,臣
﻿257,102,281,102,281,123,257,123,吳
﻿257,123,281,123,281,143,257,143,士
﻿257,143,281,143,281,164,257,164,連
﻿257,164,281,164,281,184,257,184,曰
﻿257,184,281,184,281,205,257,205,大
﻿257,205,281,205,281,225,257,225,臣
﻿257,225,281,225,281,246,257,246,處
﻿257,246,281,246,281,266,257,266,危
﻿257,266,281,266,281,286,257,286,疑
﻿257,286,281,286,281,307,257,307,之
﻿257,307,281,307,281,327,257,327,地
﻿257,327,281,327,281,348,257,348,必
﻿257,348,281,348,281,368,257,368,誠
﻿257,368,281,368,281,389,257,389,意
﻿257,389,281,389,281,409,257,409,交
﻿257,409,281,409,281,430,257,430,孚
﻿226,67,251,67,251,87,226,87,明
﻿226,87,251,87,251,107,226,107,晢
﻿226,107,251,107,251,127,226,127,善
﻿226,127,251,127,251,147,226,147,處
﻿226,147,251,147,251,167,226,167,如
﻿226,167,251,167,251,187,226,187,隨
﻿226,187,251,187,251,207,226,207,之
﻿226,207,251,207,251,227,226,227,九
﻿226,227,251,227,251,248,226,248,四
﻿226,248,251,248,251,268,226,268,然
﻿226,268,251,268,251,288,226,288,後
﻿226,288,251,288,251,308,226,308,能
﻿226,308,251,308,251,328,226,328,保
﻿226,328,251,328,251,348,226,348,名
﻿226,348,251,348,251,368,226,368,譽
﻿226,368,251,368,251,388,226,388,成
﻿226,388,251,388,251,408,226,408,事
﻿226,408,251,408,251,429,226,429,功
﻿195,63,223,63,223,83,195,83,不
﻿195,83,223,83,223,104,195,104,然
﻿195,104,223,104,223,124,195,124,取
﻿195,124,223,124,223,145,195,145,禍
﻿195,145,223,145,223,165,195,165,必
﻿195,165,223,165,223,186,195,186,矣
﻿195,186,223,186,223,206,195,206,唐
﻿195,206,223,206,223,227,195,227,之
﻿195,227,223,227,223,247,195,247,郭
﻿195,247,223,247,223,268,195,268,子
﻿195,268,223,268,223,288,195,288,儀
﻿195,288,223,288,223,309,195,309,陳
﻿195,309,223,309,223,329,195,329,之
﻿195,329,223,329,223,350,195,350,陳
﻿195,350,223,350,223,370,195,370,國
﻿195,370,223,370,223,391,195,391,峻
﻿195,391,223,391,223,411,195,411,有
﻿195,411,223,411,223,432,195,432,焉
﻿164,46,189,46,189,67,164,67,三
﻿164,67,189,67,189,88,164,88,月
﻿164,88,189,88,189,110,164,110,甲
﻿164,110,189,110,189,131,164,131,戌
﻿164,131,189,131,189,152,164,152,朔
﻿164,152,189,152,189,174,164,174,二
﻿164,174,189,174,189,195,164,195,帝
﻿164,195,189,195,189,216,164,216,捨
﻿164,216,189,216,189,238,164,238,舟
﻿164,238,189,238,189,259,164,259,而
﻿164,259,189,259,189,280,164,280,從
﻿164,280,189,280,189,302,164,302,步
﻿164,302,189,302,189,323,164,323,至
﻿164,323,189,323,189,344,164,344,水
﻿164,344,189,344,189,366,164,366,注
﻿164,366,189,366,189,387,164,387,取
﻿164,387,189,387,189,408,164,408,舟
﻿164,408,189,408,189,430,164,430,出
﻿133,46,156,46,156,64,133,64,南
﻿133,64,156,64,156,82,133,82,趙
﻿133,82,156,82,156,101,133,101,江
﻿147,105,160,105,160,123,147,123,即
﻿147,123,160,123,160,141,147,141,水
﻿133,106,146,106,146,124,133,124,棠
﻿133,124,146,124,146,143,133,143,縣
﻿134,144,158,144,158,166,134,166,逾
﻿134,166,158,166,158,188,134,188,大
﻿134,188,158,188,158,210,134,210,旁
﻿134,210,158,210,158,232,134,232,海
﻿134,232,158,232,158,255,134,255,幸
﻿134,255,158,255,158,277,134,277,清
﻿134,277,158,277,158,299,134,299,化
﻿134,299,158,299,158,321,134,321,上
﻿134,321,158,321,158,344,134,344,位
﻿134,344,158,344,158,366,134,366,文
﻿134,366,158,366,158,388,134,388,昭
﻿134,388,158,388,158,410,134,410,侯
﻿134,410,158,410,158,433,134,433,弄
﻿104,45,129,45,129,65,104,65,行
﻿104,65,129,65,129,85,104,85,于
﻿104,85,129,85,129,106,104,106,脱
﻿104,106,129,106,129,126,104,126,驩
﻿104,126,129,126,129,147,104,147,既
﻿104,147,129,147,129,167,104,167,而
﻿104,167,129,167,129,187,104,187,昭
﻿104,187,129,187,129,208,104,208,國
﻿104,208,129,208,129,228,104,228,王
﻿104,228,129,228,129,249,104,249,益
﻿104,249,129,249,129,269,104,269,稷
﻿104,269,129,269,129,290,104,290,及
﻿104,290,129,290,129,310,104,310,范
﻿104,310,129,310,129,330,104,330,巨
﻿104,330,129,330,129,351,104,351,地
﻿104,351,129,351,129,371,104,371,黎
﻿104,371,129,371,129,392,104,392,演
﻿104,392,129,392,129,412,104,412,鄭
﻿104,412,129,412,129,433,104,433,隆
﻿74,43,99,43,99,63,74,63,等
﻿74,63,99,63,99,83,74,83,皆
﻿74,83,99,83,99,104,74,104,挈
﻿74,104,99,104,99,124,74,124,家
﻿74,124,99,124,99,145,74,145,降
﻿74,145,99,145,99,165,74,165,元
﻿74,165,99,165,99,186,74,186,𥘉
﻿74,186,99,186,99,206,74,206,益
﻿74,206,99,206,99,227,74,227,稷
﻿74,227,99,227,99,247,74,247,未
﻿74,247,99,247,99,268,74,268,生
﻿74,268,99,268,99,288,74,288,時
﻿74,288,99,288,99,309,74,309,太
﻿74,309,99,309,99,329,74,329,宗
﻿74,329,99,329,99,350,74,350,夢
﻿74,350,99,350,99,370,74,370,見
﻿74,370,99,370,99,391,74,391,臣
﻿74,391,99,391,99,411,74,411,人
﻿74,411,99,411,99,432,74,432,有
﻿45,46,67,46,67,66,45,66,三
﻿45,66,67,66,67,86,45,86,眼
﻿45,86,67,86,67,107,45,107,從
﻿45,107,67,107,67,127,45,127,天
﻿45,127,67,127,67,147,45,147,而
﻿45,147,67,147,67,168,45,168,下
﻿45,168,67,168,67,188,45,188,言
﻿45,188,67,188,67,208,45,208,於
﻿45,208,67,208,67,229,45,229,太
﻿45,229,67,229,67,249,45,249,宗
﻿45,249,67,249,67,270,45,270,曰
﻿45,270,67,270,67,290,45,290,臣
﻿45,290,67,290,67,310,45,310,為
﻿45,310,67,310,67,331,45,331,上
﻿45,331,67,331,67,351,45,351,帝
﻿45,351,67,351,67,371,45,371,所
﻿45,371,67,371,67,392,45,392,責
﻿45,392,67,392,67,412,45,412,願
﻿45,412,67,412,67,433,45,433,託
﻿15,45,38,45,38,65,15,65,於
﻿15,65,38,65,38,85,15,85,帝
﻿15,85,38,85,38,106,15,106,後
﻿15,106,38,106,38,126,15,126,乃
﻿15,126,38,126,38,147,15,147,北
﻿15,147,38,147,38,167,15,167,㱕
﻿15,167,38,167,38,187,15,187,及
﻿15,187,38,187,38,208,15,208,益
﻿15,208,38,208,38,228,15,228,稷
﻿15,228,38,228,38,249,15,249,生
﻿15,249,38,249,38,269,15,269,額
﻿15,269,38,269,38,290,15,290,中
﻿15,290,38,290,38,310,15,310,有
﻿15,310,38,310,38,330,15,330,文
﻿15,330,38,330,38,351,15,351,隱
﻿15,351,38,351,38,371,15,371,然
﻿15,371,38,371,38,392,15,392,如
﻿15,392,38,392,38,412,15,412,眼
﻿15,412,38,412,38,433,15,433,形
