241,48,268,48,268,69,241,69,占
﻿241,69,268,69,268,91,241,91,城
﻿241,91,268,91,268,112,241,112,責
﻿241,112,268,112,268,134,241,134,問
﻿241,134,268,134,268,156,241,156,𮞏
﻿241,156,268,156,268,177,241,177,年
﻿241,177,268,177,268,199,241,199,朝
﻿241,199,268,199,268,220,241,220,貢
﻿241,220,268,220,268,242,241,242,缺
﻿241,242,268,242,268,264,241,264,禮
﻿241,264,268,264,268,285,241,285,夏
﻿241,285,268,285,268,307,241,307,五
﻿241,307,268,307,268,328,241,328,月
﻿241,328,268,328,268,350,241,350,哀
﻿241,350,268,350,268,372,241,372,牢
﻿241,372,268,372,268,393,241,393,冦
﻿241,393,268,393,268,415,241,415,邊
﻿241,415,268,415,268,437,241,437,命
﻿209,47,237,47,237,68,209,68,保
﻿209,68,237,68,237,90,209,90,威
﻿209,90,237,90,237,111,209,111,王
﻿209,111,237,111,237,133,209,133,𤩽
﻿209,133,237,133,237,154,209,154,擊
﻿209,154,237,154,237,176,209,176,破
﻿209,176,237,176,237,197,209,197,之
﻿209,197,237,197,237,219,209,219,獲
﻿209,219,237,219,237,241,209,241,人
﻿209,241,237,241,237,262,209,262,畜
﻿209,262,237,262,237,284,209,284,甚
﻿209,284,237,284,237,305,209,305,眾
﻿209,305,237,305,237,327,209,327,秋
﻿209,327,237,327,237,348,209,348,九
﻿209,348,237,348,237,370,209,370,月
﻿209,370,237,370,237,391,209,391,以
﻿209,391,237,391,237,413,209,413,范
﻿209,413,237,413,237,435,209,435,師
﻿178,45,205,45,205,66,178,66,孟
﻿178,66,205,66,205,88,178,88,為
﻿178,88,205,88,205,110,178,110,掌
﻿178,110,205,110,205,131,178,131,簿
﻿178,131,205,131,205,153,178,153,書
﻿178,153,205,153,205,175,178,175,兼
﻿178,175,205,175,205,196,178,196,樞
﻿178,196,205,196,205,218,178,218,𡧸
﻿178,218,205,218,205,240,178,240,參
﻿178,240,205,240,205,261,178,261,政
﻿178,261,205,261,205,283,178,283,冬
﻿178,283,205,283,205,305,178,305,十
﻿178,305,205,305,205,326,178,326,月
﻿178,326,205,326,205,348,178,348,占
﻿178,348,205,348,205,370,178,370,城
﻿178,370,205,370,205,391,178,391,遣
﻿178,391,205,391,205,413,178,413,使
﻿178,413,205,413,205,435,178,435,來
﻿153,46,175,46,175,66,153,66,貢
﻿153,66,175,66,175,86,153,86,禮
﻿153,86,175,86,175,106,153,106,物
﻿153,106,175,106,175,126,153,126,甚
﻿153,126,175,126,175,146,153,146,簿
﻿126,47,144,47,144,66,126,66,丁
﻿126,66,144,66,144,85,126,85,亥
﻿126,85,144,85,144,104,126,104,七
﻿126,104,144,104,144,124,126,124,年
﻿134,127,149,127,149,144,134,144,元
﻿134,144,149,144,149,161,134,161,至
﻿134,161,149,161,149,178,134,178,正
﻿123,126,133,126,133,145,123,145,七
﻿123,145,133,145,133,165,123,165,年
﻿120,183,146,183,146,205,120,205,春
﻿120,205,146,205,146,228,120,228,正
﻿120,228,146,228,146,251,120,251,月
﻿120,251,146,251,146,274,120,274,朔
﻿120,274,146,274,146,297,120,297,日
﻿120,297,146,297,146,320,120,320,食
﻿120,320,146,320,146,343,120,343,夏
﻿120,343,146,343,146,366,120,366,六
﻿120,366,146,366,146,389,120,389,月
﻿120,389,146,389,146,412,120,412,保
﻿120,412,146,412,146,435,120,435,威
﻿90,45,116,45,116,65,90,65,王
﻿90,65,116,65,116,85,90,85,𤩽
﻿90,85,116,85,116,106,90,106,有
﻿90,106,116,106,116,126,90,126,罪
﻿90,126,116,126,116,147,90,147,出
﻿90,147,116,147,116,167,90,167,為
﻿90,167,116,167,116,188,90,188,望
﻿90,188,116,188,116,208,90,208,江
﻿90,208,116,208,116,229,90,229,鎮
﻿90,229,116,229,116,249,90,249,驃
﻿90,249,116,249,116,270,90,270,騎
﻿90,270,116,270,116,290,90,290,将
﻿90,290,116,290,116,311,90,311,軍
﻿90,311,116,311,116,331,90,331,尋
﻿90,331,116,331,116,352,90,352,殺
﻿90,352,116,352,116,372,90,372,之
﻿90,372,116,372,116,393,90,393,長
﻿90,393,116,393,116,413,90,413,安
﻿90,413,116,413,116,434,90,434,路
﻿59,44,86,44,86,64,59,64,萬
﻿59,64,86,64,86,85,59,85,女
﻿59,85,86,85,86,105,59,105,江
﻿59,105,86,105,86,126,59,126,國
﻿59,126,86,126,86,146,59,146,𥘉
﻿59,146,86,146,86,167,59,167,宋
﻿59,167,86,167,86,187,59,187,商
﻿59,187,86,187,86,208,59,208,舶
﻿59,208,86,208,86,228,59,228,來
﻿59,228,86,228,86,249,59,249,進
﻿59,249,86,249,86,269,59,269,小
﻿59,269,86,269,86,290,59,290,人
﻿59,290,86,290,86,310,59,310,國
﻿59,310,86,310,86,331,59,331,人
﻿59,331,86,331,86,351,59,351,身
﻿59,351,86,351,86,372,59,372,長
﻿59,372,86,372,86,392,59,392,七
﻿59,392,86,392,86,413,59,413,寸
﻿59,413,86,413,86,434,59,434,其
﻿30,44,55,44,55,64,30,64,聲
﻿30,64,55,64,55,84,30,84,似
﻿30,84,55,84,55,104,30,104,蝇
﻿30,104,55,104,55,125,30,125,不
﻿30,125,55,125,55,145,30,145,通
﻿30,145,55,145,55,165,30,165,言
﻿30,165,55,165,55,185,30,185,語
﻿30,185,55,185,55,206,30,206,又
﻿30,206,55,206,55,226,30,226,進
﻿30,226,55,226,55,246,30,246,火
﻿30,246,55,246,55,266,30,266,浣
﻿30,266,55,266,55,287,30,287,布
﻿30,287,55,287,55,307,30,307,一
﻿30,307,55,307,55,327,30,327,疋
﻿30,327,55,327,55,347,30,347,價
﻿30,347,55,347,55,368,30,368,錢
﻿30,368,55,368,55,388,30,388,每
﻿30,388,55,388,55,408,30,408,尺
﻿30,408,55,408,55,429,30,429,三
﻿1,46,25,46,25,66,1,66,百
﻿1,66,25,66,25,86,1,86,鏹
﻿1,86,25,86,25,106,1,106,留
﻿1,106,25,106,25,126,1,126,傳
﻿1,126,25,126,25,147,1,147,為
﻿1,147,25,147,25,167,1,167,貴
﻿1,167,25,167,25,187,1,187,物
﻿1,187,25,187,25,207,1,207,後
﻿1,207,25,207,25,227,1,227,制
﻿1,227,25,227,25,248,1,248,為
﻿1,248,25,248,25,268,1,268,御
﻿1,268,25,268,25,288,1,288,服
﻿1,288,25,288,25,308,1,308,制
﻿1,308,25,308,25,328,1,328,差
﻿1,328,25,328,25,349,1,349,短
﻿1,349,25,349,25,369,1,369,藏
﻿1,369,25,369,25,389,1,389,之
﻿1,389,25,389,25,409,1,409,内
﻿1,409,25,409,25,430,1,430,府
