248,33,270,33,270,53,248,53,大
﻿248,53,270,53,270,74,248,74,行
﻿248,74,270,74,270,95,248,95,皇
﻿248,95,270,95,270,116,248,116,帝
﻿248,116,270,116,270,137,248,137,大
﻿248,137,270,137,270,158,248,158,行
﻿248,158,270,158,270,179,248,179,皇
﻿248,179,270,179,270,200,248,200,后
﻿248,200,270,200,270,221,248,221,及
﻿248,221,270,221,270,241,248,241,寢
﻿248,241,270,241,270,262,248,262,陵
﻿248,262,270,262,270,283,248,283,既
﻿248,283,270,283,270,304,248,304,安
﻿248,304,270,304,270,325,248,325,則
﻿248,325,270,325,270,346,248,346,會
﻿248,346,270,346,270,367,248,367,羣
﻿248,367,270,367,270,388,248,388,臣
﻿248,388,270,388,270,409,248,409,議
﻿219,31,245,31,245,52,219,52,其
﻿219,52,245,52,245,73,219,73,德
﻿219,73,245,73,245,94,219,94,行
﻿219,94,245,94,245,115,219,115,之
﻿219,115,245,115,245,136,219,136,賢
﻿219,136,245,136,245,157,219,157,否
﻿219,157,245,157,245,178,219,178,以
﻿219,178,245,178,245,199,219,199,爲
﻿219,199,245,199,245,220,219,220,諡
﻿219,220,245,220,245,241,219,241,曰
﻿219,241,245,241,245,262,219,262,某
﻿219,262,245,262,245,283,219,283,皇
﻿219,283,245,283,245,304,219,304,帝
﻿219,304,245,304,245,325,219,325,某
﻿219,325,245,325,245,346,219,346,皇
﻿219,346,245,346,245,367,219,367,后
﻿219,367,245,367,245,388,219,388,不
﻿219,388,245,388,245,409,219,409,復
﻿191,32,217,32,217,52,191,52,以
﻿191,52,217,52,217,73,191,73,大
﻿191,73,217,73,217,94,191,94,行
﻿191,94,217,94,217,115,191,115,稱
﻿191,115,217,115,217,136,191,136,之
﻿191,136,217,136,217,157,191,157,黎
﻿191,157,217,157,217,177,191,177,大
﻿191,177,217,177,217,198,191,198,行
﻿191,198,217,198,217,219,191,219,乃
﻿191,219,217,219,217,240,191,240,以
﻿191,240,217,240,217,261,191,261,大
﻿191,261,217,261,217,282,191,282,行
﻿191,282,217,282,217,302,191,302,爲
﻿191,302,217,302,217,323,191,323,諡
﻿191,323,217,323,217,344,191,344,號
﻿191,344,217,344,217,365,191,365,相
﻿191,365,217,365,217,386,191,386,傳
﻿191,386,217,386,217,407,191,407,至
﻿160,31,187,31,187,51,160,51,今
﻿160,51,187,51,187,72,160,72,何
﻿160,72,187,72,187,93,160,93,哉
﻿160,93,187,93,187,114,160,114,盖
﻿160,114,187,114,187,135,160,135,以
﻿160,135,187,135,187,156,160,156,不
﻿160,156,187,156,187,177,160,177,肖
﻿160,177,187,177,187,198,160,198,之
﻿160,198,187,198,187,219,160,219,卧
﻿160,219,187,219,187,240,160,240,朝
﻿160,240,187,240,187,261,160,261,爲
﻿160,261,187,261,187,282,160,282,子
﻿160,282,187,282,187,303,160,303,又
﻿160,303,187,303,187,324,160,324,無
﻿160,324,187,324,187,345,160,345,儒
﻿160,345,187,345,187,366,160,366,臣
﻿160,366,187,366,187,387,160,387,弼
﻿160,387,187,387,187,408,160,408,亮
﻿134,32,158,32,158,52,134,52,之
﻿134,52,158,52,158,73,134,73,以
﻿134,73,158,73,158,93,134,93,議
﻿134,93,158,93,158,114,134,114,其
﻿134,114,158,114,158,134,134,134,諡
﻿134,134,158,134,158,155,134,155,法
﻿134,155,158,155,158,175,134,175,故
﻿134,175,158,175,158,196,134,196,也
﻿103,30,127,30,127,50,103,50,史
﻿103,50,127,50,127,71,103,71,臣
﻿103,71,127,71,127,92,103,92,吳
﻿103,92,127,92,127,112,103,112,士
﻿103,112,127,112,127,133,103,133,連
﻿103,133,127,133,127,154,103,154,曰
﻿103,154,127,154,127,175,103,175,帝
﻿103,175,127,175,127,195,103,195,之
﻿103,195,127,195,127,216,103,216,戰
﻿103,216,127,216,127,237,103,237,勝
﻿103,237,127,237,127,257,103,257,攻
﻿103,257,127,257,127,278,103,278,取
﻿103,278,127,278,127,299,103,299,斬
﻿103,299,127,299,127,320,103,320,占
﻿103,320,127,320,127,340,103,340,城
﻿103,340,127,340,127,361,103,361,主
﻿103,361,127,361,127,382,103,382,以
﻿103,382,127,382,127,403,103,403,雪
﻿72,29,99,29,99,49,72,49,藩
﻿72,49,99,49,99,70,72,70,夷
﻿72,70,99,70,99,91,72,91,執
﻿72,91,99,91,99,112,72,112,使
﻿72,112,99,112,99,133,72,133,之
﻿72,133,99,133,99,154,72,154,耻
﻿72,154,99,154,99,174,72,174,摧
﻿72,174,99,174,99,195,72,195,趙
﻿72,195,99,195,99,216,72,216,宋
﻿72,216,99,216,99,237,72,237,軍
﻿72,237,99,237,99,258,72,258,以
﻿72,258,99,258,99,279,72,279,挫
﻿72,279,99,279,99,299,72,299,軍
﻿72,299,99,299,99,320,72,320,臣
﻿72,320,99,320,99,341,72,341,必
﻿72,341,99,341,99,362,72,362,勝
﻿72,362,99,362,99,383,72,383,之
﻿72,383,99,383,99,404,72,404,謀
﻿42,29,68,29,68,49,42,49,可
﻿42,49,68,49,68,70,42,70,謂
﻿42,70,68,70,68,91,42,91,盖
﻿42,91,68,91,68,111,42,111,世
﻿42,111,68,111,68,132,42,132,英
﻿42,132,68,132,68,153,42,153,雄
﻿42,153,68,153,68,174,42,174,矣
﻿42,174,68,174,68,194,42,194,然
﻿42,194,68,194,68,215,42,215,居
﻿42,215,68,215,68,236,42,236,攝
﻿42,236,68,236,68,256,42,256,之
﻿42,256,68,256,68,277,42,277,時
﻿42,277,68,277,68,298,42,298,自
﻿42,298,68,298,68,319,42,319,稱
﻿42,319,68,319,68,339,42,339,副
﻿42,339,68,339,68,360,42,360,王
﻿42,360,68,360,68,381,42,381,至
﻿42,381,68,381,68,402,42,402,佃
﻿14,27,39,27,39,48,14,48,匐
﻿14,48,39,48,39,69,14,69,之
﻿14,69,39,69,39,90,14,90,起
﻿14,90,39,90,39,111,14,111,兵
﻿14,111,39,111,39,132,14,132,其
﻿14,132,39,132,39,153,14,153,即
﻿14,153,39,153,39,174,14,174,帝
﻿14,174,39,174,39,195,14,195,位
﻿14,195,39,195,39,216,14,216,也
﻿14,216,39,216,39,237,14,237,出
﻿14,237,39,237,39,258,14,258,於
﻿14,258,39,258,39,279,14,279,巨
﻿14,279,39,279,39,300,14,300,俩
﻿14,300,39,300,39,321,14,321,輩
﻿14,321,39,321,39,342,14,342,脅
﻿14,342,39,342,39,363,14,363,之
﻿14,363,39,363,39,384,14,384,以
﻿14,384,39,384,39,405,14,405,兵
