242,59,266,59,266,79,242,79,安
﻿242,79,266,79,266,100,242,100,邊
﻿242,100,266,100,266,121,242,121,亦
﻿242,121,266,121,266,142,242,142,繼
﻿242,142,266,142,266,163,242,163,體
﻿242,163,266,163,266,184,242,184,守
﻿242,184,266,184,266,205,242,205,成
﻿242,205,266,205,266,226,242,226,之
﻿242,226,266,226,266,247,242,247,君
﻿242,247,266,247,266,267,242,267,也
﻿242,267,266,267,266,288,242,288,明
﻿242,288,266,288,266,309,242,309,王
﻿242,309,266,309,266,330,242,330,嗣
﻿242,330,266,330,266,351,242,351,德
﻿242,351,266,351,266,372,242,372,之
﻿242,372,266,372,266,393,242,393,初
﻿242,393,266,393,266,414,242,414,安
﻿242,414,266,414,266,435,242,435,於
﻿211,61,235,61,235,81,211,81,縱
﻿211,81,235,81,235,102,211,102,弛
﻿211,102,235,102,235,123,211,123,樛
﻿211,123,235,123,235,144,211,144,后
﻿211,144,235,144,235,165,211,165,得
﻿211,165,235,165,235,186,211,186,寵
﻿211,186,235,186,235,207,211,207,越
﻿211,207,235,207,235,228,211,228,姬
﻿211,228,235,228,235,249,211,249,見
﻿211,249,235,249,235,269,211,269,󰲝
﻿211,269,235,269,235,290,211,290,國
﻿211,290,235,290,235,311,211,311,中
﻿211,311,235,311,235,332,211,332,不
﻿211,332,235,332,235,353,211,353,睦
﻿211,353,235,353,235,374,211,374,紀
﻿211,374,235,374,235,395,211,395,綱
﻿211,395,235,395,235,416,211,416,大
﻿211,416,235,416,235,437,211,437,亂
﻿182,59,206,59,206,79,182,79,哀
﻿182,79,206,79,206,100,182,100,王
﻿182,100,206,100,206,121,182,121,以
﻿182,121,206,121,206,142,182,142,童
﻿182,142,206,142,206,163,182,163,稚
﻿182,163,206,163,206,184,182,184,之
﻿182,184,206,184,206,205,182,205,年
﻿182,205,206,205,206,226,182,226,昧
﻿182,226,206,226,206,247,182,247,經
﻿182,247,206,247,206,267,182,267,國
﻿182,267,206,267,206,288,182,288,之
﻿182,288,206,288,206,309,182,309,理
﻿182,309,206,309,206,330,182,330,母
﻿182,330,206,330,206,351,182,351,后
﻿182,351,206,351,206,372,182,372,驕
﻿182,372,206,372,206,393,182,393,滛
﻿182,393,206,393,206,414,182,414,權
﻿182,414,206,414,206,435,182,435,臣
﻿146,59,178,59,178,79,146,79,執
﻿146,79,178,79,178,100,146,100,政
﻿146,100,178,100,178,121,146,121,而
﻿146,121,178,121,178,142,146,142,趙
﻿146,142,178,142,178,163,146,163,家
﻿146,163,178,163,178,184,146,184,基
﻿146,184,178,184,178,205,146,205,業
﻿146,205,178,205,178,226,146,226,卒
﻿146,226,178,226,178,247,146,247,至
﻿146,247,178,247,178,267,146,267,陵
﻿146,267,178,267,178,288,146,288,夷
﻿146,288,178,288,178,309,146,309,術
﻿146,309,178,309,178,330,146,330,陽
﻿146,330,178,330,178,351,146,351,王
﻿146,351,178,351,178,372,146,372,以
﻿146,372,178,372,178,393,146,393,哀
﻿146,393,178,393,178,414,146,414,王
﻿146,414,178,414,178,435,146,435,之
﻿120,62,145,62,145,82,120,82,兄
﻿120,82,145,82,145,103,120,103,建
﻿120,103,145,103,145,124,120,124,立
﻿120,124,145,124,145,145,120,145,於
﻿120,145,145,145,145,165,120,165,權
﻿120,165,145,165,145,186,120,186,臣
﻿120,186,145,186,145,207,120,207,之
﻿120,207,145,207,145,228,120,228,守
﻿120,228,145,228,145,249,120,249,智
﻿120,249,145,249,145,269,120,269,力
﻿120,269,145,269,145,290,120,290,短
﻿120,290,145,290,145,311,120,311,淺
﻿120,311,145,311,145,332,120,332,強
﻿120,332,145,332,145,352,120,352,虜
﻿120,352,145,352,145,373,120,373,來
﻿120,373,145,373,145,394,120,394,侵
﻿120,394,145,394,145,415,120,415,而
﻿120,415,145,415,145,436,120,436,趙
﻿92,61,116,61,116,81,92,81,氏
﻿92,81,116,81,116,102,92,102,基
﻿92,102,116,102,116,123,92,123,圖
﻿92,123,116,123,116,144,92,144,從
﻿92,144,116,144,116,165,92,165,茲
﻿92,165,116,165,116,186,92,186,蕧
﻿92,186,116,186,116,207,92,207,没
﻿92,207,116,207,116,228,92,228,迹
﻿92,228,116,228,116,249,92,249,其
﻿92,249,116,249,116,270,92,270,哀
﻿92,270,116,270,116,291,92,291,王
﻿92,291,116,291,116,312,92,312,之
﻿92,312,116,312,116,333,92,333,禍
﻿92,333,116,333,116,354,92,354,雖
﻿92,354,116,354,116,375,92,375,出
﻿92,375,116,375,116,396,92,396,於
﻿92,396,116,396,116,417,92,417,吕
﻿92,417,116,417,116,438,92,438,嘉
﻿61,60,84,60,84,80,61,80,而
﻿61,80,84,80,84,101,61,101,實
﻿61,101,84,101,84,122,61,122,由
﻿61,122,84,122,84,143,61,143,明
﻿61,143,84,143,84,164,61,164,王
﻿61,164,84,164,84,185,61,185,寵
﻿61,185,84,185,84,205,61,205,嬖
﻿61,205,84,205,84,226,61,226,樛
﻿61,226,84,226,84,247,61,247,后
﻿61,247,84,247,84,268,61,268,以
﻿61,268,84,268,84,289,61,289,啟
﻿61,289,84,289,84,310,61,310,之
﻿61,310,84,310,84,330,61,330,也
﻿61,330,84,330,84,351,61,351,女
﻿61,351,84,351,84,372,61,372,色
﻿61,372,84,372,84,393,61,393,之
﻿61,393,84,393,84,414,61,414,傾
﻿61,414,84,414,84,435,61,435,人
﻿28,58,55,58,55,79,28,79,國
﻿28,79,55,79,55,100,28,100,家
﻿28,100,55,100,55,121,28,121,如
﻿28,121,55,121,55,142,28,142,此
﻿28,142,55,142,55,163,28,163,深
﻿28,163,55,163,55,184,28,184,可
﻿28,184,55,184,55,205,28,205,為
﻿28,205,55,205,55,226,28,226,戒
﻿28,226,55,226,55,247,28,247,逮
﻿28,247,55,247,55,268,28,268,夫
﻿28,268,55,268,55,289,28,289,徵
﻿28,289,55,289,55,310,28,310,王
﻿28,310,55,310,55,331,28,331,胃
﻿28,331,55,331,55,352,28,352,出
﻿28,352,55,352,55,373,28,373,雄
﻿28,373,55,373,55,394,28,394,王
﻿28,394,55,394,55,415,28,415,之
﻿28,415,55,415,55,437,28,437,後
﻿2,60,26,60,26,81,2,81,姊
﻿2,81,26,81,26,102,2,102,妹
﻿2,102,26,102,26,123,2,123,俱
﻿2,123,26,123,26,144,2,144,以
﻿2,144,26,144,26,165,2,165,勇
﻿2,165,26,165,26,186,2,186,畧
﻿2,186,26,186,26,207,2,207,聞
﻿2,207,26,207,26,228,2,228,念
﻿2,228,26,228,26,249,2,249,蘇
﻿2,249,26,249,26,270,2,270,定
﻿2,270,26,270,26,291,2,291,苛
﻿2,291,26,291,26,312,2,312,政
﻿2,312,26,312,26,333,2,333,紏
﻿2,333,26,333,26,354,2,354,率
﻿2,354,26,354,26,375,2,375,諸
﻿2,375,26,375,26,396,2,396,部
﻿2,396,26,396,26,417,2,417,奮
﻿2,417,26,417,26,438,2,438,󰁮
