257,34,284,34,284,54,257,54,贑
﻿257,54,284,54,284,75,257,75,川
﻿257,75,284,75,284,96,257,96,侯
﻿257,96,284,96,284,117,257,117,黎
﻿257,117,284,117,284,138,257,138,能
﻿257,138,284,138,284,159,257,159,讓
﻿257,159,284,159,284,179,257,179,等
﻿257,179,284,179,284,200,257,200,昨
﻿257,200,284,200,284,221,257,221,得
﻿257,221,284,221,284,242,257,242,卿
﻿257,242,284,242,284,263,257,263,等
﻿257,263,284,263,284,284,257,284,上
﻿257,284,284,284,284,304,257,304,奏
﻿257,304,284,304,284,325,257,325,深
﻿257,325,284,325,284,346,257,346,爲
﻿257,346,284,346,284,367,257,367,宗
﻿257,367,284,367,284,388,257,388,社
﻿257,388,284,388,284,409,257,409,大
﻿228,34,255,34,255,54,228,54,計
﻿228,54,255,54,255,75,228,75,懇
﻿228,75,255,75,255,96,228,96,請
﻿228,96,255,96,255,117,228,117,建
﻿228,117,255,117,255,138,228,138,立
﻿228,138,255,138,255,159,228,159,皇
﻿228,159,255,159,255,179,228,179,儲
﻿228,179,255,179,255,200,228,200,朕
﻿228,200,255,200,255,221,228,221,甚
﻿228,221,255,221,255,242,228,242,嘉
﻿228,242,255,242,255,263,228,263,焉
﻿228,263,255,263,255,284,228,284,第
﻿228,284,255,284,255,304,228,304,一
﻿228,304,255,304,255,325,228,325,皇
﻿228,325,255,325,255,346,228,346,子
﻿228,346,255,346,255,367,228,367,洵
﻿228,367,255,367,255,388,228,388,好
﻿228,388,255,388,255,409,228,409,服
﻿198,32,226,32,226,53,198,53,女
﻿198,53,226,53,226,74,198,74,衣
﻿198,74,226,74,226,95,198,95,毒
﻿198,95,226,95,226,116,198,116,藥
﻿198,116,226,116,226,137,198,137,母
﻿198,137,226,137,226,158,198,158,氏
﻿198,158,226,158,226,179,198,179,第
﻿198,179,226,179,226,200,198,200,二
﻿198,200,226,200,226,221,198,221,皇
﻿198,221,226,221,226,242,198,242,子
﻿198,242,226,242,226,263,198,263,濬
﻿198,263,226,263,226,284,198,284,幼
﻿198,284,226,284,226,305,198,305,而
﻿198,305,226,305,226,326,198,326,不
﻿198,326,226,326,226,347,198,347,德
﻿198,347,226,347,226,368,198,368,恐
﻿198,368,226,368,226,389,198,389,弗
﻿198,389,226,389,226,411,198,411,克
﻿168,33,196,33,196,54,168,54,堪
﻿168,54,196,54,196,75,168,75,第
﻿168,75,196,75,196,96,168,96,三
﻿168,96,196,96,196,117,168,117,皇
﻿168,117,196,117,196,138,168,138,子
﻿168,138,196,138,196,159,168,159,㵮
﻿168,159,196,159,196,180,168,180,雅
﻿168,180,196,180,196,201,168,201,嗜
﻿168,201,196,201,196,222,168,222,詩
﻿168,222,196,222,196,243,168,243,書
﻿168,243,196,243,196,264,168,264,夙
﻿168,264,196,264,196,285,168,285,󰦛
﻿168,285,196,285,196,306,168,306,孝
﻿168,306,196,306,196,327,168,327,敬
﻿168,327,196,327,196,348,168,348,朕
﻿168,348,196,348,196,369,168,369,親
﻿168,369,196,369,196,390,168,390,撫
﻿168,390,196,390,196,411,168,411,育
﻿136,32,165,32,165,52,136,52,今
﻿136,52,165,52,165,73,136,73,已
﻿136,73,165,73,165,94,136,94,長
﻿136,94,165,94,165,115,136,115,成
﻿136,115,165,115,165,136,136,136,󰠣
﻿136,136,165,136,165,157,136,157,自
﻿136,157,165,157,165,178,136,178,公
﻿136,178,165,178,165,199,136,199,心
﻿136,199,165,199,165,220,136,220,隆
﻿136,220,165,220,165,240,136,240,以
﻿136,240,165,240,165,261,136,261,震
﻿136,261,165,261,165,282,136,282,噐
﻿136,282,165,282,165,303,136,303,殊
﻿136,303,165,303,165,324,136,324,非
﻿136,324,165,324,165,345,136,345,棄
﻿136,345,165,345,165,366,136,366,長
﻿136,366,165,366,165,387,136,387,立
﻿136,387,165,387,165,408,136,408,少
﻿107,33,133,33,133,53,107,53,盖
﻿107,53,133,53,133,74,107,74,爲
﻿107,74,133,74,133,95,107,95,天
﻿107,95,133,95,133,116,107,116,下
﻿107,116,133,116,133,137,107,137,檡
﻿107,137,133,137,133,158,107,158,君
﻿107,158,133,158,133,179,107,179,然
﻿107,179,133,179,133,200,107,200,東
﻿107,200,133,200,133,221,107,221,宫
﻿107,221,133,221,133,241,107,241,正
﻿107,241,133,241,133,262,107,262,殿
﻿107,262,133,262,133,283,107,283,朕
﻿107,283,133,283,133,304,107,304,猶
﻿107,304,133,304,133,325,107,325,居
﻿107,325,133,325,133,346,107,346,之
﻿107,346,133,346,133,367,107,367,宜
﻿107,367,133,367,133,388,107,388,扵
﻿107,388,133,388,133,409,107,409,殿
﻿76,32,104,32,104,52,76,52,側
﻿76,52,104,52,104,73,76,73,繕
﻿76,73,104,73,104,94,76,94,作
﻿76,94,104,94,104,115,76,115,新
﻿76,115,104,115,104,136,76,136,宫
﻿76,136,104,136,104,157,76,157,并
﻿76,157,104,157,104,178,76,178,建
﻿76,178,104,178,104,199,76,199,儲
﻿76,199,104,199,104,220,76,220,冊
﻿76,220,104,220,104,241,76,241,宣
﻿76,241,104,241,104,262,76,262,儀
﻿76,262,104,262,104,283,76,283,禮
﻿76,283,104,283,104,304,76,304,節
﻿76,304,104,304,104,325,76,325,文
﻿76,325,104,325,104,346,76,346,其
﻿76,346,104,346,104,367,76,367,令
﻿76,367,104,367,104,388,76,388,有
﻿76,388,104,388,104,409,76,409,司
﻿48,32,73,32,73,54,48,54,檡
﻿48,54,73,54,73,77,48,77,日
﻿48,77,73,77,73,100,48,100,行
﻿48,100,73,100,73,122,48,122,之
﻿48,122,73,122,73,145,48,145,申
﻿48,145,73,145,73,168,48,168,明
﻿48,168,73,168,73,190,48,190,禁
﻿48,190,73,190,73,213,48,213,戢
﻿48,213,73,213,73,236,48,236,盤
﻿48,236,73,236,73,258,48,258,饌
﻿48,258,73,258,73,281,48,281,奢
﻿48,281,73,281,73,304,48,304,侈
﻿48,304,73,304,73,327,48,327,事
﻿16,33,42,33,42,54,16,54,三
﻿16,54,42,54,42,75,16,75,月
﻿16,75,42,75,42,96,16,96,初
﻿16,96,42,96,42,117,16,117,二
﻿16,117,42,117,42,138,16,138,日
﻿16,138,42,138,42,159,16,159,行
﻿16,159,42,159,42,180,16,180,禫
﻿16,180,42,180,42,201,16,201,祭
﻿16,201,42,201,42,222,16,222,禮
﻿16,222,42,222,42,243,16,243,于
﻿16,243,42,243,42,264,16,264,聖
﻿16,264,42,264,42,285,16,285,宗
﻿16,285,42,285,42,306,16,306,是
﻿16,306,42,306,42,327,16,327,日
﻿16,327,42,327,42,348,16,348,除
﻿16,348,42,348,42,369,16,369,服
