239,31,263,31,263,51,239,51,公
﻿239,51,263,51,263,72,239,72,鄭
﻿239,72,263,72,263,93,239,93,模
﻿239,93,263,93,263,114,239,114,領
﻿239,114,263,114,263,135,239,135,兵
﻿239,135,263,135,263,156,239,156,救
﻿239,156,263,156,263,177,239,177,乂
﻿239,177,263,177,263,198,239,198,安
﻿239,198,263,198,263,219,239,219,𭁈
﻿239,219,263,219,263,239,239,239,莫
﻿239,239,263,239,263,260,239,260,阮
﻿239,260,263,260,263,281,239,281,倦
﻿239,281,263,281,263,302,239,302,相
﻿239,302,263,302,263,323,239,323,拒
﻿239,323,263,323,263,344,239,344,數
﻿239,344,263,344,263,365,239,365,月
﻿239,365,263,365,263,386,239,386,後
﻿239,386,263,386,263,407,239,407,倦
﻿207,30,234,30,234,50,207,50,等
﻿207,50,234,50,234,71,207,71,領
﻿207,71,234,71,234,92,207,92,兵
﻿207,92,234,92,234,113,207,113,還
﻿207,113,234,113,234,134,207,134,京
﻿207,134,234,134,234,155,207,155,公
﻿207,155,234,155,234,176,207,176,績
﻿207,176,234,176,234,197,207,197,亦
﻿207,197,234,197,234,218,207,218,收
﻿207,218,234,218,234,238,207,238,兵
﻿207,238,234,238,234,259,207,259,回
﻿207,259,234,259,234,280,207,280,清
﻿207,280,234,280,234,301,207,301,華
﻿207,301,234,301,234,322,207,322,時
﻿207,322,234,322,234,343,207,343,節
﻿207,343,234,343,234,364,207,364,制
﻿207,364,234,364,234,385,207,385,鄭
﻿207,385,234,385,234,406,207,406,松
﻿177,32,204,32,204,52,177,52,兼
﻿177,52,204,52,204,73,177,73,統
﻿177,73,204,73,204,94,177,94,内
﻿177,94,204,94,204,114,177,114,外
﻿177,114,204,114,204,135,177,135,鄭
﻿177,135,204,135,204,156,177,156,永
﻿177,156,204,156,204,177,177,177,紹
﻿177,177,204,177,204,197,177,197,鄭
﻿177,197,204,197,204,218,177,218,栢
﻿177,218,204,218,204,239,177,239,良
﻿177,239,204,239,204,259,177,259,郡
﻿177,259,204,259,204,280,177,280,公
﻿177,280,204,280,204,301,177,301,等
﻿177,301,204,301,204,322,177,322,隂
﻿177,322,204,322,204,342,177,342,謀
﻿177,342,204,342,204,363,177,363,圖
﻿177,363,204,363,204,384,177,384,害
﻿177,384,204,384,204,405,177,405,事
﻿146,32,175,32,175,52,146,52,泄
﻿146,52,175,52,175,73,146,73,俱
﻿146,73,175,73,175,94,146,94,繋
﻿146,94,175,94,175,115,146,115,獄
﻿146,115,175,115,175,135,146,135,議
﻿146,135,175,135,175,156,146,156,罪
﻿146,156,175,156,175,177,146,177,太
﻿146,177,175,177,175,198,146,198,王
﻿146,198,175,198,175,219,146,219,妃
﻿146,219,175,219,175,239,146,239,阮
﻿146,239,175,239,175,260,146,260,氏
﻿146,260,175,260,175,281,146,281,力
﻿146,281,175,281,175,302,146,302,救
﻿146,302,175,302,175,322,146,322,之
﻿146,322,175,322,175,343,146,343,得
﻿146,343,175,343,175,364,146,364,免
﻿146,364,175,364,175,385,146,385,削
﻿146,385,175,385,175,406,146,406,其
﻿120,29,143,29,143,52,120,52,權
﻿131,55,144,55,144,74,131,74,太
﻿131,74,144,74,144,94,131,94,王
﻿131,94,144,94,144,114,131,114,妃
﻿131,114,144,114,144,134,131,134,節
﻿131,134,144,134,144,154,131,154,鄭
﻿117,55,130,55,130,74,117,74,松
﻿117,74,130,74,130,94,117,94,母
﻿117,94,130,94,130,113,117,113,也
﻿117,113,130,113,130,133,117,133,制
﻿85,32,113,32,113,52,85,52,二
﻿85,52,113,52,113,73,85,73,十
﻿85,73,113,73,113,93,85,93,日
﻿85,93,113,93,113,114,85,114,莫
﻿85,114,113,114,113,135,85,135,封
﻿85,135,113,135,113,155,85,155,莅
﻿85,155,113,155,113,176,85,176,王
﻿85,176,113,176,113,196,85,196,莫
﻿85,196,113,196,113,217,85,217,履
﻿85,217,113,217,113,238,85,238,遜
﻿85,238,113,238,113,258,85,258,長
﻿85,258,113,258,113,279,85,279,子
﻿85,279,113,279,113,299,85,299,莫
﻿85,299,113,299,113,320,85,320,琪
﻿85,320,113,320,113,341,85,341,爲
﻿85,341,113,341,113,361,85,361,興
﻿85,361,113,361,113,382,85,382,禮
﻿85,382,113,382,113,403,85,403,王
﻿59,12,83,12,83,32,59,32,乙
﻿59,32,83,32,83,52,59,52,亥
﻿59,52,83,52,83,72,59,72,三
﻿59,72,83,72,83,93,59,93,年
﻿70,96,83,96,83,116,70,116,莫
﻿70,116,83,116,83,136,70,136,崇
﻿70,136,83,136,83,157,70,157,康
﻿70,157,83,157,83,177,70,177,十
﻿70,177,83,177,83,198,70,198,年
﻿55,96,69,96,69,116,55,116,明
﻿55,116,69,116,69,136,55,136,萬
﻿55,136,69,136,69,157,55,157,曆
﻿55,157,69,157,69,177,55,177,三
﻿55,177,69,177,69,198,55,198,年
﻿55,200,80,200,80,220,55,220,正
﻿55,220,80,220,80,240,55,240,月
﻿55,240,80,240,80,260,55,260,六
﻿55,260,80,260,80,280,55,280,日
﻿55,280,80,280,80,301,55,301,莫
﻿55,301,80,301,80,321,55,321,遣
﻿55,321,80,321,80,341,55,341,敬
﻿55,341,80,341,80,361,55,361,典
﻿55,361,80,361,80,381,55,381,領
﻿55,381,80,381,80,402,55,402,兵
﻿24,29,53,29,53,49,24,49,侵
﻿24,49,53,49,53,70,24,70,掠
﻿24,70,53,70,53,91,24,91,清
﻿24,91,53,91,53,111,24,111,華
﻿24,111,53,111,53,132,24,132,阮
﻿24,132,53,132,53,153,24,153,倦
﻿24,153,53,153,53,173,24,173,等
﻿24,173,53,173,53,194,24,194,領
﻿24,194,53,194,53,215,24,215,兵
﻿24,215,53,215,53,235,24,235,侵
﻿24,235,53,235,53,256,24,256,掠
﻿24,256,53,256,53,277,24,277,乂
﻿24,277,53,277,53,297,24,297,安
﻿24,297,53,297,53,318,24,318,是
﻿24,318,53,318,53,339,24,339,時
﻿24,339,53,339,53,359,24,359,莫
﻿24,359,53,359,53,380,24,380,氏
﻿24,380,53,380,53,401,24,401,兵
﻿0,27,23,27,23,47,0,47,強
﻿0,47,23,47,23,68,0,68,所
﻿0,68,23,68,23,89,0,89,至
﻿0,89,23,89,23,110,0,110,人
﻿0,110,23,110,23,131,0,131,皆
﻿0,131,23,131,23,152,0,152,草
﻿0,152,23,152,23,173,0,173,靡
﻿0,173,23,173,23,194,0,194,遠
﻿0,194,23,194,23,215,0,215,遁
﻿0,215,23,215,23,236,0,236,山
﻿0,236,23,236,23,257,0,257,林
﻿0,257,23,257,23,278,0,278,以
﻿0,278,23,278,23,299,0,299,避
﻿0,299,23,299,23,320,0,320,其
﻿0,320,23,320,23,341,0,341,鋒
﻿0,341,23,341,23,362,0,362,敬
﻿0,362,23,362,23,383,0,383,典
﻿0,383,23,383,23,404,0,404,自
