261,30,281,30,281,50,261,50,伯
﻿261,50,281,50,281,71,261,71,駙
﻿261,71,281,71,281,92,261,92,馬
﻿261,92,281,92,281,113,261,113,都
﻿261,113,281,113,281,134,261,134,尉
﻿261,134,281,134,281,155,261,155,文
﻿261,155,281,155,281,176,261,176,武
﻿261,176,281,176,281,197,261,197,臣
﻿261,197,281,197,281,218,261,218,僚
﻿261,218,281,218,281,238,261,238,同
﻿261,238,281,238,281,259,261,259,心
﻿261,259,281,259,281,280,261,280,推
﻿261,280,281,280,281,301,261,301,戴
﻿261,301,281,301,281,322,261,322,謂
﻿261,322,281,322,281,343,261,343,生
﻿261,343,281,343,281,364,261,364,民
﻿261,364,281,364,281,385,261,385,不
﻿261,385,281,385,281,406,261,406,可
﻿232,29,254,29,254,49,232,49,無
﻿232,49,254,49,254,70,232,70,主
﻿232,70,254,70,254,91,232,91,神
﻿232,91,254,91,254,111,232,111,噐
﻿232,111,254,111,254,132,232,132,不
﻿232,132,254,132,254,153,232,153,可
﻿232,153,254,153,254,174,232,174,久
﻿232,174,254,174,254,194,232,194,虚
﻿232,194,254,194,254,215,232,215,同
﻿232,215,254,215,254,236,232,236,請
﻿232,236,254,236,254,256,232,256,于
﻿232,256,254,256,254,277,232,277,予
﻿232,277,254,277,254,298,232,298,纂
﻿232,298,254,298,254,319,232,319,承
﻿232,319,254,319,254,339,232,339,大
﻿232,339,254,339,254,360,232,360,統
﻿232,360,254,360,254,381,232,381,予
﻿232,381,254,381,254,402,232,402,以
﻿201,31,225,31,225,51,201,51,宗
﻿201,51,225,51,225,72,201,72,社
﻿201,72,225,72,225,93,201,93,生
﻿201,93,225,93,225,113,201,113,民
﻿201,113,225,113,225,134,201,134,之
﻿201,134,225,134,225,155,201,155,故
﻿201,155,225,155,225,176,201,176,義
﻿201,176,225,176,225,196,201,196,不
﻿201,196,225,196,225,217,201,217,容
﻿201,217,225,217,225,238,201,238,辭
﻿201,238,225,238,225,258,201,258,已
﻿201,258,225,258,225,279,201,279,權
﻿201,279,225,279,225,300,201,300,勾
﻿201,300,225,300,225,321,201,321,當
﻿201,321,225,321,225,341,201,341,宮
﻿201,341,225,341,225,362,201,362,中
﻿201,362,225,362,225,383,201,383,各
﻿201,383,225,383,225,404,201,404,務
﻿171,31,197,31,197,51,171,51,内
﻿171,51,197,51,197,72,171,72,外
﻿171,72,197,72,197,93,171,93,文
﻿171,93,197,93,197,114,171,114,武
﻿171,114,197,114,197,135,171,135,臣
﻿171,135,197,135,197,156,171,156,僚
﻿171,156,197,156,197,176,171,176,守
﻿171,176,197,176,197,197,171,197,職
﻿171,197,197,197,197,218,171,218,如
﻿171,218,197,218,197,239,171,239,故
﻿171,239,197,239,197,260,171,260,護
﻿171,260,197,260,197,281,171,281,衛
﻿171,281,197,281,197,301,171,301,及
﻿171,301,197,301,197,322,171,322,在
﻿171,322,197,322,197,343,171,343,京
﻿171,343,197,343,197,364,171,364,諸
﻿171,364,197,364,197,385,171,385,營
﻿171,385,197,385,197,406,171,406,将
﻿143,33,166,33,166,53,143,53,士
﻿143,53,166,53,166,74,143,74,嚴
﻿143,74,166,74,166,95,143,95,加
﻿143,95,166,95,166,115,143,115,宿
﻿143,115,166,115,166,136,143,136,直
﻿143,136,166,136,166,157,143,157,守
﻿143,157,166,157,166,177,143,177,僃
﻿143,177,166,177,166,198,143,198,如
﻿143,198,166,198,166,219,143,219,法
﻿143,219,166,219,166,239,143,239,奉
﻿143,239,166,239,166,260,143,260,天
﻿143,260,166,260,166,281,143,281,府
﻿143,281,166,281,166,301,143,301,及
﻿143,301,166,301,166,322,143,322,各
﻿143,322,166,322,166,343,143,343,府
﻿143,343,166,343,166,363,143,363,縣
﻿143,363,166,363,166,384,143,384,社
﻿143,384,166,384,166,405,143,405,員
﻿112,31,136,31,136,51,112,51,人
﻿112,51,136,51,136,72,112,72,安
﻿112,72,136,72,136,93,112,93,居
﻿112,93,136,93,136,113,112,113,樂
﻿112,113,136,113,136,134,112,134,業
﻿112,134,136,134,136,155,112,155,以
﻿112,155,136,155,136,176,112,176,保
﻿112,176,136,176,136,196,112,196,生
﻿112,196,136,196,136,217,112,217,全
﻿112,217,136,217,136,238,112,238,之
﻿112,238,136,238,136,258,112,258,福
﻿112,258,136,258,136,279,112,279,三
﻿112,279,136,279,136,300,112,300,十
﻿112,300,136,300,136,321,112,321,日
﻿112,321,136,321,136,341,112,341,黎
﻿112,341,136,341,136,362,112,362,琱
﻿112,362,136,362,136,383,112,383,阮
﻿112,383,136,383,136,404,112,404,如
﻿82,31,105,31,105,51,82,51,桂
﻿82,51,105,51,105,72,82,72,奉
﻿82,72,105,72,105,93,82,93,春
﻿82,93,105,93,105,114,82,114,幸
﻿82,114,105,114,105,135,82,135,嘉
﻿82,135,105,135,105,156,82,156,福
﻿82,156,105,156,105,176,82,176,洪
﻿82,176,105,176,105,197,82,197,市
﻿82,197,105,197,105,218,82,218,遂
﻿82,218,105,218,105,239,82,239,作
﻿82,239,105,239,105,260,82,260,行
﻿82,260,105,260,105,281,82,281,殿
﻿82,281,105,281,105,301,82,301,仍
﻿82,301,105,301,105,322,82,322,急
﻿82,322,105,322,105,343,82,343,在
﻿82,343,105,343,105,364,82,364,軍
﻿82,364,105,364,105,385,82,385,民
﻿82,385,105,385,105,406,82,406,築
﻿51,31,75,31,75,51,51,51,錦
﻿51,51,75,51,75,72,51,72,江
﻿51,72,75,72,75,93,51,93,壘
﻿51,93,75,93,75,114,51,114,以
﻿51,114,75,114,75,135,51,135,自
﻿51,135,75,135,75,156,51,156,守
﻿51,156,75,156,75,177,51,177,北
﻿51,177,75,177,75,198,51,198,江
﻿51,198,75,198,75,219,51,219,副
﻿51,219,75,219,75,240,51,240,都
﻿51,240,75,240,75,261,51,261,将
﻿51,261,75,261,75,282,51,282,福
﻿51,282,75,282,75,303,51,303,山
﻿51,303,75,303,75,324,51,324,伯
﻿51,324,75,324,75,345,51,345,何
﻿51,345,75,345,75,366,51,366,飛
﻿51,366,75,366,75,387,51,387,鶽
﻿51,387,75,387,75,408,51,408,平
﻿22,33,45,33,45,53,22,53,湖
﻿22,53,45,53,45,74,22,74,伯
﻿22,74,45,74,45,95,22,95,嚴
﻿22,95,45,95,45,115,22,115,伯
﻿22,115,45,115,45,136,22,136,驥
﻿22,136,45,136,45,157,22,157,福
﻿22,157,45,157,45,178,22,178,源
﻿22,178,45,178,45,198,22,198,伯
﻿22,198,45,198,45,219,22,219,阮
﻿22,219,45,219,45,240,22,240,熾
﻿22,240,45,240,45,260,22,260,扶
﻿22,260,45,260,45,281,22,281,興
﻿22,281,45,281,45,302,22,302,伯
﻿22,302,45,302,45,323,22,323,范
﻿22,323,45,323,45,343,22,343,在
﻿22,343,45,343,45,364,22,364,等
﻿22,364,45,364,45,385,22,385,先
﻿22,385,45,385,45,406,22,406,受
