259,12,283,12,283,33,259,33,見
﻿259,33,283,33,283,54,259,54,有
﻿259,54,283,54,283,75,259,75,賜
﻿259,75,283,75,283,97,259,97,姓
﻿259,97,283,97,283,118,259,118,至
﻿259,118,283,118,283,139,259,139,漢
﻿259,139,283,139,283,160,259,160,髙
﻿259,160,283,160,283,182,259,182,祖
﻿259,182,283,182,283,203,259,203,以
﻿259,203,283,203,283,224,259,224,婁
﻿259,224,283,224,283,245,259,245,敬
﻿259,245,283,245,283,267,259,267,上
﻿259,267,283,267,283,288,259,288,見
﻿259,288,283,288,283,309,259,309,都
﻿259,309,283,309,283,330,259,330,之
﻿259,330,283,330,283,352,259,352,策
﻿259,352,283,352,283,373,259,373,則
﻿259,373,283,373,283,394,259,394,賜
﻿259,394,283,394,283,416,259,416,姓
﻿231,11,253,11,253,32,231,32,劉
﻿231,32,253,32,253,53,231,53,氏
﻿231,53,253,53,253,74,231,74,唐
﻿231,74,253,74,253,95,231,95,高
﻿231,95,253,95,253,116,231,116,祖
﻿231,116,253,116,253,137,231,137,嘉
﻿231,137,253,137,253,159,231,159,世
﻿231,159,253,159,253,180,231,180,勣
﻿231,180,253,180,253,201,231,201,真
﻿231,201,253,201,253,222,231,222,純
﻿231,222,253,222,253,243,231,243,臣
﻿231,243,253,243,253,264,231,264,之
﻿231,264,253,264,253,286,231,286,節
﻿231,286,253,286,253,307,231,307,則
﻿231,307,253,307,253,328,231,328,賜
﻿231,328,253,328,253,349,231,349,姓
﻿231,349,253,349,253,370,231,370,李
﻿231,370,253,370,253,391,231,391,氏
﻿231,391,253,391,253,413,231,413,皆
﻿200,12,222,12,222,33,200,33,是
﻿200,33,222,33,222,54,200,54,駕
﻿200,54,222,54,222,75,200,75,馭
﻿200,75,222,75,222,96,200,96,豪
﻿200,96,222,96,222,117,200,117,傑
﻿200,117,222,117,222,138,200,138,之
﻿200,138,222,138,222,159,200,159,節
﻿200,159,222,159,222,180,200,180,其
﻿200,180,222,180,222,201,200,201,原
﻿200,201,222,201,222,222,200,222,一
﻿200,222,222,222,222,243,200,243,開
﻿200,243,222,243,222,264,200,264,流
﻿200,264,222,264,222,285,200,285,而
﻿200,285,222,285,222,306,200,306,爲
﻿200,306,222,306,222,327,200,327,弊
﻿200,327,222,327,222,348,200,348,為
﻿200,348,222,348,222,369,200,369,之
﻿200,369,222,369,222,390,200,390,臣
﻿200,390,222,390,222,412,200,412,者
﻿168,12,192,12,192,33,168,33,亦
﻿168,33,192,33,192,54,168,54,幸
﻿168,54,192,54,192,75,168,75,以
﻿168,75,192,75,192,96,168,96,榮
﻿168,96,192,96,192,117,168,117,殊
﻿168,117,192,117,192,138,168,138,不
﻿168,138,192,138,192,159,168,159,知
﻿168,159,192,159,192,180,168,180,姓
﻿168,180,192,180,192,201,168,201,有
﻿168,201,192,201,192,223,168,223,譜
﻿168,223,192,223,192,244,168,244,系
﻿168,244,192,244,192,265,168,265,固
﻿168,265,192,265,192,286,168,286,不
﻿168,286,192,286,192,307,168,307,可
﻿168,307,192,307,192,328,168,328,混
﻿168,328,192,328,192,349,168,349,賜
﻿168,349,192,349,192,370,168,370,之
﻿168,370,192,370,192,391,168,391,失
﻿168,391,192,391,192,413,168,413,所
﻿138,12,162,12,162,33,138,33,係
﻿138,33,162,33,162,54,138,54,最
﻿138,54,162,54,162,75,138,75,大
﻿138,75,162,75,162,96,138,96,以
﻿138,96,162,96,162,117,138,117,人
﻿138,117,162,117,162,138,138,138,臣
﻿138,138,162,138,162,159,138,159,而
﻿138,159,162,159,162,180,138,180,同
﻿138,180,162,180,162,201,138,201,國
﻿138,201,162,201,162,222,138,222,姓
﻿138,222,162,222,162,243,138,243,則
﻿138,243,162,243,162,264,138,264,不
﻿138,264,162,264,162,285,138,285,敬
﻿138,285,162,285,162,306,138,306,以
﻿138,306,162,306,162,327,138,327,人
﻿138,327,162,327,162,348,138,348,子
﻿138,348,162,348,162,369,138,369,而
﻿138,369,162,369,162,390,138,390,忘
﻿138,390,162,390,162,412,138,412,本
﻿106,12,129,12,129,33,106,33,族
﻿106,33,129,33,129,54,106,54,則
﻿106,54,129,54,129,75,106,75,不
﻿106,75,129,75,129,96,106,96,孝
﻿106,96,129,96,129,117,106,117,孰
﻿106,117,129,117,129,138,106,138,有
﻿106,138,129,138,129,159,106,159,不
﻿106,159,129,159,129,180,106,180,敬
﻿106,180,129,180,129,201,106,201,不
﻿106,201,129,201,129,222,106,222,孝
﻿106,222,129,222,129,243,106,243,而
﻿106,243,129,243,129,264,106,264,能
﻿106,264,129,264,129,285,106,285,濟
﻿106,285,129,285,129,306,106,306,事
﻿106,306,129,306,129,327,106,327,哉
﻿106,327,129,327,129,348,106,348,宜
﻿106,348,129,348,129,369,106,369,革
﻿106,369,129,369,129,390,106,390,正
﻿106,390,129,390,129,411,106,411,之
﻿75,12,102,12,102,33,75,33,凡
﻿75,33,102,33,102,54,75,54,人
﻿75,54,102,54,102,75,75,75,臣
﻿75,75,102,75,102,96,75,96,得
﻿75,96,102,96,102,117,75,117,賜
﻿75,117,102,117,102,138,75,138,國
﻿75,138,102,138,102,159,75,159,姓
﻿75,159,102,159,102,180,75,180,並
﻿75,180,102,180,102,201,75,201,許
﻿75,201,102,201,102,222,75,222,改
﻿75,222,102,222,102,243,75,243,還
﻿75,243,102,243,102,264,75,264,祖
﻿75,264,102,264,102,285,75,285,父
﻿75,285,102,285,102,306,75,306,本
﻿75,306,102,306,102,327,75,327,姓
﻿75,327,102,327,102,348,75,348,使
﻿75,348,102,348,102,369,75,369,澄
﻿75,369,102,369,102,390,75,390,天
﻿75,390,102,390,102,411,75,411,璜
﻿43,12,70,12,70,34,43,34,之
﻿43,34,70,34,70,56,43,56,宗
﻿43,56,70,56,70,78,43,78,派
﻿43,78,70,78,70,100,43,100,明
﻿43,100,70,100,70,122,43,122,姓
﻿43,122,70,122,70,145,43,145,氏
﻿43,145,70,145,70,167,43,167,之
﻿43,167,70,167,70,189,43,189,本
﻿43,189,70,189,70,211,43,211,原
﻿43,211,70,211,70,233,43,233,帝
﻿43,233,70,233,70,255,43,255,從
﻿43,255,70,255,70,278,43,278,之
﻿43,278,70,278,70,300,43,300,宣
﻿43,300,70,300,70,322,43,322,光
﻿43,322,70,322,70,344,43,344,鎮
﻿43,344,70,344,70,366,43,366,守
﻿43,366,70,366,70,388,43,388,副
﻿43,388,70,388,70,411,43,411,總
﻿13,13,40,13,40,34,13,34,兵
﻿13,34,40,34,40,55,13,55,黎
﻿13,55,40,55,40,76,13,76,饋
﻿13,76,40,76,40,97,13,97,奏
﻿13,97,40,97,40,118,13,118,本
﻿13,118,40,118,40,139,13,139,鎮
﻿13,139,40,139,40,160,13,160,𫎇
﻿13,160,40,160,40,181,13,181,當
﻿13,181,40,181,40,202,13,202,社
﻿13,202,40,202,40,223,13,223,被
﻿13,223,40,223,40,244,13,244,吒
﻿13,244,40,244,40,265,13,265,音
﻿13,265,40,265,40,286,13,286,?
﻿13,286,40,286,40,307,13,307,人
﻿13,307,40,307,40,328,13,328,燒
﻿13,328,40,328,40,349,13,349,毀
﻿13,349,40,349,40,370,13,370,人
﻿13,370,40,370,40,391,13,391,家
﻿13,391,40,391,40,412,13,412,察
