250,35,273,35,273,56,250,56,挺
﻿250,56,273,56,273,77,250,77,身
﻿250,77,273,77,273,98,250,98,躍
﻿250,98,273,98,273,119,250,119,過
﻿250,119,273,119,273,140,250,140,倦
﻿250,140,273,140,273,162,250,162,船
﻿250,162,273,162,273,183,250,183,頭
﻿250,183,273,183,273,204,250,204,倦
﻿250,204,273,204,273,225,250,225,提
﻿250,225,273,225,273,246,250,246,劎
﻿250,246,273,246,273,267,250,267,斬
﻿250,267,273,267,273,289,250,289,之
﻿250,289,273,289,273,310,250,310,武
﻿250,310,273,310,273,331,250,331,陵
﻿250,331,273,331,273,352,250,352,没
﻿250,352,273,352,273,373,250,373,入
﻿250,373,273,373,273,394,250,394,水
﻿250,394,273,394,273,416,250,416,中
﻿219,34,244,34,244,55,219,55,去
﻿219,55,244,55,244,76,219,76,倦
﻿219,76,244,76,244,97,219,97,乃
﻿219,97,244,97,244,118,219,118,自
﻿219,118,244,118,244,139,219,139,急
﻿219,139,244,139,244,161,219,161,躍
﻿219,161,244,161,244,182,219,182,過
﻿219,182,244,182,244,203,219,203,武
﻿219,203,244,203,244,224,219,224,陵
﻿219,224,244,224,244,245,219,245,侯
﻿219,245,244,245,244,266,219,266,船
﻿219,266,244,266,244,288,219,288,斬
﻿219,288,244,288,244,309,219,309,獲
﻿219,309,244,309,244,330,219,330,其
﻿219,330,244,330,244,351,219,351,把
﻿219,351,244,351,244,372,219,372,𢂎
﻿219,372,244,372,244,393,219,393,人
﻿219,393,244,393,244,415,219,415,頭
﻿189,37,212,37,212,57,189,57,大
﻿189,57,212,57,212,78,189,78,呼
﻿189,78,212,78,212,99,189,99,?
﻿189,99,212,99,212,120,189,120,武
﻿189,120,212,120,212,141,189,141,陵
﻿189,141,212,141,212,162,189,162,頭
﻿189,162,212,162,212,183,189,183,在
﻿189,183,212,183,212,204,189,204,此
﻿189,204,212,204,212,225,189,225,汝
﻿189,225,212,225,212,246,189,246,等
﻿189,246,212,246,212,267,189,267,如
﻿189,267,212,267,212,288,189,288,何
﻿189,288,212,288,212,309,189,309,敵
﻿189,309,212,309,212,330,189,330,得
﻿189,330,212,330,212,351,189,351,我
﻿189,351,212,351,212,372,189,372,諸
﻿189,372,212,372,212,393,189,393,軍
﻿189,393,212,393,212,414,189,414,聞
﻿156,38,182,38,182,59,156,59,之
﻿156,59,182,59,182,80,156,80,不
﻿156,80,182,80,182,101,156,101,及
﻿156,101,182,101,182,122,156,122,回
﻿156,122,182,122,182,143,156,143,顧
﻿156,143,182,143,182,164,156,164,遂
﻿156,164,182,164,182,185,156,185,頭
﻿156,185,182,185,182,206,156,206,于
﻿156,206,182,206,182,227,156,227,水
﻿156,227,182,227,182,248,156,248,大
﻿156,248,182,248,182,269,156,269,眾
﻿156,269,182,269,182,290,156,290,隨
﻿156,290,182,290,182,311,156,311,潰
﻿156,311,182,311,182,332,156,332,棄
﻿156,332,182,332,182,353,156,353,船
﻿156,353,182,353,182,374,156,374,上
﻿156,374,182,374,182,395,156,395,岸
﻿156,395,182,395,182,416,156,416,莫
﻿126,40,151,40,151,60,126,60,兵
﻿126,60,151,60,151,81,126,81,乘
﻿126,81,151,81,151,102,126,102,勝
﻿126,102,151,102,151,123,126,123,各
﻿126,123,151,123,151,144,126,144,縣
﻿126,144,151,144,151,165,126,165,人
﻿126,165,151,165,151,186,126,186,民
﻿126,186,151,186,151,207,126,207,俱
﻿126,207,151,207,151,228,126,228,應
﻿126,228,151,228,151,248,126,248,之
﻿126,248,151,248,151,269,126,269,太
﻿126,269,151,269,151,290,126,290,師
﻿126,290,151,290,151,311,126,311,急
﻿126,311,151,311,151,332,126,332,議
﻿126,332,151,332,151,353,126,353,回
﻿126,353,151,353,151,374,126,374,兵
﻿126,374,151,374,151,395,126,395,莫
﻿126,395,151,395,151,416,126,416,使
﻿93,38,120,38,120,59,93,59,将
﻿93,59,120,59,120,80,93,80,将
﻿93,80,120,80,120,101,93,101,兵
﻿93,101,120,101,120,122,93,122,截
﻿93,122,120,122,120,143,93,143,其
﻿93,143,120,143,120,164,93,164,歸
﻿93,164,120,164,120,185,93,185,路
﻿93,185,120,185,120,206,93,206,軍
﻿93,206,120,206,120,227,93,227,士
﻿93,227,120,227,120,248,93,248,多
﻿93,248,120,248,120,269,93,269,受
﻿93,269,120,269,120,290,93,290,其
﻿93,290,120,290,120,311,93,311,害
﻿93,311,120,311,120,332,93,332,戰
﻿93,332,120,332,120,353,93,353,将
﻿93,353,120,353,120,374,93,374,死
﻿93,374,120,374,120,395,93,395,者
﻿93,395,120,395,120,417,93,417,數
﻿64,35,88,35,88,56,64,56,十
﻿64,56,88,56,88,78,64,78,員
﻿64,78,88,78,88,100,64,100,船
﻿64,100,88,100,88,121,64,121,艘
﻿64,121,88,121,88,143,64,143,噐
﻿64,143,88,143,88,165,64,165,械
﻿64,165,88,165,88,187,64,187,盡
﻿64,187,88,187,88,208,64,208,棄
﻿64,208,88,208,88,230,64,230,士
﻿64,230,88,230,88,252,64,252,卒
﻿64,252,88,252,88,273,64,273,脱
﻿64,273,88,273,88,295,64,295,者
﻿64,295,88,295,88,317,64,317,相
﻿64,317,88,317,88,339,64,339,半
﻿33,37,58,37,58,58,33,58,十
﻿33,58,58,58,58,79,33,79,月
﻿33,79,58,79,58,100,33,100,太
﻿33,100,58,100,58,121,33,121,師
﻿33,121,58,121,58,142,33,142,回
﻿33,142,58,142,58,163,33,163,兵
﻿33,163,58,163,58,184,33,184,清
﻿33,184,58,184,58,205,33,205,華
﻿33,205,58,205,58,226,33,226,令
﻿33,226,58,226,58,247,33,247,諸
﻿33,247,58,247,58,268,33,268,将
﻿33,268,58,268,58,289,33,289,撫
﻿33,289,58,289,58,310,33,310,養
﻿33,310,58,310,58,331,33,331,士
﻿33,331,58,331,58,352,33,352,卒
﻿33,352,58,352,58,373,33,373,修
﻿33,373,58,373,58,394,33,394,練
﻿33,394,58,394,58,416,33,416,噐
﻿5,39,29,39,29,59,5,59,械
﻿5,59,29,59,29,80,5,80,令
﻿5,80,29,80,29,101,5,101,選
﻿5,101,29,101,29,122,5,122,補
﻿5,122,29,122,29,143,5,143,丁
﻿5,143,29,143,29,164,5,164,壮
﻿5,164,29,164,29,185,5,185,編
﻿5,185,29,185,29,206,5,206,入
﻿5,206,29,206,29,227,5,227,隊
﻿5,227,29,227,29,247,5,247,伍
﻿5,247,29,247,29,268,5,268,以
﻿5,268,29,268,29,289,5,289,成
﻿5,289,29,289,29,310,5,310,兵
﻿5,310,29,310,29,331,5,331,數
﻿5,331,29,331,29,352,5,352,更
﻿5,352,29,352,29,373,5,373,圖
﻿5,373,29,373,29,394,5,394,後
﻿5,394,29,394,29,415,5,415,󰁮
