238,77,260,77,260,98,238,98,髙
﻿238,98,260,98,260,120,238,120,明
﻿238,120,260,120,260,142,238,142,聖
﻿238,142,260,142,260,164,238,164,域
﻿238,164,260,164,260,186,238,186,益
﻿238,186,260,186,260,208,238,208,以
﻿238,208,260,208,260,230,238,230,深
﻿238,230,260,230,260,252,238,252,造
﻿238,252,260,252,260,273,238,273,治
﻿238,273,260,273,260,295,238,295,道
﻿238,295,260,295,260,317,238,317,益
﻿238,317,260,317,260,339,238,339,以
﻿238,339,260,339,260,361,238,361,尊
﻿238,361,260,361,260,383,238,383,隆
﻿238,383,260,383,260,405,238,405,所
﻿238,405,260,405,260,427,238,427,以
﻿208,77,231,77,231,98,208,98,爲
﻿208,98,231,98,231,120,208,120,天
﻿208,120,231,120,231,142,208,142,地
﻿208,142,231,142,231,164,208,164,而
﻿208,164,231,164,231,185,208,185,立
﻿208,185,231,185,231,207,208,207,心
﻿208,207,231,207,231,229,208,229,所
﻿208,229,231,229,231,251,208,251,以
﻿208,251,231,251,231,272,208,272,爲
﻿208,272,231,272,231,294,208,294,綱
﻿208,294,231,294,231,316,208,316,常
﻿208,316,231,316,231,338,208,338,而
﻿208,338,231,338,231,359,208,359,立
﻿208,359,231,359,231,381,208,381,極
﻿208,381,231,381,231,403,208,403,為
﻿208,403,231,403,231,425,208,425,生
﻿180,81,205,81,205,102,180,102,民
﻿180,102,205,102,205,124,180,124,而
﻿180,124,205,124,205,145,180,145,立
﻿180,145,205,145,205,167,180,167,命
﻿180,167,205,167,205,188,180,188,為
﻿180,188,205,188,205,210,180,210,億
﻿180,210,205,210,205,231,180,231,萬
﻿180,231,205,231,205,253,180,253,世
﻿180,253,205,253,205,275,180,275,而
﻿180,275,205,275,205,296,180,296,開
﻿180,296,205,296,205,318,180,318,太
﻿180,318,205,318,205,339,180,339,平
﻿180,339,205,339,205,361,180,361,于
﻿180,361,205,361,205,382,180,382,以
﻿180,382,205,382,205,404,180,404,奠
﻿180,404,205,404,205,426,180,426,國
﻿152,79,176,79,176,100,152,100,勢
﻿152,100,176,100,176,122,152,122,於
﻿152,122,176,122,176,143,152,143,泰
﻿152,143,176,143,176,165,152,165,盤
﻿152,165,176,165,176,186,152,186,于
﻿152,186,176,186,176,208,152,208,以
﻿152,208,176,208,176,229,152,229,措
﻿152,229,176,229,176,251,152,251,生
﻿152,251,176,251,176,273,152,273,民
﻿152,273,176,273,176,294,152,294,於
﻿152,294,176,294,176,316,152,316,袵
﻿152,316,176,316,176,337,152,337,席
﻿152,337,176,337,176,359,152,359,而
﻿152,359,176,359,176,380,152,380,帝
﻿152,380,176,380,176,402,152,402,王
﻿152,402,176,402,176,424,152,424,大
﻿124,80,146,80,146,101,124,101,業
﻿124,101,146,101,146,123,124,123,洪
﻿124,123,146,123,146,144,124,144,圖
﻿124,144,146,144,146,166,124,166,𭁈
﻿124,166,146,166,146,188,124,188,天
﻿124,188,146,188,146,209,124,209,地
﻿124,209,146,209,146,231,124,231,同
﻿124,231,146,231,146,252,124,252,悠
﻿124,252,146,252,146,274,124,274,久
﻿124,274,146,274,146,296,124,296,矣
﻿96,57,119,57,119,78,96,78,洪
﻿96,78,119,78,119,100,96,100,順
﻿96,100,119,100,119,122,96,122,六
﻿96,122,119,122,119,144,96,144,年
﻿96,144,119,144,119,166,96,166,甲
﻿96,166,119,166,119,188,96,188,戌
﻿96,188,119,188,119,210,96,210,仲
﻿96,210,119,210,119,232,96,232,秋
﻿65,82,88,82,88,103,65,103,賜
﻿65,103,88,103,88,125,65,125,甲
﻿65,125,88,125,88,146,65,146,辰
﻿65,146,88,146,88,168,65,168,科
﻿65,168,88,168,88,189,65,189,進
﻿65,189,88,189,88,211,65,211,士
﻿65,211,88,211,88,232,65,232,特
﻿65,232,88,232,88,254,65,254,進
﻿65,254,88,254,88,275,65,275,金
﻿65,275,88,275,88,297,65,297,紫
﻿65,297,88,297,88,318,65,318,榮
﻿65,318,88,318,88,340,65,340,禄
﻿65,340,88,340,88,361,65,361,大
﻿65,361,88,361,88,383,65,383,夫
﻿65,383,88,383,88,404,65,404,少
﻿65,404,88,404,88,426,65,426,保
﻿40,81,62,81,62,102,40,102,禮
﻿40,102,62,102,62,123,40,123,部
﻿40,123,62,123,62,145,40,145,尚
﻿40,145,62,145,62,166,40,166,書
﻿40,166,62,166,62,188,40,188,東
﻿40,188,62,188,62,209,40,209,閣
﻿40,209,62,209,62,231,40,231,大
﻿40,231,62,231,62,252,40,252,𭓇
﻿40,252,62,252,62,273,40,273,士
﻿40,273,62,273,62,295,40,295,兼
﻿40,295,62,295,62,316,40,316,國
﻿40,316,62,316,62,338,40,338,子
﻿40,338,62,338,62,359,40,359,監
﻿40,359,62,359,62,381,40,381,祭
﻿40,381,62,381,62,402,40,402,酒
﻿40,402,62,402,62,424,40,424,知
﻿13,82,33,82,33,103,13,103,經
﻿13,103,33,103,33,125,13,125,筵
﻿13,125,33,125,33,146,13,146,事
﻿13,146,33,146,33,168,13,168,󰦛
﻿13,168,33,168,33,190,13,190,書
﻿13,190,33,190,33,211,13,211,伯
﻿13,211,33,211,33,233,13,233,柱
﻿13,233,33,233,33,254,13,254,國
﻿13,254,33,254,33,276,13,276,臣
﻿13,276,33,276,33,298,13,298,黎
﻿13,298,33,298,33,319,13,319,嵩
﻿13,319,33,319,33,341,13,341,謹
﻿13,341,33,341,33,363,13,363,奉
