272,45,291,45,291,63,272,63,丙
﻿272,63,291,63,291,82,272,82,子
﻿281,86,294,86,294,107,281,107,宋
﻿281,107,294,107,294,128,281,128,元
﻿281,128,294,128,294,149,281,149,嘉
﻿267,85,280,85,280,105,267,105,十
﻿267,105,280,105,280,126,267,126,三
﻿267,126,280,126,280,147,267,147,年
﻿262,150,291,150,291,170,262,170,春
﻿262,170,291,170,291,191,262,191,二
﻿262,191,291,191,291,211,262,211,月
﻿262,211,291,211,291,232,262,232,宋
﻿262,232,291,232,291,252,262,252,帝
﻿262,252,291,252,291,273,262,273,遣
﻿262,273,291,273,291,293,262,293,交
﻿262,293,291,293,291,314,262,314,州
﻿262,314,291,314,291,334,262,334,刺
﻿262,334,291,334,291,355,262,355,史
﻿262,355,291,355,291,375,262,375,檀
﻿262,375,291,375,291,396,262,396,和
﻿262,396,291,396,291,416,262,416,之
﻿262,416,291,416,291,437,262,437,討
﻿232,43,261,43,261,63,232,63,林
﻿232,63,261,63,261,84,232,84,邑
﻿232,84,261,84,261,104,232,104,初
﻿232,104,261,104,261,125,232,125,林
﻿232,125,261,125,261,146,232,146,邑
﻿232,146,261,146,261,166,232,166,王
﻿232,166,261,166,261,187,232,187,笵
﻿232,187,261,187,261,208,232,208,陽
﻿232,208,261,208,261,228,232,228,邁
﻿232,228,261,228,261,249,232,249,雖
﻿232,249,261,249,261,269,232,269,遣
﻿232,269,261,269,261,290,232,290,使
﻿232,290,261,290,261,311,232,311,入
﻿232,311,261,311,261,331,232,331,貢
﻿232,331,261,331,261,352,232,352,而
﻿232,352,261,352,261,373,232,373,寇
﻿232,373,261,373,261,393,232,393,盗
﻿232,393,261,393,261,414,232,414,不
﻿232,414,261,414,261,435,232,435,絶
﻿201,42,230,42,230,62,201,62,故
﻿201,62,230,62,230,83,201,83,宋
﻿201,83,230,83,230,103,201,103,帝
﻿201,103,230,103,230,124,201,124,使
﻿201,124,230,124,230,145,201,145,和
﻿201,145,230,145,230,165,201,165,之
﻿201,165,230,165,230,186,201,186,討
﻿201,186,230,186,230,207,201,207,之
﻿201,207,230,207,230,227,201,227,時
﻿201,227,230,227,230,248,201,248,南
﻿201,248,230,248,230,268,201,268,陽
﻿201,268,230,268,230,289,201,289,人
﻿201,289,230,289,230,310,201,310,宗
﻿201,310,230,310,230,330,201,330,慤
﻿201,330,230,330,230,351,201,351,家
﻿201,351,230,351,230,372,201,372,世
﻿201,372,230,372,230,392,201,392,業
﻿201,392,230,392,230,413,201,413,儒
﻿201,413,230,413,230,434,201,434,慤
﻿169,41,198,41,198,61,169,61,獨
﻿169,61,198,61,198,82,169,82,好
﻿169,82,198,82,198,102,169,102,武
﻿169,102,198,102,198,123,169,123,事
﻿169,123,198,123,198,143,169,143,常
﻿169,143,198,143,198,164,169,164,言
﻿169,164,198,164,198,185,169,185,願
﻿169,185,198,185,198,205,169,205,乘
﻿169,205,198,205,198,226,169,226,長
﻿169,226,198,226,198,246,169,246,風
﻿169,246,198,246,198,267,169,267,破
﻿169,267,198,267,198,287,169,287,萬
﻿169,287,198,287,198,308,169,308,里
﻿169,308,198,308,198,329,169,329,浪
﻿169,329,198,329,198,349,169,349,及
﻿169,349,198,349,198,370,169,370,和
﻿169,370,198,370,198,390,169,390,之
﻿169,390,198,390,198,411,169,411,伐
﻿169,411,198,411,198,432,169,432,林
﻿139,41,166,41,166,61,139,61,邑
﻿139,61,166,61,166,82,139,82,慤
﻿139,82,166,82,166,102,139,102,自
﻿139,102,166,102,166,123,139,123,奮
﻿139,123,166,123,166,143,139,143,請
﻿139,143,166,143,166,164,139,164,從
﻿139,164,166,164,166,185,139,185,軍
﻿139,185,166,185,166,205,139,205,宋
﻿139,205,166,205,166,226,139,226,帝
﻿139,226,166,226,166,246,139,246,以
﻿139,246,166,246,166,267,139,267,慤
﻿139,267,166,267,166,287,139,287,爲
﻿139,287,166,287,166,308,139,308,振
﻿139,308,166,308,166,329,139,329,武
﻿139,329,166,329,166,349,139,349,將
﻿139,349,166,349,166,370,139,370,軍
﻿139,370,166,370,166,390,139,390,和
﻿139,390,166,390,166,411,139,411,之
﻿139,411,166,411,166,432,139,432,遣
﻿109,40,136,40,136,60,109,60,慤
﻿109,60,136,60,136,81,109,81,爲
﻿109,81,136,81,136,101,109,101,前
﻿109,101,136,101,136,122,109,122,鋒
﻿109,122,136,122,136,142,109,142,陽
﻿109,142,136,142,136,163,109,163,邁
﻿109,163,136,163,136,184,109,184,聞
﻿109,184,136,184,136,204,109,204,軍
﻿109,204,136,204,136,225,109,225,出
﻿109,225,136,225,136,245,109,245,遣
﻿109,245,136,245,136,266,109,266,使
﻿109,266,136,266,136,286,109,286,表
﻿109,286,136,286,136,307,109,307,請
﻿109,307,136,307,136,328,109,328,還
﻿109,328,136,328,136,348,109,348,所
﻿109,348,136,348,136,369,109,369,掠
﻿109,369,136,369,136,389,109,389,日
﻿109,389,136,389,136,410,109,410,南
﻿109,410,136,410,136,431,109,431,民
﻿75,41,104,41,104,61,75,61,輸
﻿75,61,104,61,104,82,75,82,金
﻿75,82,104,82,104,102,75,102,一
﻿75,102,104,102,104,123,75,123,萬
﻿75,123,104,123,104,144,75,144,斤
﻿75,144,104,144,104,164,75,164,銀
﻿75,164,104,164,104,185,75,185,十
﻿75,185,104,185,104,206,75,206,萬
﻿75,206,104,206,104,226,75,226,斤
﻿75,226,104,226,104,247,75,247,宋
﻿75,247,104,247,104,267,75,267,帝
﻿75,267,104,267,104,288,75,288,詔
﻿75,288,104,288,104,309,75,309,和
﻿75,309,104,309,104,329,75,329,之
﻿75,329,104,329,104,350,75,350,若
﻿75,350,104,350,104,371,75,371,陽
﻿75,371,104,371,104,391,75,391,邁
﻿75,391,104,391,104,412,75,412,果
﻿75,412,104,412,104,433,75,433,有
﻿47,39,73,39,73,59,47,59,誠
﻿47,59,73,59,73,79,47,79,欵
﻿47,79,73,79,73,100,47,100,亦
﻿47,100,73,100,73,120,47,120,與
﻿47,120,73,120,73,141,47,141,其
﻿47,141,73,141,73,161,47,161,歸
﻿47,161,73,161,73,182,47,182,順
﻿47,182,73,182,73,202,47,202,和
﻿47,202,73,202,73,223,47,223,之
﻿47,223,73,223,73,243,47,243,至
﻿47,243,73,243,73,264,47,264,朱
﻿47,264,73,264,73,284,47,284,梧
﻿47,284,73,284,73,305,47,305,戍
﻿59,310,72,310,72,330,59,330,小
﻿59,330,72,330,72,350,59,350,註
﻿59,350,72,350,72,371,59,371,朱
﻿59,371,72,371,72,391,59,391,梧
﻿59,391,72,391,72,411,59,411,縣
﻿59,411,72,411,72,432,59,432,自
﻿44,310,58,310,58,330,44,330,漢
﻿44,330,58,330,58,350,44,350,以
﻿44,350,58,350,58,370,44,370,來
﻿44,370,58,370,58,390,44,390,属
﻿44,390,58,390,58,410,44,410,日
﻿44,410,58,410,58,430,44,430,南
﻿30,41,44,41,44,60,30,60,郡
﻿30,60,44,60,44,80,30,80,時
﻿30,80,44,80,44,99,30,99,於
﻿30,99,44,99,44,119,30,119,其
﻿14,40,29,40,29,58,14,58,地
﻿14,58,29,58,29,76,14,76,置
﻿14,76,29,76,29,95,14,95,戍
﻿16,122,38,122,38,142,16,142,遣
﻿16,142,38,142,38,163,16,163,府
﻿16,163,38,163,38,184,16,184,户
﻿16,184,38,184,38,204,16,204,曹
﻿16,204,38,204,38,225,16,225,參
﻿16,225,38,225,38,246,16,246,軍
﻿16,246,38,246,38,266,16,266,姜
﻿16,266,38,266,38,287,16,287,仲
﻿16,287,38,287,38,308,16,308,基
﻿16,308,38,308,38,329,16,329,等
﻿27,330,40,330,40,349,27,349,府
﻿27,349,40,349,40,369,27,369,者
﻿27,369,40,369,40,389,27,389,交
﻿27,389,40,389,40,409,27,409,州
﻿11,332,26,332,26,350,11,350,刺
﻿11,350,26,350,26,369,11,369,史
﻿11,369,26,369,26,388,11,388,府
﻿11,388,26,388,26,407,11,407,也
﻿16,411,33,411,33,432,16,432,前
