254,13,274,13,274,32,254,32,己
﻿254,32,274,32,274,52,254,52,丑
﻿254,52,274,52,274,72,254,72,十
﻿254,72,274,72,274,92,254,92,二
﻿254,92,274,92,274,112,254,112,年
﻿264,115,272,115,272,134,264,134,莫
﻿264,134,272,134,272,153,264,153,興
﻿264,153,272,153,272,172,264,172,治
﻿264,172,272,172,272,191,264,191,二
﻿264,191,272,191,272,211,264,211,年
﻿251,116,263,116,263,131,251,131,正
﻿251,131,263,131,263,147,251,147,明
﻿251,147,263,147,263,163,251,163,萬
﻿251,163,263,163,263,179,251,179,曆
﻿251,179,263,179,263,195,251,195,十
﻿251,195,263,195,263,211,251,211,七
﻿253,214,272,214,272,233,253,233,年
﻿253,233,272,233,272,253,253,253,月
﻿253,253,272,253,272,273,253,273,二
﻿253,273,272,273,272,293,253,293,日
﻿253,293,272,293,272,312,253,312,有
﻿253,312,272,312,272,332,253,332,大
﻿253,332,272,332,272,352,253,352,猿
﻿253,352,272,352,272,372,253,372,出
﻿253,372,272,372,272,392,253,392,于
﻿227,29,249,29,249,49,227,49,永
﻿227,49,249,49,249,69,227,69,福
﻿227,69,249,69,249,90,227,90,白
﻿227,90,249,90,249,110,227,110,石
﻿227,110,249,110,249,130,227,130,村
﻿227,130,249,130,249,151,227,151,人
﻿227,151,249,151,249,171,227,171,󰱐
﻿227,171,249,171,249,192,227,192,之
﻿195,30,221,30,221,50,195,50,是
﻿195,50,221,50,221,70,195,70,月
﻿195,70,221,70,221,90,195,90,十
﻿195,90,221,90,221,110,195,110,四
﻿195,110,221,110,221,130,195,130,日
﻿195,130,221,130,221,151,195,151,熒
﻿195,151,221,151,221,171,195,171,惑
﻿195,171,221,171,221,191,195,191,犯
﻿195,191,221,191,221,211,195,211,亢
﻿195,211,221,211,221,231,195,231,十
﻿195,231,221,231,221,251,195,251,五
﻿195,251,221,251,221,272,195,272,日
﻿195,272,221,272,221,292,195,292,月
﻿195,292,221,292,221,312,195,312,犯
﻿195,312,221,312,221,332,195,332,歳
﻿195,332,221,332,221,352,195,352,星
﻿195,352,221,352,221,372,195,372,年
﻿195,372,221,372,221,393,195,393,旱
﻿167,30,192,30,192,50,167,50,米
﻿167,50,192,50,192,70,167,70,貴
﻿167,70,192,70,192,90,167,90,民
﻿167,90,192,90,192,110,167,110,多
﻿167,110,192,110,192,130,167,130,流
﻿167,130,192,130,192,151,167,151,散
﻿137,30,160,30,160,50,137,50,五
﻿137,50,160,50,160,70,137,70,月
﻿137,70,160,70,160,91,137,91,十
﻿137,91,160,91,160,111,137,111,六
﻿137,111,160,111,160,131,137,131,日
﻿137,131,160,131,160,152,137,152,有
﻿137,152,160,152,160,172,137,172,雲
﻿137,172,160,172,160,193,137,193,氣
﻿137,193,160,193,160,213,137,213,在
﻿137,213,160,213,160,233,137,233,日
﻿137,233,160,233,160,254,137,254,上
﻿137,254,160,254,160,274,137,274,者
﻿137,274,160,274,160,294,137,294,如
﻿137,294,160,294,160,315,137,315,牛
﻿137,315,160,315,160,335,137,335,伏
﻿137,335,160,335,160,356,137,356,暈
﻿109,29,135,29,135,49,109,49,六
﻿109,49,135,49,135,69,109,69,月
﻿109,69,135,69,135,89,109,89,七
﻿109,89,135,89,135,109,109,109,日
﻿109,109,135,109,135,130,109,130,酉
﻿109,130,135,130,135,150,109,150,時
﻿109,150,135,150,135,170,109,170,流
﻿109,170,135,170,135,190,109,190,星
﻿109,190,135,190,135,210,109,210,大
﻿109,210,135,210,135,231,109,231,作
﻿80,30,104,30,104,50,80,50,七
﻿80,50,104,50,104,70,80,70,月
﻿80,70,104,70,104,90,80,90,十
﻿80,90,104,90,104,110,80,110,六
﻿80,110,104,110,104,130,80,130,日
﻿80,130,104,130,104,150,80,150,丑
﻿80,150,104,150,104,170,80,170,時
﻿80,170,104,170,104,190,80,190,月
﻿80,190,104,190,104,210,80,210,食
﻿80,210,104,210,104,230,80,230,在
﻿80,230,104,230,104,250,80,250,北
﻿80,250,104,250,104,270,80,270,方
﻿80,270,104,270,104,290,80,290,過
﻿80,290,104,290,104,310,80,310,半
﻿80,310,104,310,104,330,80,330,復
﻿80,330,104,330,104,350,80,350,圓
﻿80,350,104,350,104,370,80,370,水
﻿80,370,104,370,104,391,80,391,潦
﻿52,29,74,29,74,49,52,49,冬
﻿52,49,74,49,74,69,52,69,十
﻿52,69,74,69,74,89,52,89,月
﻿52,89,74,89,74,109,52,109,節
﻿52,109,74,109,74,129,52,129,制
﻿52,129,74,129,74,150,52,150,鄭
﻿52,150,74,150,74,170,52,170,松
﻿52,170,74,170,74,190,52,190,親
﻿52,190,74,190,74,210,52,210,督
﻿52,210,74,210,74,230,52,230,大
﻿52,230,74,230,74,250,52,250,兵
﻿52,250,74,250,74,271,52,271,攻
﻿52,271,74,271,74,291,52,291,畧
﻿52,291,74,291,74,311,52,311,安
﻿52,311,74,311,74,331,52,331,康
﻿52,331,74,331,74,351,52,351,各
﻿52,351,74,351,74,371,52,371,縣
﻿52,371,74,371,74,392,52,392,會
﻿22,28,46,28,46,48,22,48,試
﻿22,48,46,48,46,68,22,68,天
﻿22,68,46,68,46,88,22,88,下
﻿22,88,46,88,46,109,22,109,󰁮
﻿22,109,46,109,46,129,22,129,人
﻿22,129,46,129,46,149,22,149,賜
﻿22,149,46,149,46,169,22,169,黎
﻿22,169,46,169,46,190,22,190,汝
﻿22,190,46,190,46,210,22,210,弼
﻿22,210,46,210,46,230,22,230,梁
﻿22,230,46,230,46,251,22,251,寘
﻿22,251,46,251,46,271,22,271,等
﻿22,271,46,271,46,291,22,291,進
﻿22,291,46,291,46,311,22,311,士
﻿22,311,46,311,46,332,22,332,出
﻿22,332,46,332,46,352,22,352,身
﻿22,352,46,352,46,372,22,372,梁
﻿22,372,46,372,46,393,22,393,謙
