256,13,276,13,276,36,256,36,宫
﻿256,36,276,36,276,59,256,59,羅
﻿256,59,276,59,276,82,256,82,順
﻿256,82,276,82,276,105,256,105,州
﻿256,105,276,105,276,128,256,128,献
﻿256,128,276,128,276,151,256,151,白
﻿256,151,276,151,276,174,256,174,象
﻿229,12,250,12,250,32,229,32,壬
﻿229,32,250,32,250,52,229,52,寅
﻿229,52,250,52,250,72,229,72,四
﻿229,72,250,72,250,92,229,92,年
﻿238,93,252,93,252,113,238,113,宋
﻿238,113,252,113,252,134,238,134,嘉
﻿238,134,252,134,252,155,238,155,祐
﻿225,95,237,95,237,115,225,115,七
﻿225,115,237,115,237,136,225,136,年
﻿228,156,251,156,251,176,228,176,春
﻿228,176,251,176,251,197,228,197,嘉
﻿228,197,251,197,251,218,228,218,林
﻿228,218,251,218,251,239,228,239,郡
﻿228,239,251,239,251,260,228,260,献
﻿228,260,251,260,251,280,228,280,?
﻿228,280,251,280,251,301,228,301,眸
﻿228,301,251,301,251,322,228,322,三
﻿228,322,251,322,251,343,228,343,足
﻿228,343,251,343,251,364,228,364,龜
﻿199,12,223,12,223,32,199,32,癸
﻿199,32,223,32,223,53,199,53,卯
﻿199,53,223,53,223,74,199,74,五
﻿199,74,223,74,223,95,199,95,年
﻿209,96,223,96,223,115,209,115,宋
﻿209,115,223,115,223,134,209,134,嘉
﻿209,134,223,134,223,154,209,154,祐
﻿196,97,208,97,208,117,196,117,八
﻿196,117,208,117,208,137,196,137,年
﻿197,155,222,155,222,176,197,176,時
﻿197,176,222,176,222,197,197,197,帝
﻿197,197,222,197,222,218,197,218,春
﻿197,218,222,218,222,240,197,240,秋
﻿197,240,222,240,222,261,197,261,鼎
﻿197,261,222,261,222,282,197,282,盛
﻿197,282,222,282,222,303,197,303,行
﻿197,303,222,303,222,325,197,325,年
﻿197,325,222,325,222,346,197,346,四
﻿197,346,222,346,222,367,197,367,十
﻿197,367,222,367,222,388,197,388,未
﻿197,388,222,388,222,410,197,410,有
﻿168,11,191,11,191,32,168,32,嗣
﻿168,32,191,32,191,53,168,53,命
﻿168,53,191,53,191,74,168,74,祇
﻿168,74,191,74,191,95,168,95,候
﻿168,95,191,95,191,116,168,116,内
﻿168,116,191,116,191,137,168,137,人
﻿168,137,191,137,191,158,168,158,阮
﻿168,158,191,158,191,179,168,179,󱖮
﻿168,179,191,179,191,200,168,200,求
﻿168,200,191,200,191,221,168,221,嗣
﻿168,221,191,221,191,242,168,242,于
﻿168,242,191,242,191,263,168,263,聖
﻿168,263,191,263,191,284,168,284,主
﻿168,284,191,284,191,305,168,305,寺
﻿168,305,191,305,191,326,168,326,其
﻿168,326,191,326,191,347,168,347,後
﻿168,347,191,347,191,368,168,368,倚
﻿168,368,191,368,191,389,168,389,蘭
﻿168,389,191,389,191,411,168,411,夫
﻿138,11,162,11,162,31,138,31,人
﻿138,31,162,31,162,52,138,52,有
﻿138,52,162,52,162,73,138,73,娠
﻿138,73,162,73,162,94,138,94,生
﻿138,94,162,94,162,115,138,115,皇
﻿138,115,162,115,162,136,138,136,子
﻿138,136,162,136,162,157,138,157,乾
﻿138,157,162,157,162,178,138,178,德
﻿138,178,162,178,162,199,138,199,是
﻿138,199,162,199,162,220,138,220,爲
﻿138,220,162,220,162,241,138,241,仁
﻿138,241,162,241,162,262,138,262,宗
﻿150,264,165,264,165,284,150,284,世
﻿150,284,165,284,165,304,150,304,傳
﻿150,304,165,304,165,325,150,325,帝
﻿150,325,165,325,165,345,150,345,禱
﻿150,345,165,345,165,366,150,366,祝
﻿150,366,165,366,165,386,150,386,祈
﻿150,386,165,386,165,407,150,407,嗣
﻿135,265,149,265,149,285,135,285,未
﻿135,285,149,285,149,305,135,305,驗
﻿135,305,149,305,149,326,135,326,因
﻿135,326,149,326,149,346,135,346,遍
﻿135,346,149,346,149,367,135,367,遊
﻿135,367,149,367,149,387,135,387,寺
﻿135,387,149,387,149,408,135,408,觀
﻿121,13,134,13,134,33,121,33,車
﻿121,33,134,33,134,54,121,54,駕
﻿121,54,134,54,134,75,121,75,所
﻿121,75,134,75,134,95,121,95,至
﻿121,95,134,95,134,116,121,116,南
﻿121,116,134,116,134,137,121,137,女
﻿121,137,134,137,134,157,121,157,奔
﻿121,157,134,157,134,178,121,178,走
﻿121,178,134,178,134,199,121,199,瞻
﻿121,199,134,199,134,219,121,219,望
﻿121,219,134,219,134,240,121,240,不
﻿121,240,134,240,134,261,121,261,暇
﻿121,261,134,261,134,281,121,281,惟
﻿121,281,134,281,134,302,121,302,一
﻿121,302,134,302,134,323,121,323,女
﻿121,323,134,323,134,343,121,343,󰇼
﻿121,343,134,343,134,364,121,364,桑
﻿121,364,134,364,134,385,121,385,倚
﻿121,385,134,385,134,406,121,406,立
﻿106,12,120,12,120,32,106,32,蘭
﻿106,32,120,32,120,53,106,53,草
﻿106,53,120,53,120,74,106,74,中
﻿106,74,120,74,120,95,106,95,帝
﻿106,95,120,95,120,116,106,116,望
﻿106,116,120,116,120,137,106,137,見
﻿106,137,120,137,120,158,106,158,召
﻿106,158,120,158,120,179,106,179,入
﻿106,179,120,179,120,200,106,200,宫
﻿106,200,120,200,120,221,106,221,得
﻿106,221,120,221,120,242,106,242,幸
﻿106,242,120,242,120,263,106,263,命
﻿106,263,120,263,120,284,106,284,爲
﻿106,284,120,284,120,305,106,305,倚
﻿106,305,120,305,120,326,106,326,蘭
﻿106,326,120,326,120,347,106,347,夫
﻿106,347,120,347,120,368,106,368,人
﻿106,368,120,368,120,389,106,389,欲
﻿106,389,120,389,120,410,106,410,得
﻿90,12,105,12,105,32,90,32,男
﻿90,32,105,32,105,53,90,53,女
﻿90,53,105,53,105,74,90,74,命
﻿90,74,105,74,105,95,90,95,󱖮
﻿90,95,105,95,105,116,90,116,賫
﻿90,116,105,116,105,137,90,137,香
﻿90,137,105,137,105,157,90,157,供
﻿90,157,105,157,105,178,90,178,禱
﻿90,178,105,178,105,199,90,199,于
﻿90,199,105,199,105,220,90,220,聖
﻿90,220,105,220,105,241,90,241,主
﻿90,241,105,241,105,262,90,262,寺
﻿90,262,105,262,105,282,90,282,僧
﻿90,282,105,282,105,303,90,303,教
﻿90,303,105,303,105,324,90,324,󱖮
﻿90,324,105,324,105,345,90,345,以
﻿90,345,105,345,105,366,90,366,投
﻿90,366,105,366,105,387,90,387,台
﻿90,387,105,387,105,408,90,408,托
﻿75,12,89,12,89,33,75,33,化
﻿75,33,89,33,89,54,75,54,之
﻿75,54,89,54,89,75,75,75,術
﻿75,75,89,75,89,96,75,96,󱖮
﻿75,96,89,96,89,117,75,117,從
﻿75,117,89,117,89,138,75,138,之
﻿75,138,89,138,89,159,75,159,事
﻿75,159,89,159,89,180,75,180,覺
﻿75,180,89,180,89,201,75,201,斬
﻿75,201,89,201,89,222,75,222,󱖮
﻿75,222,89,222,89,243,75,243,于
﻿75,243,89,243,89,264,75,264,寺
﻿75,264,89,264,89,285,75,285,門
﻿75,285,89,285,89,306,75,306,前
﻿75,306,89,306,89,327,75,327,後
﻿75,327,89,327,89,348,75,348,人
﻿75,348,89,348,89,369,75,369,日
﻿75,369,89,369,89,390,75,390,其
﻿75,390,89,390,89,411,75,411,處
﻿60,12,72,12,72,23,60,23,日
﻿60,36,74,36,74,56,60,56,󱖮
﻿60,56,74,56,74,76,60,76,原
﻿60,76,74,76,74,96,60,96,寺
﻿60,96,74,96,74,116,60,116,在
﻿60,116,74,116,74,136,60,136,慈
﻿60,136,74,136,74,156,60,156,廉
﻿60,156,74,156,74,176,60,176,縣
﻿60,176,74,176,74,196,60,196,驛
﻿60,196,74,196,74,217,60,217,望
﻿46,13,59,13,59,33,46,33,社
﻿46,33,59,33,59,53,46,53,󱖮
﻿46,53,59,53,59,74,46,74,原
﻿46,74,59,74,59,94,46,94,在
﻿46,94,59,94,59,115,46,115,寺
﻿46,115,59,115,59,135,46,135,門
﻿46,135,59,135,59,155,46,155,?
﻿46,155,59,155,59,176,46,176,西
﻿46,176,59,176,59,196,46,196,今
﻿46,196,59,196,59,217,46,217,存
﻿19,12,40,12,40,32,19,32,甲
﻿19,32,40,32,40,53,19,53,辰
﻿19,53,40,53,40,73,19,73,六
﻿19,73,40,73,40,94,19,94,年
﻿30,95,42,95,42,115,30,115,宋
﻿30,115,42,115,42,136,30,136,英
﻿30,136,42,136,42,157,30,157,宗
﻿30,157,42,157,42,178,30,178,曙
﻿16,98,29,98,29,117,16,117,治
﻿16,117,29,117,29,137,16,137,平
﻿16,137,29,137,29,157,16,157,元
﻿16,157,29,157,29,177,16,177,年
﻿18,180,40,180,40,202,18,202,春
﻿18,202,40,202,40,225,18,225,正
﻿18,225,40,225,40,248,18,248,月
﻿18,248,40,248,40,271,18,271,遣
﻿18,271,40,271,40,294,18,294,使
﻿18,294,40,294,40,317,18,317,如
﻿18,317,40,317,40,340,18,340,宋
﻿18,340,40,340,40,363,18,363,夏
﻿18,363,40,363,40,386,18,386,四
﻿18,386,40,386,40,409,18,409,月
