244,58,266,58,266,78,244,78,大
﻿244,78,266,78,266,99,244,99,軍
﻿244,99,266,99,266,120,244,120,東
﻿244,120,266,120,266,141,244,141,渡
﻿244,141,266,141,266,162,244,162,珥
﻿244,162,266,162,266,183,244,183,河
﻿244,183,266,183,266,203,244,203,日
﻿244,203,266,203,266,224,244,224,夜
﻿244,224,266,224,266,245,244,245,兼
﻿244,245,266,245,266,266,244,266,行
﻿244,266,266,266,266,287,244,287,直
﻿244,287,266,287,266,308,244,308,指
﻿244,308,266,308,266,328,244,328,青
﻿244,328,266,328,266,349,244,349,林
﻿244,349,266,349,266,370,244,370,進
﻿244,370,266,370,266,391,244,391,𭛁
﻿244,391,266,391,266,412,244,412,十
﻿244,412,266,412,266,433,244,433,二
﻿212,61,235,61,235,81,212,81,日
﻿212,81,235,81,235,102,212,102,駐
﻿212,102,235,102,235,123,212,123,營
﻿212,123,235,123,235,144,212,144,錦
﻿212,144,235,144,235,165,212,165,江
﻿212,165,235,165,235,186,212,186,𭁈
﻿212,186,235,186,235,207,212,207,諸
﻿212,207,235,207,235,228,212,228,将
﻿212,228,235,228,235,249,212,249,大
﻿212,249,235,249,235,269,212,269,會
﻿212,269,235,269,235,290,212,290,議
﻿212,290,235,290,235,311,212,311,分
﻿212,311,235,311,235,332,212,332,兵
﻿212,332,235,332,235,353,212,353,水
﻿212,353,235,353,235,374,212,374,陸
﻿212,374,235,374,235,395,212,395,並
﻿212,395,235,395,235,416,212,416,進
﻿212,416,235,416,235,437,212,437,渡
﻿182,60,205,60,205,80,182,80,江
﻿182,80,205,80,205,101,182,101,急
﻿182,101,205,101,205,122,182,122,戦
﻿182,122,205,122,205,143,182,143,遣
﻿182,143,205,143,205,164,182,164,慎
﻿182,164,205,164,205,185,182,185,義
﻿182,185,205,185,205,206,182,206,營
﻿182,206,205,206,205,227,182,227,副
﻿182,227,205,227,205,248,182,248,都
﻿182,248,205,248,205,268,182,268,将
﻿182,268,205,268,205,289,182,289,右
﻿182,289,205,289,205,310,182,310,相
﻿182,310,205,310,205,331,182,331,太
﻿182,331,205,331,205,352,182,352,尉
﻿182,352,205,352,205,373,182,373,榮
﻿182,373,205,373,205,394,182,394,郡
﻿182,394,205,394,205,415,182,415,公
﻿182,415,205,415,205,436,182,436,黄
﻿149,61,173,61,173,81,149,81,廷
﻿149,81,173,81,173,102,149,102,爱
﻿149,102,173,102,173,123,149,123,壮
﻿149,123,173,123,173,144,149,144,義
﻿149,144,173,144,173,165,149,165,營
﻿149,165,173,165,173,186,149,186,副
﻿149,186,173,186,173,206,149,206,都
﻿149,206,173,206,173,227,149,227,将
﻿149,227,173,227,173,248,149,248,太
﻿149,248,173,248,173,269,149,269,尉
﻿149,269,173,269,173,290,149,290,陽
﻿149,290,173,290,173,311,149,311,郡
﻿149,311,173,311,173,331,149,331,公
﻿149,331,173,331,173,352,149,352,阮
﻿149,352,173,352,173,373,149,373,有
﻿149,373,173,373,173,394,149,394,僚
﻿149,394,173,394,173,415,149,415,統
﻿149,415,173,415,173,436,149,436,領
﻿122,57,143,57,143,78,122,78,水
﻿122,78,143,78,143,99,122,99,步
﻿122,99,143,99,143,120,122,120,諸
﻿122,120,143,120,143,141,122,141,營
﻿122,141,143,141,143,162,122,162,奇
﻿122,162,143,162,143,183,122,183,将
﻿122,183,143,183,143,204,122,204,士
﻿122,204,143,204,143,225,122,225,進
﻿122,225,143,225,143,246,122,246,至
﻿122,246,143,246,143,267,122,267,青
﻿122,267,143,267,143,288,122,288,林
﻿122,288,143,288,143,309,122,309,地
﻿122,309,143,309,143,330,122,330,方
﻿122,330,143,330,143,351,122,351,是
﻿122,351,143,351,143,372,122,372,時
﻿122,372,143,372,143,393,122,393,莫
﻿122,393,143,393,143,414,122,414,敬
﻿122,414,143,414,143,435,122,435,止
﻿89,59,113,59,113,79,89,79,兵
﻿89,79,113,79,113,100,89,100,不
﻿89,100,113,100,113,121,89,121,下
﻿89,121,113,121,113,142,89,142,六
﻿89,142,113,142,113,162,89,162,七
﻿89,162,113,162,113,183,89,183,萬
﻿89,183,113,183,113,204,89,204,人
﻿89,204,113,204,113,225,89,225,悉
﻿89,225,113,225,113,246,89,246,眾
﻿89,246,113,246,113,266,89,266,㨿
﻿89,266,113,266,113,287,89,287,青
﻿89,287,113,287,113,308,89,308,林
﻿89,308,113,308,113,329,89,329,󰘌
﻿89,329,113,329,113,349,89,349,岸
﻿89,349,113,349,113,370,89,370,依
﻿89,370,113,370,113,391,89,391,川
﻿89,391,113,391,113,412,89,412,阻
﻿89,412,113,412,113,433,89,433,水
﻿57,58,82,58,82,78,57,78,以
﻿57,78,82,78,82,99,57,99,為
﻿57,99,82,99,82,120,57,120,固
﻿57,120,82,120,82,141,57,141,屯
﻿57,141,82,141,82,162,57,162,營
﻿57,162,82,162,82,183,57,183,結
﻿57,183,82,183,82,204,57,204,寨
﻿57,204,82,204,82,225,57,225,列
﻿57,225,82,225,82,246,57,246,皷
﻿57,246,82,246,82,266,57,266,張
﻿57,266,82,266,82,287,57,287,旗
﻿57,287,82,287,82,308,57,308,然
﻿57,308,82,308,82,329,57,329,烏
﻿57,329,82,329,82,350,57,350,合
﻿57,350,82,350,82,371,57,371,之
﻿57,371,82,371,82,392,57,392,󰕛
﻿57,392,82,392,82,413,57,413,未
﻿57,413,82,413,82,434,57,434,經
﻿28,60,52,60,52,79,28,79,訓
﻿28,79,52,79,52,99,28,99,練
﻿28,99,52,99,52,119,28,119,節
﻿28,119,52,119,52,139,28,139,制
﻿28,139,52,139,52,159,28,159,鄭
﻿28,159,52,159,52,179,28,179,松
﻿28,179,52,179,52,198,28,198,傳
﻿28,198,52,198,52,218,28,218,𭛁
﻿28,218,52,218,52,238,28,238,砲
﻿28,238,52,238,52,258,28,258,號
﻿28,258,52,258,52,278,28,278,即
﻿28,278,52,278,52,298,28,298,催
﻿28,298,52,298,52,317,28,317,兵
﻿28,317,52,317,52,337,28,337,渡
﻿28,337,52,337,52,357,28,357,河
﻿28,357,52,357,52,377,28,377,以
﻿28,377,52,377,52,397,28,397,擊
﻿28,397,52,397,52,417,28,417,上
﻿28,417,52,417,52,437,28,437,流
﻿0,60,23,60,23,80,0,80,黄
﻿0,80,23,80,23,101,0,101,廷
﻿0,101,23,101,23,122,0,122,爱
﻿0,122,23,122,23,143,0,143,渡
﻿0,143,23,143,23,164,0,164,下
﻿0,164,23,164,23,185,0,185,流
﻿0,185,23,185,23,206,0,206,以
﻿0,206,23,206,23,227,0,227,擊
﻿0,227,23,227,23,248,0,248,其
﻿0,248,23,248,23,269,0,269,背
﻿0,269,23,269,23,290,0,290,阮
﻿0,290,23,290,23,311,0,311,有
﻿0,311,23,311,23,332,0,332,僚
﻿0,332,23,332,23,353,0,353,大
﻿0,353,23,353,23,374,0,374,率
﻿0,374,23,374,23,395,0,395,水
﻿0,395,23,395,23,416,0,416,軍
﻿0,416,23,416,23,437,0,437,圍
