261,26,281,26,281,47,261,47,著
﻿261,47,281,47,281,68,261,68,勳
﻿261,68,281,68,281,89,261,89,簩
﻿261,89,281,89,281,110,261,110,方
﻿261,110,281,110,281,132,261,132,将
﻿261,132,281,132,281,153,261,153,寵
﻿261,153,281,153,281,174,261,174,錫
﻿261,174,281,174,281,195,261,195,殊
﻿261,195,281,195,281,217,261,217,恩
﻿261,217,281,217,281,238,261,238,何
﻿261,238,281,238,281,259,261,259,意
﻿261,259,281,259,281,280,261,280,溘
﻿261,280,281,280,281,301,261,301,先
﻿261,301,281,301,281,323,261,323,朝
﻿261,323,281,323,281,344,261,344,露
﻿261,344,281,344,281,365,261,365,兹
﻿261,365,281,365,281,386,261,386,聞
﻿261,386,281,386,281,408,261,408,訃
﻿233,30,253,30,253,51,233,51,告
﻿233,51,253,51,253,72,233,72,㦖
﻿233,72,253,72,253,93,233,93,惻
﻿233,93,253,93,253,114,233,114,良
﻿233,114,253,114,253,135,233,135,深
﻿233,135,253,135,253,156,233,156,特
﻿233,156,253,156,253,177,233,177,攷
﻿233,177,253,177,253,198,233,198,祭
﻿233,198,253,198,253,219,233,219,賻
﻿233,219,253,219,253,240,233,240,之
﻿233,240,253,240,253,261,233,261,儀
﻿233,261,253,261,253,282,233,282,以
﻿233,282,253,282,253,303,233,303,昭
﻿233,303,253,303,253,324,233,324,軫
﻿233,324,253,324,253,345,233,345,悼
﻿233,345,253,345,253,366,233,366,之
﻿233,366,253,366,253,387,233,387,意
﻿233,387,253,387,253,408,233,408,嗚
﻿202,28,224,28,224,49,202,49,呼
﻿202,49,224,49,224,70,202,70,効
﻿202,70,224,70,224,91,202,91,共
﻿202,91,224,91,224,112,202,112,球
﻿202,112,224,112,224,133,202,133,於
﻿202,133,224,133,224,154,202,154,南
﻿202,154,224,154,224,175,202,175,服
﻿202,175,224,175,224,196,202,196,永
﻿202,196,224,196,224,217,202,217,篤
﻿202,217,224,217,224,238,202,238,忠
﻿202,238,224,238,224,259,202,259,貞
﻿202,259,224,259,224,280,202,280,賁
﻿202,280,224,280,224,301,202,301,華
﻿202,301,224,301,224,322,202,322,衮
﻿202,322,224,322,224,343,202,343,於
﻿202,343,224,343,224,364,202,364,幽
﻿202,364,224,364,224,385,202,385,宫
﻿202,385,224,385,224,407,202,407,式
﻿172,26,195,26,195,48,172,48,光
﻿172,48,195,48,195,71,172,71,泉
﻿172,71,195,71,195,93,172,93,壤
﻿172,93,195,93,195,116,172,116,靈
﻿172,116,195,116,195,139,172,139,如
﻿172,139,195,139,195,161,172,161,不
﻿172,161,195,161,195,184,172,184,昧
﻿172,184,195,184,195,206,172,206,尙
﻿172,206,195,206,195,229,172,229,克
﻿172,229,195,229,195,252,172,252,欽
﻿172,252,195,252,195,274,172,274,承
﻿172,274,195,274,195,297,172,297,南
﻿172,297,195,297,195,319,172,319,郊
﻿172,319,195,319,195,342,172,342,殿
﻿172,342,195,342,195,365,172,365,成
﻿143,9,162,9,162,29,143,29,乙
﻿143,29,162,29,162,50,143,50,巳
﻿143,50,162,50,162,70,143,70,三
﻿143,70,162,70,162,91,143,91,年
﻿154,96,167,96,167,114,154,114,明
﻿154,114,167,114,167,133,154,133,永
﻿154,133,167,133,167,152,154,152,曆
﻿154,152,167,152,167,171,154,171,十
﻿154,171,167,171,167,190,154,190,九
﻿139,93,152,93,152,112,139,112,年
﻿139,112,152,112,152,132,139,132,清
﻿139,132,152,132,152,152,139,152,康
﻿139,152,152,152,152,172,139,172,熙
﻿139,172,152,172,152,192,139,192,四
﻿141,194,167,194,167,215,141,215,年
﻿141,215,167,215,167,236,141,236,春
﻿141,236,167,236,167,257,141,257,三
﻿141,257,167,257,167,279,141,279,月
﻿141,279,167,279,167,300,141,300,許
﻿141,300,167,300,167,321,141,321,内
﻿141,321,167,321,167,343,141,343,外
﻿141,343,167,343,167,364,141,364,各
﻿141,364,167,364,167,385,141,385,職
﻿141,385,167,385,167,407,141,407,陞
﻿111,29,134,29,134,50,111,50,次
﻿111,50,134,50,134,71,111,71,以
﻿111,71,134,71,134,92,111,92,翰
﻿111,92,134,92,134,113,111,113,林
﻿111,113,134,113,134,134,111,134,院
﻿111,134,134,134,134,155,111,155,侍
﻿111,155,134,155,134,176,111,176,󰕖
﻿111,176,134,176,134,197,111,197,鄧
﻿111,197,134,197,134,219,111,219,公
﻿111,219,134,219,134,240,111,240,質
﻿111,240,134,240,134,261,111,261,爲
﻿111,261,134,261,134,282,111,282,工
﻿111,282,134,282,134,303,111,303,部
﻿111,303,134,303,134,324,111,324,右
﻿111,324,134,324,134,345,111,345,侍
﻿111,345,134,345,134,366,111,366,郎
﻿111,366,134,366,134,387,111,387,黎
﻿111,387,134,387,134,409,111,409,德
﻿80,28,103,28,103,49,80,49,望
﻿80,49,103,49,103,70,80,70,爲
﻿80,70,103,70,103,91,80,91,海
﻿80,91,103,91,103,112,80,112,陽
﻿80,112,103,112,103,133,80,133,處
﻿80,133,103,133,103,154,80,154,承
﻿80,154,103,154,103,175,80,175,政
﻿80,175,103,175,103,196,80,196,使
﻿80,196,103,196,103,217,80,217,阮
﻿80,217,103,217,103,238,80,238,偉
﻿80,238,103,238,103,259,80,259,爲
﻿80,259,103,259,103,280,80,280,安
﻿80,280,103,280,103,301,80,301,廣
﻿80,301,103,301,103,322,80,322,䖏
﻿80,322,103,322,103,343,80,343,承
﻿80,343,103,343,103,364,80,364,政
﻿80,364,103,364,103,385,80,385,使
﻿80,385,103,385,103,406,80,406,范
﻿49,28,73,28,73,48,49,48,維
﻿49,48,73,48,73,69,49,69,質
﻿49,69,73,69,73,90,49,90,爲
﻿49,90,73,90,73,111,49,111,東
﻿49,111,73,111,73,132,49,132,各
﻿49,132,73,132,73,153,49,153,大
﻿49,153,73,153,73,174,49,174,學
﻿49,174,73,174,73,195,49,195,士
﻿49,195,73,195,73,216,49,216,阮
﻿49,216,73,216,73,236,49,236,永
﻿49,236,73,236,73,257,49,257,爲
﻿49,257,73,257,73,278,49,278,乂
﻿49,278,73,278,73,299,49,299,安
﻿49,299,73,299,73,320,49,320,處
﻿49,320,73,320,73,341,49,341,參
﻿49,341,73,341,73,362,49,362,政
﻿49,362,73,362,73,383,49,383,范
﻿49,383,73,383,73,404,49,404,立
﻿21,26,42,26,42,47,21,47,禮
﻿21,47,42,47,42,68,21,68,爲
﻿21,68,42,68,42,89,21,89,山
﻿21,89,42,89,42,110,21,110,西
﻿21,110,42,110,42,131,21,131,處
﻿21,131,42,131,42,152,21,152,參
﻿21,152,42,152,42,173,21,173,政
﻿21,173,42,173,42,194,21,194,裴
﻿21,194,42,194,42,215,21,215,廷
﻿21,215,42,215,42,236,21,236,員
﻿21,236,42,236,42,257,21,257,爲
﻿21,257,42,257,42,278,21,278,東
﻿21,278,42,278,42,299,21,299,閣
﻿21,299,42,299,42,320,21,320,學
﻿21,320,42,320,42,341,21,341,士
﻿21,341,42,341,42,362,21,362,阮
﻿21,362,42,362,42,383,21,383,公
﻿21,383,42,383,42,405,21,405,璧
