260,45,283,45,283,68,260,68,金
﻿260,68,283,68,283,91,260,91,甌
﻿260,91,283,91,283,115,260,115,二
﻿260,115,283,115,283,138,260,138,十
﻿260,138,283,138,283,161,260,161,七
﻿260,161,283,161,283,185,260,185,日
﻿260,185,283,185,283,208,260,208,二
﻿260,208,283,208,283,231,260,231,帝
﻿260,231,283,231,283,255,260,255,車
﻿260,255,283,255,283,278,260,278,駕
﻿260,278,283,278,283,301,260,301,還
﻿260,301,283,301,283,325,260,325,京
﻿260,325,283,325,283,348,260,348,師
﻿260,348,283,348,283,371,260,371,夏
﻿260,371,283,371,283,395,260,395,四
﻿260,395,283,395,283,418,260,418,月
﻿260,418,283,418,283,442,260,442,上
﻿231,46,255,46,255,66,231,66,皇
﻿231,66,255,66,255,87,231,87,御
﻿231,87,255,87,255,107,231,107,侍
﻿231,107,255,107,255,128,231,128,衛
﻿231,128,255,128,255,149,231,149,廊
﻿242,151,255,151,255,170,242,170,宫
﻿242,170,255,170,255,190,242,190,殿
﻿242,190,255,190,255,209,242,209,時
﻿242,209,255,209,255,229,242,229,為
﻿242,229,255,229,255,249,242,249,賊
﻿228,152,241,152,241,171,228,171,所
﻿228,171,241,171,241,190,228,190,焚
﻿228,190,241,190,241,209,228,209,故
﻿228,209,241,209,241,228,228,228,也
﻿229,250,257,250,257,271,229,271,大
﻿229,271,257,271,257,292,229,292,赦
﻿229,292,257,292,257,314,229,314,天
﻿229,314,257,314,257,335,229,335,下
﻿229,335,257,335,257,357,229,357,凣
﻿229,357,257,357,257,378,229,378,經
﻿229,378,257,378,257,400,229,400,兵
﻿229,400,257,400,257,421,229,421,焚
﻿229,421,257,421,257,443,229,443,掠
﻿200,47,225,47,225,69,200,69,去
﻿200,69,225,69,225,91,200,91,處
﻿200,91,225,91,225,113,200,113,免
﻿200,113,225,113,225,135,200,135,租
﻿200,135,225,135,225,157,200,157,役
﻿200,157,225,157,225,179,200,179,全
﻿200,179,225,179,225,201,200,201,分
﻿200,201,225,201,225,223,200,223,其
﻿200,223,225,223,225,246,200,246,餘
﻿200,246,225,246,225,268,200,268,蠲
﻿200,268,225,268,225,290,200,290,免
﻿200,290,225,290,225,312,200,312,有
﻿200,312,225,312,225,334,200,334,差
﻿200,334,225,334,225,356,200,356,帝
﻿200,356,225,356,225,378,200,378,諭
﻿200,378,225,378,225,400,200,400,行
﻿200,400,225,400,225,422,200,422,遣
﻿200,422,225,422,225,445,200,445,司
﻿169,45,193,45,193,65,169,65,交
﻿169,65,193,65,193,86,169,86,好
﻿169,86,193,86,193,107,169,107,翰
﻿169,107,193,107,193,128,169,128,林
﻿169,128,193,128,193,149,169,149,院
﻿169,149,193,149,193,170,169,170,故
﻿169,170,193,170,193,191,169,191,事
﻿169,191,193,191,193,212,169,212,凣
﻿169,212,193,212,193,233,169,233,宣
﻿169,233,193,233,193,254,169,254,德
﻿169,254,193,254,193,275,169,275,音
﻿169,275,193,275,193,296,169,296,則
﻿169,296,193,296,193,317,169,317,翰
﻿169,317,193,317,193,338,169,338,林
﻿169,338,193,338,193,359,169,359,預
﻿169,359,193,359,193,380,169,380,送
﻿169,380,193,380,193,401,169,401,詔
﻿169,401,193,401,193,422,169,422,藁
﻿169,422,193,422,193,443,169,443,于
﻿137,46,163,46,163,67,137,67,行
﻿137,67,163,67,163,88,137,88,遣
﻿137,88,163,88,163,109,137,109,使
﻿137,109,163,109,163,130,137,130,先
﻿137,130,163,130,163,151,137,151,肄
﻿137,151,163,151,163,172,137,172,習
﻿137,172,163,172,163,193,137,193,至
﻿137,193,163,193,163,214,137,214,宣
﻿137,214,163,214,163,235,137,235,讀
﻿137,235,163,235,163,256,137,256,時
﻿137,256,163,256,163,277,137,277,兼
﻿137,277,163,277,163,298,137,298,講
﻿137,298,163,298,163,319,137,319,音
﻿137,319,163,319,163,340,137,340,義
﻿137,340,163,340,163,361,137,361,令
﻿137,361,163,361,163,382,137,382,凡
﻿137,382,163,382,163,403,137,403,󰱃
﻿137,403,163,403,163,424,137,424,易
﻿137,424,163,424,163,445,137,445,曉
﻿107,45,132,45,132,65,107,65,者
﻿107,65,132,65,132,86,107,86,以
﻿107,86,132,86,132,107,107,107,行
﻿107,107,132,107,132,128,107,128,遣
﻿107,128,132,128,132,149,107,149,專
﻿107,149,132,149,132,170,107,170,用
﻿107,170,132,170,132,191,107,191,中
﻿107,191,132,191,132,212,107,212,官
﻿107,212,132,212,132,233,107,233,故
﻿107,233,132,233,132,254,107,254,也
﻿107,254,132,254,132,275,107,275,時
﻿107,275,132,275,132,296,107,296,黎
﻿107,296,132,296,132,317,107,317,從
﻿107,317,132,317,132,338,107,338,教
﻿107,338,132,338,132,359,107,359,為
﻿107,359,132,359,132,380,107,380,左
﻿107,380,132,380,132,401,107,401,輔
﻿107,401,132,401,132,422,107,422,與
﻿107,422,132,422,132,443,107,443,翰
﻿78,46,101,46,101,66,78,66,林
﻿78,66,101,66,101,87,78,87,奉
﻿78,87,101,87,101,108,78,108,旨
﻿78,108,101,108,101,129,78,129,丁
﻿78,129,101,129,101,150,78,150,拱
﻿78,150,101,150,101,171,78,171,垣
﻿78,171,101,171,101,191,78,191,素
﻿78,191,101,191,101,212,78,212,不
﻿78,212,101,212,101,233,78,233,相
﻿78,233,101,233,101,254,78,254,懾
﻿78,254,101,254,101,275,78,275,宣
﻿78,275,101,275,101,296,78,296,示
﻿78,296,101,296,101,316,78,316,德
﻿78,316,101,316,101,337,78,337,音
﻿78,337,101,337,101,358,78,358,有
﻿78,358,101,358,101,379,78,379,日
﻿78,379,101,379,101,400,78,400,矣
﻿78,400,101,400,101,421,78,421,供
﻿78,421,101,421,101,442,78,442,垣
﻿48,45,71,45,71,65,48,65,故
﻿48,65,71,65,71,86,48,86,不
﻿48,86,71,86,71,107,48,107,送
﻿48,107,71,107,71,128,48,128,藁
﻿48,128,71,128,71,149,48,149,從
﻿48,149,71,149,71,170,48,170,教
﻿48,170,71,170,71,191,48,191,屡
﻿48,191,71,191,71,212,48,212,素
﻿48,212,71,212,71,233,48,233,求
﻿48,233,71,233,71,254,48,254,竟
﻿48,254,71,254,71,275,48,275,不
﻿48,275,71,275,71,296,48,296,䏻
﻿48,296,71,296,71,317,48,317,得
﻿48,317,71,317,71,338,48,338,是
﻿48,338,71,338,71,359,48,359,日
﻿48,359,71,359,71,380,48,380,駕
﻿48,380,71,380,71,401,48,401,方
﻿48,401,71,401,71,422,48,422,出
﻿48,422,71,422,71,443,48,443,宫
﻿16,46,41,46,41,66,16,66,拱
﻿16,66,41,66,41,87,16,87,垣
﻿16,87,41,87,41,108,16,108,始
﻿16,108,41,108,41,129,16,129,送
﻿16,129,41,129,41,150,16,150,藁
﻿16,150,41,150,41,171,16,171,從
﻿16,171,41,171,41,192,16,192,教
﻿16,192,41,192,41,213,16,213,宣
﻿16,213,41,213,41,234,16,234,讀
﻿16,234,41,234,41,255,16,255,大
﻿16,255,41,255,41,276,16,276,赦
﻿16,276,41,276,41,297,16,297,不
﻿16,297,41,297,41,318,16,318,通
﻿16,318,41,318,41,339,16,339,音
﻿16,339,41,339,41,360,16,360,義
﻿16,360,41,360,41,381,16,381,遂
﻿16,381,41,381,41,402,16,402,默
﻿16,402,41,402,41,423,16,423,然
﻿16,423,41,423,41,444,16,444,帝
