261,29,281,29,281,50,261,50,大
﻿261,50,281,50,281,71,261,71,兵
﻿261,71,281,71,281,92,261,92,進
﻿261,92,281,92,281,113,261,113,至
﻿261,113,281,113,281,135,261,135,珥
﻿261,135,281,135,281,156,261,156,河
﻿261,156,281,156,281,177,261,177,水
﻿261,177,281,177,281,198,261,198,步
﻿261,198,281,198,281,220,261,220,相
﻿261,220,281,220,281,241,261,241,接
﻿261,241,281,241,281,262,261,262,大
﻿261,262,281,262,281,283,261,283,破
﻿261,283,281,283,281,304,261,304,敬
﻿261,304,281,304,281,326,261,326,寬
﻿261,326,281,326,281,347,261,347,於
﻿261,347,281,347,281,368,261,368,嘉
﻿261,368,281,368,281,389,261,389,林
﻿261,389,281,389,281,411,261,411,地
﻿230,31,255,31,255,52,230,52,方
﻿230,52,255,52,255,73,230,73,斬
﻿230,73,255,73,255,94,230,94,殺
﻿230,94,255,94,255,115,230,115,甚
﻿230,115,255,115,255,136,230,136,眾
﻿230,136,255,136,255,157,230,157,敬
﻿230,157,255,157,255,178,230,178,寬
﻿230,178,255,178,255,199,230,199,僅
﻿230,199,255,199,255,220,230,220,以
﻿230,220,255,220,255,241,230,241,身
﻿230,241,255,241,255,262,230,262,免
﻿230,262,255,262,255,283,230,283,遁
﻿230,283,255,283,255,304,230,304,入
﻿230,304,255,304,255,325,230,325,山
﻿230,325,255,325,255,346,230,346,林
﻿230,346,255,346,255,367,230,367,於
﻿230,367,255,367,255,388,230,388,是
﻿230,388,255,388,255,409,230,409,天
﻿199,27,226,27,226,49,199,49,下
﻿199,49,226,49,226,72,199,72,人
﻿199,72,226,72,226,94,199,94,民
﻿199,94,226,94,226,117,199,117,復
﻿199,117,226,117,226,139,199,139,按
﻿199,139,226,139,226,162,199,162,堵
﻿199,162,226,162,226,184,199,184,如
﻿199,184,226,184,226,207,199,207,故
﻿199,207,226,207,226,229,199,229,京
﻿199,229,226,229,226,252,199,252,城
﻿199,252,226,252,226,274,199,274,宮
﻿199,274,226,274,226,297,199,297,禁
﻿199,297,226,297,226,319,199,319,爲
﻿199,319,226,319,226,342,199,342,之
﻿199,342,226,342,226,364,199,364,肅
﻿199,364,226,364,226,387,199,387,清
﻿199,387,226,387,226,410,199,410,節
﻿167,28,195,28,195,49,167,49,制
﻿167,49,195,49,195,70,167,70,太
﻿167,70,195,70,195,91,167,91,尉
﻿167,91,195,91,195,112,167,112,清
﻿167,112,195,112,195,133,167,133,國
﻿167,133,195,133,195,155,167,155,公
﻿167,155,195,155,195,176,167,176,鄭
﻿167,176,195,176,195,197,167,197,𭫨
﻿167,197,195,197,195,218,167,218,以
﻿167,218,195,218,195,239,167,239,天
﻿167,239,195,239,195,260,167,260,下
﻿167,260,195,260,195,282,167,282,既
﻿167,282,195,282,195,303,167,303,定
﻿167,303,195,303,195,324,167,324,乃
﻿167,324,195,324,195,345,167,345,命
﻿167,345,195,345,195,366,167,366,陪
﻿167,366,195,366,195,387,167,387,從
﻿167,387,195,387,195,409,167,409,户
﻿138,30,163,30,163,51,138,51,部
﻿138,51,163,51,163,72,138,72,左
﻿138,72,163,72,163,93,138,93,侍
﻿138,93,163,93,163,114,138,114,郎
﻿138,114,163,114,163,135,138,135,衍
﻿138,135,163,135,163,156,138,156,嘉
﻿138,156,163,156,163,177,138,177,侯
﻿138,177,163,177,163,198,138,198,黎
﻿138,198,163,198,163,219,138,219,弼
﻿138,219,163,219,163,240,138,240,四
﻿138,240,163,240,163,261,138,261,與
﻿138,261,163,261,163,282,138,282,掌
﻿138,282,163,282,163,303,138,303,監
﻿138,303,163,303,163,324,138,324,太
﻿138,324,163,324,163,345,138,345,保
﻿138,345,163,345,163,366,138,366,岳
﻿138,366,163,366,163,387,138,387,郡
﻿138,387,163,387,163,408,138,408,公
﻿108,28,132,28,132,49,108,49,裴
﻿108,49,132,49,132,70,108,70,仕
﻿108,70,132,70,132,92,108,92,林
﻿108,92,132,92,132,113,108,113,等
﻿108,113,132,113,132,134,108,134,回
﻿108,134,132,134,132,156,108,156,清
﻿108,156,132,156,132,177,108,177,華
﻿108,177,132,177,132,198,108,198,奉
﻿108,198,132,198,132,220,108,220,迎
﻿108,220,132,220,132,241,108,241,聖
﻿108,241,132,241,132,262,108,262,駕
﻿108,262,132,262,132,284,108,284,進
﻿108,284,132,284,132,305,108,305,御
﻿108,305,132,305,132,326,108,326,京
﻿108,326,132,326,132,348,108,348,城
﻿108,348,132,348,132,369,108,369,群
﻿108,369,132,369,132,390,108,390,臣
﻿108,390,132,390,132,412,108,412,皆
﻿76,30,101,30,101,51,76,51,朝
﻿76,51,101,51,101,73,76,73,賀
﻿76,73,101,73,101,95,76,95,自
﻿76,95,101,95,101,117,76,117,是
﻿76,117,101,117,101,139,76,139,天
﻿76,139,101,139,101,160,76,160,下
﻿76,160,101,160,101,182,76,182,晏
﻿76,182,101,182,101,204,76,204,然
﻿76,204,101,204,101,226,76,226,無
﻿76,226,101,226,101,248,76,248,事
﻿76,248,101,248,101,270,76,270,矣
﻿76,270,101,270,101,291,76,291,冬
﻿76,291,101,291,101,313,76,313,十
﻿76,313,101,313,101,335,76,335,一
﻿76,335,101,335,101,357,76,357,月
﻿76,357,101,357,101,379,76,379,十
﻿76,379,101,379,101,401,76,401,一
﻿46,31,72,31,72,52,46,52,日
﻿46,52,72,52,72,73,46,73,册
﻿46,73,72,73,72,94,46,94,封
﻿46,94,72,94,72,115,46,115,節
﻿46,115,72,115,72,136,46,136,制
﻿46,136,72,136,72,157,46,157,太
﻿46,157,72,157,72,178,46,178,尉
﻿46,178,72,178,72,199,46,199,清
﻿46,199,72,199,72,220,46,220,國
﻿46,220,72,220,72,241,46,241,公
﻿46,241,72,241,72,262,46,262,鄭
﻿46,262,72,262,72,283,46,283,𭫨
﻿46,283,72,283,72,304,46,304,爲
﻿46,304,72,304,72,325,46,325,元
﻿46,325,72,325,72,346,46,346,帥
﻿46,346,72,346,72,367,46,367,統
﻿46,367,72,367,72,388,46,388,國
﻿46,388,72,388,72,410,46,410,政
﻿14,29,41,29,41,50,14,50,清
﻿14,50,41,50,41,71,14,71,都
﻿14,71,41,71,41,92,14,92,王
﻿14,92,41,92,41,113,14,113,其
﻿14,113,41,113,41,135,14,135,册
﻿14,135,41,135,41,156,14,156,文
﻿14,156,41,156,41,177,14,177,曰
﻿14,177,41,177,41,198,14,198,皇
﻿14,198,41,198,41,220,14,220,天
﻿14,220,41,220,41,241,14,241,運
﻿14,241,41,241,41,262,14,262,啓
﻿14,262,41,262,41,283,14,283,中
﻿14,283,41,283,41,304,14,304,興
﻿14,304,41,304,41,326,14,326,必
﻿14,326,41,326,41,347,14,347,生
﻿14,347,41,347,41,368,14,368,賢
﻿14,368,41,368,41,389,14,389,以
﻿14,389,41,389,41,411,14,411,爲
