261,10,286,10,286,30,261,30,宫
﻿261,30,286,30,286,51,261,51,塟
﻿261,51,286,51,286,71,261,71,龍
﻿261,71,286,71,286,92,261,92,興
﻿261,92,286,92,286,112,261,112,府
﻿261,112,286,112,286,133,261,133,㱕
﻿261,133,286,133,286,153,261,153,德
﻿261,153,286,153,286,174,261,174,陵
﻿261,174,286,174,286,194,261,194,舍
﻿261,194,286,194,286,215,261,215,利
﻿261,215,286,215,286,235,261,235,藏
﻿261,235,286,235,286,256,261,256,卧
﻿261,256,286,256,286,276,261,276,雲
﻿261,276,286,276,286,297,261,297,庵
﻿261,297,286,297,286,317,261,317,寶
﻿261,317,286,317,286,338,261,338,㙮
﻿261,338,286,338,286,358,261,358,廟
﻿261,358,286,358,286,379,261,379,號
﻿261,379,286,379,286,400,261,400,仁
﻿232,9,257,9,257,29,232,29,宗
﻿232,29,257,29,257,49,232,49,謚
﻿232,49,257,49,257,70,232,70,曰
﻿232,70,257,70,257,90,232,90,法
﻿232,90,257,90,257,111,232,111,天
﻿232,111,257,111,257,131,232,131,崇
﻿232,131,257,131,257,152,232,152,道
﻿232,152,257,152,257,172,232,172,應
﻿232,172,257,172,257,193,232,193,世
﻿232,193,257,193,257,213,232,213,化
﻿232,213,257,213,257,234,232,234,民
﻿232,234,257,234,257,254,232,254,隆
﻿232,254,257,254,257,275,232,275,慈
﻿232,275,257,275,257,295,232,295,顯
﻿232,295,257,295,257,316,232,316,惠
﻿232,316,257,316,257,336,232,336,聖
﻿232,336,257,336,257,357,232,357,文
﻿232,357,257,357,257,377,232,377,神
﻿232,377,257,377,257,398,232,398,武
﻿201,11,225,11,225,31,201,31,元
﻿201,31,225,31,225,51,201,51,明
﻿201,51,225,51,225,72,201,72,睿
﻿201,72,225,72,225,92,201,92,孝
﻿201,92,225,92,225,113,201,113,皇
﻿201,113,225,113,225,133,201,133,帝
﻿201,133,225,133,225,153,201,153,以
﻿201,153,225,153,225,174,201,174,欽
﻿201,174,225,174,225,194,201,194,慈
﻿201,194,225,194,225,215,201,215,保
﻿201,215,225,215,225,235,201,235,聖
﻿201,235,225,235,225,256,201,256,太
﻿201,256,225,256,225,276,201,276,皇
﻿201,276,225,276,225,296,201,296,太
﻿201,296,225,296,225,317,201,317,后
﻿201,317,225,317,225,337,201,337,祔
﻿201,337,225,337,225,358,201,358,玄
﻿201,358,225,358,225,378,201,378,宫
﻿201,378,225,378,225,399,201,399,先
﻿171,10,194,10,194,30,171,30,是
﻿171,30,194,30,194,51,171,51,?
﻿171,51,194,51,194,71,171,71,宗
﻿171,71,194,71,194,92,171,92,殯
﻿171,92,194,92,194,112,171,112,宫
﻿171,112,194,112,194,133,171,133,權
﻿171,133,194,133,194,153,171,153,安
﻿171,153,194,153,194,174,171,174,延
﻿171,174,194,174,194,194,171,194,賢
﻿171,194,194,194,194,215,171,215,殿
﻿171,215,194,215,194,235,171,235,将
﻿171,235,194,235,194,256,171,256,𭛁
﻿171,256,194,256,194,276,171,276,引
﻿171,276,194,276,194,297,171,297,時
﻿171,297,194,297,194,317,171,317,刻
﻿171,317,194,317,194,338,171,338,已
﻿171,338,194,338,194,358,171,358,至
﻿171,358,194,358,194,379,171,379,而
﻿171,379,194,379,194,400,171,400,官
﻿138,9,162,9,162,29,138,29,僚
﻿138,29,162,29,162,50,138,50,士
﻿138,50,162,50,162,70,138,70,庶
﻿138,70,162,70,162,91,138,91,填
﻿138,91,162,91,162,111,138,111,塞
﻿138,111,162,111,162,132,138,132,宫
﻿138,132,162,132,162,153,138,153,殿
﻿138,153,162,153,162,173,138,173,宰
﻿138,173,162,173,162,194,138,194,相
﻿138,194,162,194,162,214,138,214,執
﻿138,214,162,214,162,235,138,235,鞭
﻿138,235,162,235,162,255,138,255,驅
﻿138,255,162,255,162,276,138,276,辟
﻿138,276,162,276,162,297,138,297,竟
﻿138,297,162,297,162,317,138,317,不
﻿138,317,162,317,162,338,138,338,䏻
﻿138,338,162,338,162,358,138,358,開
﻿138,358,162,358,162,379,138,379,帝
﻿138,379,162,379,162,400,138,400,召
﻿107,10,136,10,136,30,107,30,祗
﻿107,30,136,30,136,50,107,50,候
﻿107,50,136,50,136,71,107,71,正
﻿107,71,136,71,136,91,107,91,掌
﻿107,91,136,91,136,111,107,111,鄭
﻿107,111,136,111,136,132,107,132,重
﻿107,132,136,132,136,152,107,152,子
﻿107,152,136,152,136,172,107,172,曰
﻿107,172,136,172,136,193,107,193,梓
﻿107,193,136,193,136,213,107,213,宫
﻿107,213,136,213,136,234,107,234,将
﻿107,234,136,234,136,254,107,254,𭛁
﻿107,254,136,254,136,274,107,274,而
﻿107,274,136,274,136,295,107,295,人
﻿107,295,136,295,136,315,107,315,眾
﻿107,315,136,315,136,335,107,335,填
﻿107,335,136,335,136,356,107,356,咽
﻿107,356,136,356,136,376,107,376,如
﻿107,376,136,376,136,397,107,397,此
﻿76,10,103,10,103,30,76,30,奈
﻿76,30,103,30,103,50,76,50,何
﻿76,50,103,50,103,71,76,71,爾
﻿76,71,103,71,103,91,76,91,其
﻿76,91,103,91,103,112,76,112,辟
﻿76,112,103,112,103,132,76,132,之
﻿76,132,103,132,103,152,76,152,仲
﻿76,152,103,152,103,173,76,173,子
﻿76,173,103,173,103,193,76,193,即
﻿76,193,103,193,103,214,76,214,就
﻿76,214,103,214,103,234,76,234,天
﻿76,234,103,234,103,254,76,254,墀
﻿76,254,103,254,103,275,76,275,呼
﻿76,275,103,275,103,295,76,295,海
﻿76,295,103,295,103,316,76,316,口
﻿76,316,103,316,103,336,76,336,虎
﻿76,336,103,336,103,357,76,357,翊
﻿92,360,104,360,104,379,92,379,仲
﻿92,379,104,379,104,399,92,399,子
﻿79,359,91,359,91,378,79,378,所
﻿79,378,91,378,91,398,79,398,領
﻿47,10,72,10,72,30,47,30,軍
﻿47,30,72,30,72,51,47,51,列
﻿47,51,72,51,72,71,47,71,坐
﻿47,71,72,71,72,92,47,92,墀
﻿47,92,72,92,72,112,47,112,中
﻿47,112,72,112,72,133,47,133,使
﻿47,133,72,133,72,153,47,153,唱
﻿47,153,72,153,72,174,47,174,龍
﻿47,174,72,174,72,194,47,194,吟
﻿47,194,72,194,72,215,47,215,曲
﻿47,215,72,215,72,235,47,235,數
﻿47,235,72,235,72,256,47,256,聲
﻿47,256,72,256,72,276,47,276,眾
﻿47,276,72,276,72,297,47,297,皆
﻿47,297,72,297,72,317,47,317,驚
﻿47,317,72,317,72,338,47,338,訝
﻿47,338,72,338,72,358,47,358,相
﻿47,358,72,358,72,379,47,379,率
﻿47,379,72,379,72,400,47,400,徃
﻿13,10,41,10,41,30,13,30,?
﻿13,30,41,30,41,51,13,51,宫
﻿13,51,41,51,41,71,13,71,殿
﻿13,71,41,71,41,92,13,92,遂
﻿13,92,41,92,41,112,13,112,竟
﻿13,112,41,112,41,133,13,133,即
﻿13,133,41,133,41,153,13,153,奉
﻿13,153,41,153,41,174,13,174,引
﻿13,174,41,174,41,194,13,194,㱕
﻿13,194,41,194,41,215,13,215,德
﻿13,215,41,215,41,235,13,235,陵
﻿13,235,41,235,41,256,13,256,仲
﻿13,256,41,256,41,276,13,276,子
﻿13,276,41,276,41,297,13,297,慮
﻿13,297,41,297,41,317,13,317,經
﻿13,317,41,317,41,338,13,338,途
﻿13,338,41,338,41,358,13,358,必
﻿13,358,41,358,41,379,13,379,有
﻿13,379,41,379,41,400,13,400,高
