265,45,287,45,287,65,265,65,丙
﻿265,65,287,65,287,86,265,86,申
﻿265,86,287,86,287,106,265,106,五
﻿265,106,287,106,287,127,265,127,年
﻿275,129,289,129,289,147,275,147,宋
﻿275,147,289,147,289,165,275,165,端
﻿275,165,289,165,289,183,275,183,平
﻿261,131,274,131,274,150,261,150,元
﻿261,150,274,150,274,169,261,169,年
﻿265,184,288,184,288,204,265,204,春
﻿265,204,288,204,288,225,265,225,正
﻿265,225,288,225,288,246,265,246,月
﻿265,246,288,246,288,267,265,267,定
﻿265,267,288,267,288,287,265,287,内
﻿265,287,288,287,288,308,265,308,外
﻿265,308,288,308,288,329,265,329,文
﻿265,329,288,329,288,350,265,350,武
﻿265,350,288,350,288,370,265,370,官
﻿265,370,288,370,288,391,265,391,及
﻿265,391,288,391,288,412,265,412,宫
﻿265,412,288,412,288,433,265,433,殿
﻿236,44,258,44,258,65,236,65,陵
﻿236,65,258,65,258,87,236,87,廟
﻿236,87,258,87,258,109,236,109,名
﻿236,109,258,109,258,130,236,130,官
﻿236,130,258,130,258,152,236,152,俸
﻿236,152,258,152,258,174,236,174,例
﻿236,174,258,174,258,196,236,196,分
﻿236,196,258,196,258,217,236,217,税
﻿236,217,258,217,258,239,236,239,錢
﻿236,239,258,239,258,261,236,261,逐
﻿236,261,258,261,258,282,236,282,次
﻿236,282,258,282,258,304,236,304,頒
﻿236,304,258,304,258,326,236,326,給
﻿236,326,258,326,258,348,236,348,二
﻿236,348,258,348,258,369,236,369,月
﻿236,369,258,369,258,391,236,391,定
﻿236,391,258,391,258,413,236,413,大
﻿236,413,258,413,258,435,236,435,臣
﻿206,45,230,45,230,65,206,65,官
﻿206,65,230,65,230,86,206,86,銜
﻿206,86,230,86,230,106,206,106,凣
﻿206,106,230,106,230,127,206,127,宗
﻿206,127,230,127,230,147,206,147,室
﻿206,147,230,147,230,168,206,168,入
﻿206,168,230,168,230,188,206,188,政
﻿206,188,230,188,230,209,206,209,府
﻿206,209,230,209,230,229,206,229,或
﻿206,229,230,229,230,250,206,250,太
﻿206,250,230,250,230,270,206,270,師
﻿206,270,230,270,230,291,206,291,太
﻿206,291,230,291,230,311,206,311,傅
﻿206,311,230,311,230,332,206,332,太
﻿206,332,230,332,230,352,206,352,保
﻿206,352,230,352,230,373,206,373,太
﻿206,373,230,373,230,393,206,393,尉
﻿206,393,230,393,230,414,206,414,或
﻿206,414,230,414,230,435,206,435,司
﻿174,44,197,44,197,64,174,64,徒
﻿174,64,197,64,197,85,174,85,左
﻿174,85,197,85,197,106,174,106,右
﻿174,106,197,106,197,126,174,126,相
﻿174,126,197,126,197,147,174,147,國
﻿174,147,197,147,197,168,174,168,皆
﻿174,168,197,168,197,188,174,188,兼
﻿174,188,197,188,197,209,174,209,授
﻿174,209,197,209,197,230,174,230,檢
﻿174,230,197,230,197,250,174,250,校
﻿174,250,197,250,197,271,174,271,特
﻿174,271,197,271,197,292,174,292,進
﻿174,292,197,292,197,312,174,312,儀
﻿174,312,197,312,197,333,174,333,同
﻿174,333,197,333,197,354,174,354,三
﻿174,354,197,354,197,374,174,374,司
﻿174,374,197,374,197,395,174,395,平
﻿174,395,197,395,197,416,174,416,章
﻿174,416,197,416,197,437,174,437,事
﻿143,44,167,44,167,65,143,65,夏
﻿143,65,167,65,167,87,143,87,六
﻿143,87,167,87,167,108,143,108,月
﻿143,108,167,108,167,130,143,130,大
﻿143,130,167,130,167,151,143,151,水
﻿143,151,167,151,167,173,143,173,决
﻿143,173,167,173,167,194,143,194,麗
﻿143,194,167,194,167,216,143,216,天
﻿143,216,167,216,167,237,143,237,宮
﻿143,237,167,237,167,259,143,259,時
﻿143,259,167,259,167,280,143,280,顯
﻿143,280,167,280,167,302,143,302,皇
﻿143,302,167,302,167,323,143,323,柳
﻿143,323,167,323,167,345,143,345,知
﻿143,345,167,345,167,366,143,366,聖
﻿143,366,167,366,167,388,143,388,慈
﻿143,388,167,388,167,409,143,409,宫
﻿143,409,167,409,167,431,143,431,因
﻿112,44,138,44,138,64,112,64,大
﻿112,64,138,64,138,85,112,85,水
﻿112,85,138,85,138,105,112,105,乘
﻿112,105,138,105,138,126,112,126,船
﻿112,126,138,126,138,146,112,146,入
﻿112,146,138,146,138,167,112,167,朝
﻿112,167,138,167,138,188,112,188,見
﻿112,188,138,188,138,208,112,208,李
﻿112,208,138,208,138,229,112,229,朝
﻿112,229,138,229,138,249,112,249,舊
﻿112,249,138,249,138,270,112,270,妃
﻿112,270,138,270,138,290,112,290,逼
﻿112,290,138,290,138,311,112,311,通
﻿112,311,138,311,138,332,112,332,於
﻿112,332,138,332,138,352,112,352,麗
﻿112,352,138,352,138,373,112,373,天
﻿112,373,138,373,138,393,112,393,宫
﻿112,393,138,393,138,414,112,414,廷
﻿112,414,138,414,138,435,112,435,臣
﻿83,43,108,43,108,64,83,64,劾
﻿83,64,108,64,108,86,83,86,奏
﻿83,86,108,86,108,108,83,108,因
﻿83,108,108,108,108,129,83,129,改
﻿83,129,108,129,108,151,83,151,其
﻿83,151,108,151,108,173,83,173,宫
﻿83,173,108,173,108,194,83,194,為
﻿83,194,108,194,108,216,83,216,賞
﻿83,216,108,216,108,238,83,238,春
﻿83,238,108,238,108,259,83,259,宫
﻿83,259,108,259,108,281,83,281,降
﻿83,281,108,281,108,303,83,303,顯
﻿83,303,108,303,108,324,83,324,皇
﻿83,324,108,324,108,346,83,346,為
﻿83,346,108,346,108,368,83,368,懷
﻿83,368,108,368,108,389,83,389,王
﻿83,389,108,389,108,411,83,411,秋
﻿83,411,108,411,108,433,83,433,八
﻿52,45,77,45,77,66,52,66,月
﻿52,66,77,66,77,88,52,88,選
﻿52,88,77,88,77,110,52,110,儒
﻿52,110,77,110,77,131,52,131,生
﻿52,131,77,131,77,153,52,153,中
﻿52,153,77,153,77,175,52,175,科
﻿52,175,77,175,77,197,52,197,者
﻿52,197,77,197,77,218,52,218,入
﻿52,218,77,218,77,240,52,240,侍
﻿52,240,77,240,77,262,52,262,後
﻿52,262,77,262,77,283,52,283,為
﻿52,283,77,283,77,305,52,305,定
﻿52,305,77,305,77,327,52,327,例
﻿52,327,77,327,77,349,52,349,冬
﻿52,349,77,349,77,370,52,370,十
﻿52,370,77,370,77,392,52,392,月
﻿52,392,77,392,77,414,52,414,以
﻿52,414,77,414,77,436,52,436,范
﻿22,44,47,44,47,64,22,64,應
﻿22,64,47,64,47,85,22,85,臣
﻿22,85,47,85,47,105,22,105,為
﻿22,105,47,105,47,126,22,126,尚
﻿22,126,47,126,47,146,22,146,書
﻿22,146,47,146,47,167,22,167,知
﻿22,167,47,167,47,188,22,188,國
﻿22,188,47,188,47,208,22,208,子
﻿22,208,47,208,47,229,22,229,院
﻿22,229,47,229,47,249,22,249,提
﻿22,249,47,249,47,270,22,270,調
﻿22,270,47,270,47,290,22,290,文
﻿22,290,47,290,47,311,22,311,臣
﻿22,311,47,311,47,332,22,332,從
﻿22,332,47,332,47,352,22,352,臣
﻿22,352,47,352,47,373,22,373,子
﻿22,373,47,373,47,393,22,393,弟
﻿22,393,47,393,47,414,22,414,入
﻿22,414,47,414,47,435,22,435,學
