255,40,283,40,283,60,255,60,凣
﻿255,60,283,60,283,81,255,81,三
﻿255,81,283,81,283,102,255,102,反
﻿255,102,283,102,283,122,255,122,命
﻿255,122,283,122,283,143,255,143,令
﻿255,143,283,143,283,164,255,164,公
﻿255,164,283,164,283,184,255,184,惧
﻿255,184,283,184,283,205,255,205,遂
﻿255,205,283,205,283,226,255,226,匿
﻿255,226,283,226,283,246,255,246,昌
﻿255,246,283,246,283,267,255,267,岌
﻿255,267,283,267,283,288,255,288,山
﻿255,288,283,288,283,308,255,308,洞
﻿255,308,283,308,283,329,255,329,間
﻿255,329,283,329,283,350,255,350,三
﻿255,350,283,350,283,370,255,370,哥
﻿255,370,283,370,283,391,255,391,知
﻿255,391,283,391,283,412,255,412,之
﻿255,412,283,412,283,433,255,433,復
﻿228,39,254,39,254,60,228,60,索
﻿228,60,254,60,254,81,228,81,如
﻿228,81,254,81,254,102,228,102,初
﻿228,102,254,102,254,123,228,123,竟
﻿228,123,254,123,254,144,228,144,不
﻿228,144,254,144,254,165,228,165,䏻
﻿228,165,254,165,254,187,228,187,得
﻿197,58,225,58,225,78,197,78,史
﻿197,78,225,78,225,99,197,99,臣
﻿197,99,225,99,225,120,197,120,吳
﻿197,120,225,120,225,140,197,140,士
﻿197,140,225,140,225,161,197,161,連
﻿197,161,225,161,225,182,197,182,曰
﻿197,182,225,182,225,202,197,202,范
﻿197,202,225,202,225,223,197,223,令
﻿197,223,225,223,225,244,197,244,公
﻿197,244,225,244,225,264,197,264,之
﻿197,264,225,264,225,285,197,285,用
﻿197,285,225,285,225,306,197,306,心
﻿197,306,225,306,225,326,197,326,忠
﻿197,326,225,326,225,347,197,347,矣
﻿197,347,225,347,225,368,197,368,哉
﻿197,368,225,368,225,388,197,388,三
﻿197,388,225,388,225,409,197,409,哥
﻿197,409,225,409,225,430,197,430,以
﻿165,58,193,58,193,78,165,78,家
﻿165,78,193,78,193,99,165,99,臣
﻿165,99,193,99,193,120,165,120,逐
﻿165,120,193,120,193,140,165,140,君
﻿165,140,193,140,193,161,165,161,之
﻿165,161,193,161,193,182,165,182,鏑
﻿165,182,193,182,193,203,165,203,而
﻿165,203,193,203,193,223,165,223,篡
﻿165,223,193,223,193,244,165,244,其
﻿165,244,193,244,193,265,165,265,位
﻿165,265,193,265,193,285,165,285,以
﻿165,285,193,285,193,306,165,306,昌
﻿165,306,193,306,193,327,165,327,文
﻿165,327,193,327,193,348,165,348,為
﻿165,348,193,348,193,368,165,368,己
﻿165,368,193,368,193,389,165,389,子
﻿165,389,193,389,193,410,165,410,假
﻿165,410,193,410,193,431,165,431,飾
﻿136,59,164,59,164,79,136,79,之
﻿136,79,164,79,164,100,136,100,辝
﻿136,100,164,100,164,120,136,120,爾
﻿136,120,164,120,164,141,136,141,󰰽
﻿136,141,164,141,164,162,136,162,得
﻿136,162,164,162,164,182,136,182,而
﻿136,182,164,182,164,203,136,203,知
﻿136,203,164,203,164,223,136,223,幾
﻿136,223,164,223,164,244,136,244,且
﻿136,244,164,244,164,265,136,265,當
﻿136,265,164,265,164,285,136,285,時
﻿136,285,164,285,164,306,136,306,國
﻿136,306,164,306,164,326,136,326,人
﻿136,326,164,326,164,347,136,347,皆
﻿136,347,164,347,164,368,136,368,已
﻿136,368,164,368,164,388,136,388,君
﻿136,388,164,388,164,409,136,409,三
﻿136,409,164,409,164,430,136,430,可
﻿106,56,134,56,134,76,106,76,而
﻿106,76,134,76,134,97,106,97,令
﻿106,97,134,97,134,118,106,118,公
﻿106,118,134,118,134,138,106,138,敢
﻿106,138,134,138,134,159,106,159,匿
﻿106,159,134,159,134,180,106,180,昌
﻿106,180,134,180,134,200,106,200,岌
﻿106,200,134,200,134,221,106,221,欲
﻿106,221,134,221,134,242,106,242,不
﻿106,242,134,242,134,262,106,262,絶
﻿106,262,134,262,134,283,106,283,吳
﻿106,283,134,283,134,304,106,304,氏
﻿106,304,134,304,134,324,106,324,之
﻿106,324,134,324,134,345,106,345,祀
﻿106,345,134,345,134,366,106,366,也
﻿106,366,134,366,134,386,106,386,程
﻿106,386,134,386,134,407,106,407,嬰
﻿106,407,134,407,134,428,106,428,杵
﻿74,57,103,57,103,77,74,77,臼
﻿74,77,103,77,103,98,74,98,之
﻿74,98,103,98,103,119,74,119,事
﻿74,119,103,119,103,139,74,139,再
﻿74,139,103,139,103,160,74,160,見
﻿74,160,103,160,103,181,74,181,於
﻿74,181,103,181,103,202,74,202,此
﻿74,202,103,202,103,222,74,222,󰰽
﻿74,222,103,222,103,243,74,243,謂
﻿74,243,103,243,103,264,74,264,一
﻿74,264,103,264,103,284,74,284,國
﻿74,284,103,284,103,305,74,305,之
﻿74,305,103,305,103,326,74,326,大
﻿74,326,103,326,103,347,74,347,而
﻿74,347,103,347,103,367,74,367,無
﻿74,367,103,367,103,388,74,388,忠
﻿74,388,103,388,103,409,74,409,臣
﻿74,409,103,409,103,430,74,430,義
﻿50,55,71,55,71,77,50,77,士
﻿50,77,71,77,71,99,50,99,哉
﻿22,36,40,36,40,55,22,55,丁
﻿22,55,40,55,40,74,22,74,未
﻿28,77,42,77,42,97,28,97,楊
﻿28,97,42,97,42,117,28,117,三
﻿28,117,42,117,42,137,28,137,哥
﻿28,137,42,137,42,158,28,158,三
﻿28,158,42,158,42,178,28,178,年
﻿28,178,42,178,42,198,28,198,後
﻿28,198,42,198,42,218,28,218,漢
﻿28,218,42,218,42,239,28,239,髙
﻿28,239,42,239,42,259,28,259,祖
﻿28,259,42,259,42,279,28,279,劉
﻿28,279,42,279,42,300,28,300,知
﻿13,76,27,76,27,96,13,96,遠
﻿13,96,27,96,27,117,13,117,?
﻿13,117,27,117,27,138,13,138,仍
﻿13,138,27,138,27,159,13,159,稱
﻿13,159,27,159,27,180,13,180,晋
﻿13,180,27,180,27,201,13,201,天
﻿13,201,27,201,27,222,13,222,福
﻿13,222,27,222,27,243,13,243,十
﻿13,243,27,243,27,264,13,264,二
﻿13,264,27,264,27,285,13,285,年
﻿16,307,39,307,39,326,16,326,是
﻿16,326,39,326,39,346,16,346,歲
﻿16,346,39,346,39,365,16,365,晋
﻿16,365,39,365,39,385,16,385,亡
