247,33,270,33,270,53,247,53,室
﻿247,53,270,53,270,74,247,74,惟
﻿247,74,270,74,270,95,247,95,郡
﻿247,95,270,95,270,116,247,116,王
﻿247,116,270,116,270,137,247,137,母
﻿247,137,270,137,270,158,247,158,鄭
﻿247,158,270,158,270,178,247,178,宸
﻿247,178,270,178,270,199,247,199,妃
﻿247,199,270,199,270,220,247,220,𭁈
﻿247,220,270,220,270,241,247,241,犯
﻿247,241,270,241,270,262,247,262,惠
﻿247,262,270,262,270,283,247,283,妃
﻿247,283,270,283,270,303,247,303,等
﻿247,303,270,303,270,324,247,324,數
﻿247,324,270,324,270,345,247,345,人
﻿247,345,270,345,270,366,247,366,而
﻿247,366,270,366,270,387,247,387,已
﻿247,387,270,387,270,408,247,408,國
﻿216,34,240,34,240,54,216,54,母
﻿216,54,240,54,240,75,216,75,亦
﻿216,75,240,75,240,96,216,96,先
﻿216,96,240,96,240,117,216,117,帝
﻿216,117,240,117,240,138,216,138,側
﻿216,138,240,138,240,159,216,159,室
﻿216,159,240,159,240,179,216,179,於
﻿216,179,240,179,240,200,216,200,草
﻿216,200,240,200,240,221,216,221,昧
﻿216,221,240,221,240,242,216,242,時
﻿216,242,240,242,240,263,216,263,已
﻿216,263,240,263,240,284,216,284,先
﻿216,284,240,284,240,304,216,304,薨
﻿216,304,240,304,240,325,216,325,及
﻿216,325,240,325,240,346,216,346,是
﻿216,346,240,346,240,367,216,367,帝
﻿216,367,240,367,240,388,216,388,追
﻿216,388,240,388,240,409,216,409,念
﻿186,31,209,31,209,52,186,52,尊
﻿186,52,209,52,209,73,186,73,為
﻿186,73,209,73,209,94,186,94,國
﻿186,94,209,94,209,115,186,115,太
﻿186,115,209,115,209,136,186,136,母
﻿186,136,209,136,209,157,186,157,舊
﻿186,157,209,157,209,178,186,178,臣
﻿186,178,209,178,209,199,186,199,主
﻿186,199,209,199,209,220,186,220,在
﻿186,220,209,220,209,241,186,241,籃
﻿186,241,209,241,209,262,186,262,京
﻿186,262,209,262,209,283,186,283,帝
﻿186,283,209,283,209,304,186,304,命
﻿186,304,209,304,209,325,186,325,元
﻿186,325,209,325,209,346,186,346,舅
﻿186,346,209,346,209,367,186,367,右
﻿186,367,209,367,209,388,186,388,𤤻
﻿186,388,209,388,209,409,186,409,黎
﻿155,31,179,31,179,51,155,51,連
﻿155,51,179,51,179,72,155,72,及
﻿155,72,179,72,179,93,155,93,中
﻿155,93,179,93,179,114,155,114,書
﻿155,114,179,114,179,135,155,135,是
﻿155,135,179,135,179,156,155,156,郎
﻿155,156,179,156,179,177,155,177,陳
﻿155,177,179,177,179,198,155,198,舜
﻿155,198,179,198,179,219,155,219,俞
﻿155,219,179,219,179,240,155,240,奉
﻿155,240,179,240,179,261,155,261,新
﻿155,261,179,261,179,282,155,282,神
﻿155,282,179,282,179,303,155,303,主
﻿155,303,179,303,179,324,155,324,及
﻿155,324,179,324,179,345,155,345,金
﻿155,345,179,345,179,366,155,366,󰀋
﻿155,366,179,366,179,387,155,387,至
﻿155,387,179,387,179,408,155,408,廟
﻿125,33,149,33,149,55,125,55,行
﻿125,55,149,55,149,77,125,77,禮
﻿125,77,149,77,149,99,125,99,大
﻿125,99,149,99,149,121,125,121,司
﻿125,121,149,121,149,143,125,143,徒
﻿125,143,149,143,149,165,125,165,黎
﻿125,165,149,165,149,187,125,187,察
﻿125,187,149,187,149,209,125,209,起
﻿125,209,149,209,149,231,125,231,清
﻿125,231,149,231,149,253,125,253,潭
﻿125,253,149,253,149,275,125,275,昭
﻿125,275,149,275,149,297,125,297,度
﻿125,297,149,297,149,319,125,319,等
﻿125,319,149,319,149,341,125,341,寺
﻿125,341,149,341,149,363,125,363,成
﻿125,363,149,363,149,385,125,385,守
﻿125,385,149,385,149,408,125,408,九
﻿94,34,117,34,117,55,94,55,十
﻿94,55,117,55,117,76,94,76,餘
﻿94,76,117,76,117,98,94,98,間
﻿62,33,89,33,89,53,62,53,秋
﻿62,53,89,53,89,74,62,74,七
﻿62,74,89,74,89,95,62,95,月
﻿62,95,89,95,89,116,62,116,十
﻿62,116,89,116,89,137,62,137,一
﻿62,137,89,137,89,158,62,158,日
﻿62,158,89,158,89,179,62,179,㫖
﻿62,179,89,179,89,200,62,200,揮
﻿62,200,89,200,89,221,62,221,各
﻿62,221,89,221,89,242,62,242,道
﻿62,242,89,242,89,263,62,263,衛
﻿62,263,89,263,89,284,62,284,軍
﻿62,284,89,284,89,305,62,305,将
﻿62,305,89,305,89,326,62,326,校
﻿62,326,89,326,89,347,62,347,及
﻿62,347,89,347,89,368,62,368,路
﻿62,368,89,368,89,389,62,389,縣
﻿62,389,89,389,89,410,62,410,鎮
﻿35,30,59,30,59,51,35,51,󰀋
﻿35,51,59,51,59,72,35,72,社
﻿35,72,59,72,59,93,35,93,官
﻿35,93,59,93,59,114,35,114,等
﻿35,114,59,114,59,135,35,135,凡
﻿35,135,59,135,59,156,35,156,治
﻿35,156,59,156,59,177,35,177,道
﻿35,177,59,177,59,198,35,198,以
﻿35,198,59,198,59,219,35,219,清
﻿35,219,59,219,59,240,35,240,刑
﻿35,240,59,240,59,261,35,261,爲
﻿35,261,59,261,59,282,35,282,本
﻿35,282,59,282,59,303,35,303,朕
﻿35,303,59,303,59,324,35,324,見
﻿35,324,59,324,59,345,35,345,軍
﻿35,345,59,345,59,366,35,366,人
﻿35,366,59,366,59,387,35,387,皆
﻿35,387,59,387,59,408,35,408,越
﻿7,31,30,31,30,52,7,52,次
﻿7,52,30,52,30,73,7,73,奏
﻿7,73,30,73,30,94,7,94,告
﻿7,94,30,94,30,115,7,115,運
﻿7,115,30,115,30,136,7,136,勾
﻿7,136,30,136,30,157,7,157,訟
﻿7,157,30,157,30,178,7,178,人
﻿7,178,30,178,30,199,7,199,防
﻿7,199,30,199,30,220,7,220,廢
﻿7,220,30,220,30,241,7,241,民
﻿7,241,30,241,30,262,7,262,事
﻿7,262,30,262,30,283,7,283,勞
﻿7,283,30,283,30,304,7,304,擾
﻿7,304,30,304,30,325,7,325,朝
﻿7,325,30,325,30,346,7,346,廷
﻿7,346,30,346,30,367,7,367,莫
﻿7,367,30,367,30,388,7,388,此
﻿7,388,30,388,30,409,7,409,為
