255,32,279,32,279,52,255,52,肅
﻿255,52,279,52,279,73,255,73,如
﻿255,73,279,73,279,93,255,93,故
﻿255,93,279,93,279,114,255,114,時
﻿255,114,279,114,279,135,255,135,屢
﻿255,135,279,135,279,155,255,155,經
﻿255,155,279,155,279,176,255,176,多
﻿255,176,279,176,279,196,255,196,難
﻿255,196,279,196,279,217,255,217,軍
﻿255,217,279,217,279,238,255,238,士
﻿255,238,279,238,279,258,255,258,疲
﻿255,258,279,258,279,279,255,279,勞
﻿255,279,279,279,279,299,255,299,欲
﻿255,299,279,299,279,320,255,320,得
﻿255,320,279,320,279,341,255,341,休
﻿255,341,279,341,279,361,255,361,息
﻿255,361,279,361,279,382,255,382,皆
﻿255,382,279,382,279,403,255,403,勸
﻿229,32,252,32,252,52,229,52,帝
﻿229,52,252,52,252,73,229,73,與
﻿229,73,252,73,252,94,229,94,賊
﻿229,94,252,94,252,114,229,114,和
﻿229,114,252,114,252,135,229,135,親
﻿229,135,252,135,252,156,229,156,帝
﻿229,156,252,156,252,177,229,177,不
﻿229,177,252,177,252,197,229,197,得
﻿229,197,252,197,252,218,229,218,已
﻿229,218,252,218,252,239,229,239,遂
﻿229,239,252,239,252,259,229,259,以
﻿229,259,252,259,252,280,229,280,賊
﻿229,280,252,280,252,301,229,301,将
﻿229,301,252,301,252,322,229,322,山
﻿229,322,252,322,252,342,229,342,壽
﻿229,342,252,342,252,363,229,363,馬
﻿229,363,252,363,252,384,229,384,騏
﻿229,384,252,384,252,405,229,405,陳
﻿198,32,222,32,222,52,198,52,智
﻿198,52,222,52,222,73,198,73,等
﻿198,73,222,73,222,94,198,94,伴
﻿198,94,222,94,222,114,198,114,爲
﻿198,114,222,114,222,135,198,135,和
﻿198,135,222,135,222,156,198,156,好
﻿198,156,222,156,222,176,198,176,以
﻿198,176,222,176,222,197,198,197,安
﻿198,197,222,197,222,218,198,218,眾
﻿198,218,222,218,222,238,198,238,心
﻿198,238,222,238,222,259,198,259,遣
﻿198,259,222,259,222,280,198,280,親
﻿198,280,222,280,222,300,198,300,臣
﻿198,300,222,300,222,321,198,321,黎
﻿198,321,222,321,222,342,198,342,運
﻿198,342,222,342,222,362,198,362,黎
﻿198,362,222,362,222,383,198,383,臻
﻿198,383,222,383,222,404,198,404,等
﻿168,31,194,31,194,52,168,52,行
﻿168,52,194,52,194,74,168,74,成
﻿168,74,194,74,194,96,168,96,明
﻿168,96,194,96,194,118,168,118,遣
﻿168,118,194,118,194,140,168,140,内
﻿168,140,194,140,194,162,168,162,官
﻿168,162,194,162,194,184,168,184,及
﻿168,184,194,184,194,206,168,206,户
﻿168,206,194,206,194,228,168,228,部
﻿168,228,194,228,194,250,168,250,主
﻿168,250,194,250,194,272,168,272,事
﻿168,272,194,272,194,294,168,294,馬
﻿168,294,194,294,194,316,168,316,盟
﻿168,316,194,316,194,338,168,338,盤
﻿168,338,194,338,194,360,168,360,點
﻿168,360,194,360,194,382,168,382,府
﻿168,382,194,382,194,404,168,404,州
﻿139,34,163,34,163,54,139,54,縣
﻿139,54,163,54,163,75,139,75,倉
﻿139,75,163,75,163,95,139,95,庫
﻿139,95,163,95,163,116,139,116,錢
﻿139,116,163,116,163,136,139,136,糧
﻿139,136,163,136,163,157,139,157,及
﻿139,157,163,157,163,177,139,177,命
﻿139,177,163,177,163,198,139,198,安
﻿139,198,163,198,163,218,139,218,平
﻿139,218,163,218,163,239,139,239,伯
﻿139,239,163,239,163,259,139,259,李
﻿139,259,163,259,163,280,139,280,安
﻿139,280,163,280,163,300,139,300,與
﻿139,300,163,300,163,321,139,321,陳
﻿139,321,163,321,163,341,139,341,智
﻿139,341,163,341,163,362,139,362,並
﻿139,362,163,362,163,382,139,382,以
﻿139,382,163,382,163,403,139,403,参
﻿113,32,134,32,134,53,113,53,官
﻿113,53,134,53,134,74,113,74,鎮
﻿113,74,134,74,134,95,113,95,地
﻿113,95,134,95,134,117,113,117,方
﻿81,13,102,13,102,34,81,34,癸
﻿81,34,102,34,102,55,81,55,卯
﻿92,56,109,56,109,75,92,75,明
﻿92,75,109,75,109,95,92,95,永
﻿92,95,109,95,109,115,92,115,樂
﻿76,57,91,57,91,71,76,71,二
﻿76,71,91,71,91,86,76,86,十
﻿76,86,91,86,91,100,76,100,一
﻿76,100,91,100,91,115,76,115,年
﻿77,117,102,117,102,137,77,137,夏
﻿77,137,102,137,102,157,77,157,四
﻿77,157,102,157,102,178,77,178,月
﻿77,178,102,178,102,198,77,198,十
﻿77,198,102,198,102,219,77,219,四
﻿77,219,102,219,102,239,77,239,日
﻿77,239,102,239,102,260,77,260,帝
﻿77,260,102,260,102,280,77,280,復
﻿77,280,102,280,102,300,77,300,領
﻿77,300,102,300,102,321,77,321,眾
﻿77,321,102,321,102,341,77,341,回
﻿77,341,102,341,102,362,77,362,藍
﻿77,362,102,362,102,382,77,382,山
﻿77,382,102,382,102,403,77,403,明
﻿46,33,73,33,73,53,46,53,参
﻿46,53,73,53,73,74,46,74,将
﻿46,74,73,74,73,94,46,94,陳
﻿46,94,73,94,73,115,46,115,智
﻿46,115,73,115,73,135,46,135,内
﻿46,135,73,135,73,156,46,156,官
﻿46,156,73,156,73,176,46,176,山
﻿46,176,73,176,73,197,46,197,壽
﻿46,197,73,197,73,217,46,217,等
﻿46,217,73,217,73,238,46,238,多
﻿46,238,73,238,73,258,46,258,遺
﻿46,258,73,258,73,279,46,279,牛
﻿46,279,73,279,73,299,46,299,馬
﻿46,299,73,299,73,320,46,320,魚
﻿46,320,73,320,73,340,46,340,盐
﻿46,340,73,340,73,361,46,361,及
﻿46,361,73,361,73,381,46,381,榖
﻿46,381,73,381,73,402,46,402,種
﻿16,33,42,33,42,53,16,53,農
﻿16,53,42,53,42,73,16,73,噐
﻿16,73,42,73,42,94,16,94,以
﻿16,94,42,94,42,114,16,114,誘
﻿16,114,42,114,42,135,16,135,之
﻿16,135,42,135,42,155,16,155,帝
﻿16,155,42,155,42,176,16,176,亦
﻿16,176,42,176,42,196,16,196,遣
﻿16,196,42,196,42,217,16,217,臻
﻿16,217,42,217,42,237,16,237,等
﻿16,237,42,237,42,257,16,257,以
﻿16,257,42,257,42,278,16,278,金
﻿16,278,42,278,42,298,16,298,銀
﻿16,298,42,298,42,319,16,319,報
﻿16,319,42,319,42,339,16,339,而
﻿16,339,42,339,42,360,16,360,潜
﻿16,360,42,360,42,380,16,380,爲
﻿16,380,42,380,42,401,16,401,之
