239,33,265,33,265,53,239,53,等
﻿239,53,265,53,265,74,239,74,夜
﻿239,74,265,74,265,94,239,94,遁
﻿239,94,265,94,265,115,239,115,投
﻿239,115,265,115,265,135,239,135,闕
﻿239,135,265,135,265,156,239,156,哀
﻿239,156,265,156,265,176,239,176,告
﻿239,176,265,176,265,197,239,197,望
﻿239,197,265,197,265,217,239,217,聖
﻿239,217,265,217,265,238,239,238,上
﻿239,238,265,238,265,258,239,258,怜
﻿239,258,265,258,265,279,239,279,納
﻿239,279,265,279,265,299,239,299,之
﻿239,299,265,299,265,320,239,320,帝
﻿239,320,265,320,265,340,239,340,曰
﻿239,340,265,340,265,361,239,361,尙
﻿239,361,265,361,265,381,239,381,父
﻿239,381,265,381,265,402,239,402,在
﻿208,32,235,32,235,52,208,52,日
﻿208,52,235,52,235,73,208,73,不
﻿208,73,235,73,235,94,208,94,至
﻿208,94,235,94,235,114,208,114,此
﻿208,114,235,114,235,135,208,135,事
﻿208,135,235,135,235,156,208,156,奈
﻿208,156,235,156,235,176,208,176,何
﻿208,176,235,176,235,197,208,197,福
﻿208,197,235,197,235,218,208,218,良
﻿208,218,235,218,235,238,208,238,侯
﻿208,238,235,238,235,259,208,259,與
﻿208,259,235,259,235,280,208,280,及
﻿208,280,235,280,235,300,208,300,第
﻿208,300,235,300,235,321,208,321,永
﻿208,321,235,321,235,342,208,342,紹
﻿208,342,235,342,235,362,208,362,栢
﻿208,362,235,362,235,383,208,383,等
﻿208,383,235,383,235,404,208,404,密
﻿178,31,204,31,204,51,178,51,奏
﻿178,51,204,51,204,72,178,72,帝
﻿178,72,204,72,204,92,178,92,移
﻿178,92,204,92,204,113,178,113,行
﻿178,113,204,113,204,133,178,133,在
﻿178,133,204,133,204,154,178,154,入
﻿178,154,204,154,204,174,178,174,萬
﻿178,174,204,174,204,195,178,195,頼
﻿178,195,204,195,204,216,178,216,䦕
﻿178,216,204,216,204,236,178,236,内
﻿178,236,204,236,204,257,178,257,分
﻿178,257,204,257,204,277,178,277,兵
﻿178,277,204,277,204,298,178,298,㨿
﻿178,298,204,298,204,318,178,318,守
﻿178,318,204,318,204,339,178,339,壘
﻿178,339,204,339,204,359,178,359,門
﻿178,359,204,359,204,380,178,380,以
﻿178,380,204,380,204,401,178,401,防
﻿150,32,176,32,176,52,150,52,外
﻿150,52,176,52,176,73,150,73,兵
﻿150,73,176,73,176,94,150,94,次
﻿150,94,176,94,176,114,150,114,日
﻿150,114,176,114,176,135,150,135,鄭
﻿150,135,176,135,176,156,150,156,檜
﻿150,156,176,156,176,176,150,176,親
﻿150,176,176,176,176,197,150,197,督
﻿150,197,176,197,176,218,150,218,福
﻿150,218,176,218,176,238,150,238,郡
﻿150,238,176,238,176,259,150,259,公
﻿150,259,176,259,176,280,150,280,頼
﻿150,280,176,280,176,300,150,300,世
﻿150,300,176,300,176,321,150,321,美
﻿150,321,176,321,176,342,150,342,安
﻿150,342,176,342,176,362,150,362,郡
﻿150,362,176,362,176,383,150,383,公
﻿150,383,176,383,176,404,150,404,頼
﻿117,32,144,32,144,52,117,52,世
﻿117,52,144,52,144,73,117,73,卿
﻿117,73,144,73,144,94,117,94,林
﻿117,94,144,94,144,114,117,114,郡
﻿117,114,144,114,144,135,117,135,公
﻿117,135,144,135,144,156,117,156,阮
﻿117,156,144,156,144,176,117,176,師
﻿117,176,144,176,144,197,117,197,尹
﻿117,197,144,197,144,218,117,218,石
﻿117,218,144,218,144,238,117,238,郡
﻿117,238,144,238,144,259,117,259,公
﻿117,259,144,259,144,280,117,280,王
﻿117,280,144,280,144,300,117,300,珍
﻿117,300,144,300,144,321,117,321,渭
﻿117,321,144,321,144,342,117,342,郡
﻿117,342,144,342,144,362,117,362,公
﻿117,362,144,362,144,383,117,383,黎
﻿117,383,144,383,144,404,117,404,克
﻿87,33,115,33,115,53,87,53,慎
﻿87,53,115,53,115,73,87,73,陽
﻿87,73,115,73,115,94,87,94,郡
﻿87,94,115,94,115,114,87,114,公
﻿87,114,115,114,115,135,87,135,阮
﻿87,135,115,135,115,155,87,155,有
﻿87,155,115,155,115,176,87,176,僚
﻿87,176,115,176,115,196,87,196,䧺
﻿87,196,115,196,115,217,87,217,茶
﻿87,217,115,217,115,237,87,237,侯
﻿87,237,115,237,115,257,87,257,范
﻿87,257,115,257,115,278,87,278,文
﻿87,278,115,278,115,298,87,298,快
﻿87,298,115,298,115,319,87,319,宏
﻿87,319,115,319,115,339,87,339,郡
﻿87,339,115,339,115,360,87,360,公
﻿87,360,115,360,115,380,87,380,缺
﻿87,380,115,380,115,401,87,401,名
﻿61,32,85,32,85,52,61,52,等
﻿61,52,85,52,85,73,61,73,兵
﻿61,73,85,73,85,93,61,93,卒
﻿61,93,85,93,85,114,61,114,萬
﻿61,114,85,114,85,134,61,134,餘
﻿61,134,85,134,85,155,61,155,追
﻿61,155,85,155,85,175,61,175,至
﻿61,175,85,175,85,196,61,196,䦕
﻿61,196,85,196,85,216,61,216,門
﻿61,216,85,216,85,237,61,237,外
﻿61,237,85,237,85,257,61,257,駐
﻿61,257,85,257,85,278,61,278,營
﻿61,278,85,278,85,298,61,298,按
﻿61,298,85,298,85,319,61,319,兵
﻿61,319,85,319,85,339,61,339,數
﻿61,339,85,339,85,360,61,360,日
﻿61,360,85,360,85,380,61,380,䦕
﻿61,380,85,380,85,401,61,401,内
﻿31,30,56,30,56,50,31,50,諸
﻿31,50,56,50,56,71,31,71,将
﻿31,71,56,71,56,91,31,91,亦
﻿31,91,56,91,56,112,31,112,拒
﻿31,112,56,112,56,132,31,132,閉
﻿31,132,56,132,56,153,31,153,不
﻿31,153,56,153,56,173,31,173,出
﻿31,173,56,173,56,194,31,194,使
﻿31,194,56,194,56,215,31,215,人
﻿31,215,56,215,56,235,31,235,投
﻿31,235,56,235,56,256,31,256,書
﻿31,256,56,256,56,276,31,276,往
﻿31,276,56,276,56,297,31,297,來
﻿31,297,56,297,56,317,31,317,彼
﻿31,317,56,317,56,338,31,338,此
﻿31,338,56,338,56,358,31,358,言
﻿31,358,56,358,56,379,31,379,多
﻿31,379,56,379,56,400,31,400,不
﻿3,29,29,29,29,49,3,49,遜
﻿3,49,29,49,29,70,3,70,者
﻿3,70,29,70,29,90,3,90,七
﻿3,90,29,90,29,111,3,111,日
﻿3,111,29,111,29,131,3,131,帝
﻿3,131,29,131,29,152,3,152,命
﻿3,152,29,152,29,172,3,172,使
﻿3,172,29,172,29,193,3,193,出
﻿3,193,29,193,29,214,3,214,招
﻿3,214,29,214,29,234,3,234,諭
﻿3,234,29,234,29,255,3,255,䦕
﻿3,255,29,255,29,275,3,275,外
﻿3,275,29,275,29,296,3,296,諸
﻿3,296,29,296,29,316,3,316,将
﻿3,316,29,316,29,337,3,337,使
﻿3,337,29,337,29,357,3,357,之
﻿3,357,29,357,29,378,3,378,󰕖
﻿3,378,29,378,29,399,3,399,和
