263,13,287,13,287,33,263,33,之
﻿263,33,287,33,287,53,263,53,曰
﻿263,53,287,53,287,74,263,74,飄
﻿263,74,287,74,287,94,263,94,飄
﻿263,94,287,94,287,115,263,115,若
﻿263,115,287,115,287,135,263,135,神
﻿263,135,287,135,287,156,263,156,僊
﻿263,156,287,156,287,176,263,176,中
﻿263,176,287,176,287,197,263,197,人
﻿263,197,287,197,287,217,263,217,及
﻿263,217,287,217,287,238,263,238,回
﻿263,238,287,238,287,258,263,258,國
﻿263,258,287,258,287,279,263,279,具
﻿263,279,287,279,287,299,263,299,道
﻿263,299,287,299,287,320,263,320,帝
﻿263,320,287,320,287,340,263,340,神
﻿263,340,287,340,287,361,263,361,采
﻿263,361,287,361,287,381,263,381,清
﻿263,381,287,381,287,402,263,402,秀
﻿233,13,258,13,258,33,233,33,後
﻿233,33,258,33,258,53,233,53,使
﻿233,53,258,53,258,74,233,74,至
﻿233,74,258,74,258,94,233,94,者
﻿233,94,258,94,258,114,233,114,有
﻿233,114,258,114,258,135,233,135,問
﻿233,135,258,135,258,155,233,155,之
﻿233,155,258,155,258,175,233,175,曰
﻿233,175,258,175,258,196,233,196,我
﻿233,196,258,196,258,216,233,216,聞
﻿233,216,258,216,258,237,233,237,世
﻿233,237,258,237,258,257,233,257,子
﻿233,257,258,257,258,277,233,277,神
﻿233,277,258,277,258,298,233,298,采
﻿233,298,258,298,258,318,233,318,清
﻿233,318,258,318,258,338,233,338,秀
﻿233,338,258,338,258,359,233,359,飄
﻿233,359,258,359,258,379,233,379,飄
﻿233,379,258,379,258,400,233,400,若
﻿204,12,228,12,228,32,204,32,神
﻿204,32,228,32,228,52,204,52,僊
﻿204,52,228,52,228,73,204,73,中
﻿204,73,228,73,228,93,204,93,人
﻿204,93,228,93,228,113,204,113,有
﻿204,113,228,113,228,134,204,134,諸
﻿204,134,228,134,228,154,204,154,我
﻿204,154,228,154,228,174,204,174,使
﻿204,174,228,174,228,195,204,195,復
﻿204,195,228,195,228,215,204,215,之
﻿204,215,228,215,228,236,204,236,曰
﻿204,236,228,236,228,256,204,256,固
﻿204,256,228,256,228,276,204,276,如
﻿204,276,228,276,228,297,204,297,是
﻿204,297,228,297,228,317,204,317,言
﻿204,317,228,317,228,337,204,337,然
﻿204,337,228,337,228,358,204,358,亦
﻿204,358,228,358,228,378,204,378,一
﻿204,378,228,378,228,399,204,399,國
﻿173,12,197,12,197,32,173,32,之
﻿173,32,197,32,197,53,173,53,風
﻿173,53,197,53,197,73,173,73,標
﻿173,73,197,73,197,94,173,94,也
﻿173,94,197,94,197,115,173,115,遣
﻿173,115,197,115,197,135,173,135,阮
﻿173,135,197,135,197,156,173,156,忠
﻿173,156,197,156,197,177,173,177,彦
﻿173,177,197,177,197,197,173,197,范
﻿173,197,197,197,197,218,173,218,邁
﻿173,218,197,218,197,239,173,239,如
﻿173,239,197,239,197,259,173,259,元
﻿173,259,197,259,197,280,173,280,報
﻿173,280,197,280,197,301,173,301,聘
﻿145,50,166,50,166,70,145,70,明
﻿145,70,166,70,166,90,145,90,宗
﻿145,90,166,90,166,110,145,110,皇
﻿145,110,166,110,166,130,145,130,帝
﻿155,131,169,131,169,151,155,151,諱
﻿155,151,169,151,169,172,155,172,奣
﻿155,172,169,172,169,192,155,192,英
﻿155,192,169,192,169,213,155,213,宗
﻿155,213,169,213,169,234,155,234,弟
﻿155,234,169,234,169,254,155,254,四
﻿155,254,169,254,169,275,155,275,子
﻿155,275,169,275,169,295,155,295,嫡
﻿155,295,169,295,169,316,155,316,母
﻿155,316,169,316,169,337,155,337,順
﻿155,337,169,337,169,357,155,357,聖
﻿155,357,169,357,169,378,155,378,保
﻿155,378,169,378,169,399,155,399,慈
﻿141,132,154,132,154,152,141,152,皇
﻿141,152,154,152,154,172,141,172,太
﻿141,172,154,172,154,192,141,192,后
﻿141,192,154,192,154,213,141,213,陳
﻿141,213,154,213,154,233,141,233,氏
﻿141,233,154,233,154,253,141,253,興
﻿141,253,154,253,154,274,141,274,讓
﻿141,274,154,274,154,294,141,294,大
﻿141,294,154,294,154,314,141,314,王
﻿141,314,154,314,154,335,141,335,國
﻿141,335,154,335,154,355,141,355,顙
﻿141,355,154,355,154,375,141,375,之
﻿141,375,154,375,154,396,141,396,女
﻿124,72,138,72,138,92,124,92,也
﻿124,92,138,92,138,113,124,113,親
﻿124,113,138,113,138,133,124,133,生
﻿124,133,138,133,138,154,124,154,母
﻿124,154,138,154,138,174,124,174,昭
﻿124,174,138,174,138,195,124,195,憲
﻿124,195,138,195,138,215,124,215,皇
﻿124,215,138,215,138,236,124,236,太
﻿124,236,138,236,138,256,124,256,后
﻿124,256,138,256,138,277,124,277,陳
﻿124,277,138,277,138,297,124,297,氏
﻿124,297,138,297,138,318,124,318,保
﻿124,318,138,318,138,338,124,338,義
﻿124,338,138,338,138,359,124,359,大
﻿124,359,138,359,138,379,124,379,王
﻿124,379,138,379,138,400,124,400,平
﻿109,72,123,72,123,92,109,92,仲
﻿109,92,123,92,123,113,109,113,之
﻿109,113,123,113,123,133,109,133,女
﻿109,133,123,133,123,154,109,154,也
﻿109,154,123,154,123,174,109,174,在
﻿109,174,123,174,123,195,109,195,位
﻿109,195,123,195,123,215,109,215,十
﻿109,215,123,215,123,236,109,236,五
﻿109,236,123,236,123,256,109,256,年
﻿109,256,123,256,123,277,109,277,遜
﻿109,277,123,277,123,297,109,297,位
﻿109,297,123,297,123,318,109,318,二
﻿109,318,123,318,123,338,109,338,十
﻿109,338,123,338,123,359,109,359,八
﻿109,359,123,359,123,379,109,379,年
﻿109,379,123,379,123,400,109,400,壽
﻿93,72,107,72,107,93,93,93,五
﻿93,93,107,93,107,115,93,115,十
﻿93,115,107,115,107,137,93,137,八
﻿93,137,107,137,107,159,93,159,歲
﻿93,159,107,159,107,181,93,181,崩
﻿93,181,107,181,107,202,93,202,于
﻿93,202,107,202,107,224,93,224,葆
﻿93,224,107,224,107,246,93,246,元
﻿93,246,107,246,107,268,93,268,宫
﻿93,268,107,268,107,290,93,290,塟
﻿93,290,107,290,107,311,93,311,穆
﻿93,311,107,311,107,333,93,333,陵
﻿93,333,107,333,107,355,93,355,帝
﻿93,355,107,355,107,377,93,377,文
﻿93,377,107,377,107,399,93,399,明
﻿79,70,91,70,91,90,79,90,飾
﻿79,90,91,90,91,110,79,110,治
﻿79,110,91,110,91,131,79,131,敷
﻿79,131,91,131,91,151,79,151,賁
﻿79,151,91,151,91,172,79,172,前
﻿79,172,91,172,91,192,79,192,功
﻿79,192,91,192,91,213,79,213,忠
﻿79,213,91,213,91,233,79,233,厚
﻿79,233,91,233,91,253,79,253,存
﻿79,253,91,253,91,274,79,274,心
﻿79,274,91,274,91,294,79,294,貽
﻿79,294,91,294,91,315,79,315,謀
﻿79,315,91,315,91,335,79,335,燕
﻿79,335,91,335,91,356,79,356,翼
﻿79,356,91,356,91,376,79,376,内
﻿79,376,91,376,91,397,79,397,宁
﻿63,71,77,71,77,91,63,91,外
﻿63,91,77,91,77,111,63,111,撫
﻿63,111,77,111,77,131,63,131,紀
﻿63,131,77,131,77,151,63,151,綱
﻿63,151,77,151,77,171,63,171,󰍶
﻿63,171,77,171,77,191,63,191,張
﻿63,191,77,191,77,212,63,212,惜
﻿63,212,77,212,77,232,63,232,其
﻿63,232,77,232,77,252,63,252,不
﻿63,252,77,252,77,272,63,272,辨
﻿63,272,77,272,77,292,63,292,克
﻿63,292,77,292,77,312,63,312,終
﻿63,312,77,312,77,333,63,333,之
﻿48,71,62,71,62,91,48,91,奸
﻿48,91,62,91,62,111,48,111,𦤶
﻿48,111,62,111,62,131,48,131,國
﻿48,131,62,131,62,151,48,151,瑱
﻿48,151,62,151,62,172,48,172,之
﻿48,172,62,172,62,192,48,192,死
﻿48,192,62,192,62,212,48,212,而
﻿48,212,62,212,62,232,48,232,為
﻿48,232,62,232,62,253,48,253,聰
﻿48,253,62,253,62,273,48,273,明
﻿48,273,62,273,62,293,48,293,之
﻿48,293,62,293,62,313,48,313,累
﻿48,313,62,313,62,334,48,334,也
﻿19,14,45,14,45,33,19,33,乙
﻿19,33,45,33,45,52,19,52,卯
﻿19,52,45,52,45,72,19,72,大
﻿19,72,45,72,45,91,19,91,慶
﻿19,91,45,91,45,110,19,110,二
﻿19,110,45,110,45,130,19,130,年
﻿30,131,45,131,45,150,30,150,元
﻿30,150,45,150,45,169,30,169,延
﻿30,169,45,169,45,189,30,189,祐
﻿17,132,28,132,28,152,17,152,二
﻿17,152,28,152,28,172,17,172,年
﻿19,191,43,191,43,214,19,214,夏
﻿19,214,43,214,43,237,19,237,四
﻿19,237,43,237,43,260,19,260,月
﻿19,260,43,260,43,283,19,283,七
﻿19,283,43,283,43,306,19,306,日
﻿19,306,43,306,43,329,19,329,兢
﻿19,329,43,329,43,352,19,352,舟
﻿19,352,43,352,43,375,19,375,五
﻿19,375,43,375,43,399,19,399,月
