254,30,277,30,277,52,254,52,等
﻿254,52,277,52,277,74,254,74,往
﻿254,74,277,74,277,96,254,96,關
﻿254,96,277,96,277,118,254,118,上
﻿254,118,277,118,277,140,254,140,接
﻿254,140,277,140,277,162,254,162,北
﻿254,162,277,162,277,184,254,184,使
﻿254,184,277,184,277,206,254,206,秋
﻿254,206,277,206,277,228,254,228,七
﻿254,228,277,228,277,250,254,250,月
﻿254,250,277,250,277,272,254,272,致
﻿254,272,277,272,277,294,254,294,仕
﻿254,294,277,294,277,316,254,316,楊
﻿254,316,277,316,277,338,254,338,𦤶
﻿254,338,277,338,277,360,254,360,澤
﻿254,360,277,360,277,382,254,382,卒
﻿254,382,277,382,277,404,254,404,贈
﻿224,31,249,31,249,54,224,54,太
﻿224,54,249,54,249,77,224,77,宰
﻿224,77,249,77,249,100,224,100,八
﻿224,100,249,100,249,123,224,123,月
﻿224,123,249,123,249,146,224,146,天
﻿224,146,249,146,249,170,224,170,雨
﻿224,170,249,170,249,193,224,193,久
﻿224,193,249,193,249,216,224,216,不
﻿224,216,249,216,249,239,224,239,止
﻿224,239,249,239,249,262,224,262,九
﻿224,262,249,262,249,286,224,286,月
﻿224,286,249,286,249,309,224,309,帝
﻿224,309,249,309,249,332,224,332,感
﻿224,332,249,332,249,355,224,355,疽
﻿224,355,249,355,249,378,224,378,疾
﻿224,378,249,378,249,402,224,402,詔
﻿196,31,222,31,222,51,196,51,改
﻿196,51,222,51,222,72,196,72,元
﻿196,72,222,72,222,93,196,93,爲
﻿196,93,222,93,222,114,196,114,萬
﻿196,114,222,114,222,134,196,134,慶
﻿196,134,222,134,222,155,196,155,元
﻿196,155,222,155,222,176,196,176,年
﻿196,176,222,176,222,197,196,197,大
﻿196,197,222,197,222,218,196,218,赦
﻿196,218,222,218,222,238,196,238,時
﻿196,238,222,238,222,259,196,259,帝
﻿196,259,222,259,222,280,196,280,疽
﻿196,280,222,280,222,301,196,301,氣
﻿196,301,222,301,222,321,196,321,未
﻿196,321,222,321,222,342,196,342,愈
﻿196,342,222,342,222,363,196,363,因
﻿196,363,222,363,222,384,196,384,旨
﻿196,384,222,384,222,405,196,405,諭
﻿166,29,189,29,189,49,166,49,尙
﻿166,49,189,49,189,70,166,70,師
﻿166,70,189,70,189,91,166,91,西
﻿166,91,189,91,189,111,166,111,王
﻿166,111,189,111,189,132,166,132,曰
﻿166,132,189,132,189,153,166,153,前
﻿166,153,189,153,189,174,166,174,日
﻿166,174,189,174,189,194,166,194,因
﻿166,194,189,194,189,215,166,215,宗
﻿166,215,189,215,189,236,166,236,嗣
﻿166,236,189,236,189,256,166,256,未
﻿166,256,189,256,189,277,166,277,廣
﻿166,277,189,277,189,298,166,298,取
﻿166,298,189,298,189,319,166,319,别
﻿166,319,189,319,189,339,166,339,姓
﻿166,339,189,339,189,360,166,360,人
﻿166,360,189,360,189,381,166,381,維
﻿166,381,189,381,189,402,166,402,䄚
﻿137,30,161,30,161,50,137,50,立
﻿137,50,161,50,161,71,137,71,爲
﻿137,71,161,71,161,92,137,92,黄
﻿137,92,161,92,161,112,137,112,太
﻿137,112,161,112,161,133,137,133,子
﻿137,133,161,133,161,154,137,154,兹
﻿137,154,161,154,161,175,137,175,因
﻿137,175,161,175,161,195,137,195,慮
﻿137,195,161,195,161,216,137,216,後
﻿137,216,161,216,161,237,137,237,事
﻿137,237,161,237,161,257,137,257,上
﻿137,257,161,257,161,278,137,278,畏
﻿137,278,161,278,161,299,137,299,聖
﻿137,299,161,299,161,320,137,320,祖
﻿137,320,161,320,161,340,137,340,神
﻿137,340,161,340,161,361,137,361,宗
﻿137,361,161,361,161,382,137,382,在
﻿137,382,161,382,161,403,137,403,天
﻿107,31,131,31,131,51,107,51,之
﻿107,51,131,51,131,72,107,72,靈
﻿107,72,131,72,131,92,107,92,不
﻿107,92,131,92,131,113,107,113,敢
﻿107,113,131,113,131,134,107,134,以
﻿107,134,131,134,131,154,107,154,大
﻿107,154,131,154,131,175,107,175,位
﻿107,175,131,175,131,195,107,195,輕
﻿107,195,131,195,131,216,107,216,付
﻿107,216,131,216,131,237,107,237,他
﻿107,237,131,237,131,257,107,257,人
﻿107,257,131,257,131,278,107,278,其
﻿107,278,131,278,131,298,107,298,維
﻿107,298,131,298,131,319,107,319,䄚
﻿107,319,131,319,131,340,107,340,應
﻿107,340,131,340,131,360,107,360,廢
﻿107,360,131,360,131,381,107,381,㱕
﻿107,381,131,381,131,402,107,402,母
﻿76,29,102,29,102,49,76,49,姓
﻿76,49,102,49,102,70,76,70,兹
﻿76,70,102,70,102,90,76,90,嫡
﻿76,90,102,90,102,111,76,111,子
﻿76,111,102,111,102,132,76,132,維
﻿76,132,102,132,102,152,76,152,䄔
﻿76,152,102,152,102,173,76,173,年
﻿76,173,102,173,102,193,76,193,方
﻿76,193,102,193,102,214,76,214,九
﻿76,214,102,214,102,235,76,235,歳
﻿76,235,102,235,102,255,76,255,漸
﻿76,255,102,255,102,276,76,276,已
﻿76,276,102,276,102,296,76,296,長
﻿76,296,102,296,102,317,76,317,成
﻿76,317,102,317,102,338,76,338,尙
﻿76,338,102,338,102,358,76,358,賴
﻿76,358,102,358,102,379,76,379,王
﻿76,379,102,379,102,400,76,400,翊
﻿47,27,70,27,70,47,47,47,賛
﻿47,47,70,47,70,68,47,68,成
﻿47,68,70,68,70,89,47,89,就
﻿47,89,70,89,70,110,47,110,以
﻿47,110,70,110,70,131,47,131,承
﻿47,131,70,131,70,152,47,152,大
﻿47,152,70,152,70,173,47,173,統
﻿47,173,70,173,70,194,47,194,慰
﻿47,194,70,194,70,215,47,215,臣
﻿47,215,70,215,70,235,47,235,民
﻿47,235,70,235,70,256,47,256,之
﻿47,256,70,256,70,277,47,277,望
﻿47,277,70,277,70,298,47,298,王
﻿47,298,70,298,70,319,47,319,以
﻿47,319,70,319,70,340,47,340,事
﻿47,340,70,340,70,361,47,361,關
﻿47,361,70,361,70,382,47,382,重
﻿47,382,70,382,70,403,47,403,大
﻿16,29,42,29,42,49,16,49,乃
﻿16,49,42,49,42,70,16,70,命
﻿16,70,42,70,42,90,16,90,文
﻿16,90,42,90,42,111,16,111,武
﻿16,111,42,111,42,132,16,132,百
﻿16,132,42,132,42,152,16,152,僚
﻿16,152,42,152,42,173,16,173,並
﻿16,173,42,173,42,193,16,193,入
﻿16,193,42,193,42,214,16,214,丹
﻿16,214,42,214,42,235,16,235,墀
﻿16,235,42,235,42,255,16,255,待
﻿16,255,42,255,42,276,16,276,命
﻿16,276,42,276,42,296,16,296,因
﻿16,296,42,296,42,317,16,317,委
﻿16,317,42,317,42,338,16,338,參
﻿16,338,42,338,42,358,16,358,從
﻿16,358,42,358,42,379,16,379,禮
﻿16,379,42,379,42,400,16,400,部
