251,69,275,69,275,89,251,89,盗
﻿251,89,275,89,275,109,251,109,劫
﻿251,109,275,109,275,130,251,130,例
﻿251,130,275,130,275,150,251,150,陞
﻿251,150,275,150,275,170,251,170,充
﻿251,170,275,170,275,191,251,191,宣
﻿251,191,275,191,275,211,251,211,達
﻿251,211,275,211,275,232,251,232,局
﻿251,232,275,232,275,252,251,252,局
﻿251,252,275,252,275,272,251,272,人
﻿251,272,275,272,275,293,251,293,再
﻿251,293,275,293,275,313,251,313,能
﻿251,313,275,313,275,334,251,334,捕
﻿251,334,275,334,275,354,251,354,得
﻿251,354,275,354,275,374,251,374,盗
﻿251,374,275,374,275,395,251,395,劫
﻿251,395,275,395,275,415,251,415,者
﻿251,415,275,415,275,436,251,436,倣
﻿225,70,249,70,249,90,225,90,如
﻿225,90,249,90,249,110,225,110,衙
﻿225,110,249,110,249,131,225,131,門
﻿225,131,249,131,249,151,225,151,都
﻿225,151,249,151,249,171,225,171,吏
﻿225,171,249,171,249,192,225,192,捕
﻿225,192,249,192,249,212,225,212,得
﻿225,212,249,212,249,232,225,232,盗
﻿225,232,249,232,249,253,225,253,劫
﻿225,253,249,253,249,273,225,273,者
﻿225,273,249,273,249,293,225,293,少
﻿225,293,249,293,249,314,225,314,賞
﻿225,314,249,314,249,334,225,334,資
﻿225,334,249,334,249,354,225,354,不
﻿225,354,249,354,249,375,225,375,得
﻿225,375,249,375,249,395,225,395,陞
﻿225,395,249,395,249,415,225,415,充
﻿225,415,249,415,249,436,225,436,該
﻿196,67,218,67,218,87,196,87,捕
﻿196,87,218,87,218,108,196,108,壮
﻿196,108,218,108,218,128,196,128,士
﻿196,128,218,128,218,149,196,149,既
﻿196,149,218,149,218,170,196,170,不
﻿196,170,218,170,218,190,196,190,得
﻿196,190,218,190,218,211,196,211,陞
﻿196,211,218,211,218,231,196,231,充
﻿196,231,218,231,218,252,196,252,則
﻿196,252,218,252,218,273,196,273,賞
﻿196,273,218,273,218,293,196,293,資
﻿196,293,218,293,218,314,196,314,准
﻿196,314,218,314,218,334,196,334,在
﻿196,334,218,334,218,355,196,355,衙
﻿196,355,218,355,218,376,196,376,門
﻿196,376,218,376,218,396,196,396,吏
﻿196,396,218,396,218,417,196,417,不
﻿196,417,218,417,218,438,196,438,减
﻿163,66,188,66,188,87,163,87,從
﻿163,87,188,87,188,109,163,109,之
﻿163,109,188,109,188,131,163,131,十
﻿163,131,188,131,188,152,163,152,二
﻿163,152,188,152,188,174,163,174,月
﻿163,174,188,174,188,196,163,196,二
﻿163,196,188,196,188,217,163,217,十
﻿163,217,188,217,188,239,163,239,五
﻿163,239,188,239,188,261,163,261,日
﻿163,261,188,261,188,283,163,283,勑
﻿163,283,188,283,188,304,163,304,㫖
﻿163,304,188,304,188,326,163,326,定
﻿163,326,188,326,188,348,163,348,鄕
﻿163,348,188,348,188,369,163,369,試
﻿163,369,188,369,188,391,163,391,事
﻿163,391,188,391,188,413,163,413,務
﻿163,413,188,413,188,435,163,435,施
﻿134,68,157,68,157,87,134,87,行
﻿134,87,157,87,157,106,134,106,一
﻿134,106,157,106,157,125,134,125,繼
﻿134,125,157,125,157,144,134,144,今
﻿134,144,157,144,157,164,134,164,鄕
﻿134,164,157,164,157,183,134,183,試
﻿134,183,157,183,157,202,134,202,時
﻿134,202,157,202,157,221,134,221,各
﻿134,221,157,221,157,240,134,240,處
﻿134,240,157,240,157,260,134,260,社
﻿134,260,157,260,157,279,134,279,長
﻿134,279,157,279,157,298,134,298,端
﻿134,298,157,298,157,317,134,317,保
﻿134,317,157,317,157,336,134,336,本
﻿134,336,157,336,157,356,134,356,社
﻿134,356,157,356,157,375,134,375,士
﻿134,375,157,375,157,394,134,394,人
﻿134,394,157,394,157,413,134,413,除
﻿134,413,157,413,157,433,134,433,秀
﻿104,66,128,66,128,86,104,86,林
﻿104,86,128,86,128,107,104,107,生
﻿104,107,128,107,128,127,104,127,徒
﻿104,127,128,127,128,148,104,148,外
﻿104,148,128,148,128,168,104,168,其
﻿104,168,128,168,128,189,104,189,軍
﻿104,189,128,189,128,209,104,209,色
﻿104,209,128,209,128,230,104,230,民
﻿104,230,128,230,128,250,104,250,人
﻿104,250,128,250,128,271,104,271,果
﻿104,271,128,271,128,291,104,291,是
﻿104,291,128,291,128,312,104,312,良
﻿104,312,128,312,128,332,104,332,家
﻿104,332,128,332,128,353,104,353,子
﻿104,353,128,353,128,373,104,373,弟
﻿104,373,128,373,128,394,104,394,有
﻿104,394,128,394,128,414,104,414,行
﻿104,414,128,414,128,435,104,435,撿
﻿74,67,95,67,95,87,74,87,𭓇
﻿74,87,95,87,95,107,74,107,問
﻿74,107,95,107,95,128,74,128,能
﻿74,128,95,128,95,148,74,148,属
﻿74,148,95,148,95,169,74,169,文
﻿74,169,95,169,95,189,74,189,僃
﻿74,189,95,189,95,210,74,210,肆
﻿74,210,95,210,95,230,74,230,塲
﻿74,230,95,230,95,251,74,251,者
﻿74,251,95,251,95,271,74,271,亦
﻿74,271,95,271,95,291,74,291,許
﻿74,291,95,291,95,312,74,312,端
﻿74,312,95,312,95,332,74,332,保
﻿74,332,95,332,95,353,74,353,若
﻿74,353,95,353,95,373,74,373,興
﻿74,373,95,373,95,394,74,394,化
﻿74,394,95,394,95,414,74,414,安
﻿74,414,95,414,95,435,74,435,邦
﻿45,67,67,67,67,87,45,87,宣
﻿45,87,67,87,67,107,45,107,光
﻿45,107,67,107,67,127,45,127,諒
﻿45,127,67,127,67,147,45,147,山
﻿45,147,67,147,67,167,45,167,四
﻿45,167,67,167,67,188,45,188,處
﻿45,188,67,188,67,208,45,208,士
﻿45,208,67,208,67,228,45,228,人
﻿45,228,67,228,67,248,45,248,僃
﻿45,248,67,248,67,268,45,268,叁
﻿45,268,67,268,67,288,45,288,塲
﻿45,288,67,288,67,309,45,309,亦
﻿45,309,67,309,67,329,45,329,許
﻿45,329,67,329,67,349,45,349,入
﻿45,349,67,349,67,369,45,369,試
﻿45,369,67,369,67,389,45,389,大
﻿45,389,67,389,67,409,45,409,社
﻿45,409,67,409,67,430,45,430,二
﻿16,69,38,69,38,89,16,89,十
﻿16,89,38,89,38,109,16,109,人
﻿16,109,38,109,38,129,16,129,中
﻿16,129,38,129,38,149,16,149,社
﻿16,149,38,149,38,170,16,170,十
﻿16,170,38,170,38,190,16,190,五
﻿16,190,38,190,38,210,16,210,人
﻿16,210,38,210,38,230,16,230,小
﻿16,230,38,230,38,251,16,251,社
﻿16,251,38,251,38,271,16,271,十
﻿16,271,38,271,38,291,16,291,人
﻿16,291,38,291,38,311,16,311,其
﻿16,311,38,311,38,331,16,331,社
﻿16,331,38,331,38,352,16,352,習
﻿16,352,38,352,38,372,16,372,𭓇
﻿16,372,38,372,38,392,16,392,少
﻿16,392,38,392,38,412,16,412,者
﻿16,412,38,412,38,433,16,433,不
