237,12,263,12,263,32,237,32,不
﻿237,32,263,32,263,53,237,53,服
﻿237,53,263,53,263,73,237,73,此
﻿237,73,263,73,263,94,237,94,服
﻿237,94,263,94,263,115,237,115,矣
﻿237,115,263,115,263,135,237,135,時
﻿237,135,263,135,263,156,237,156,昭
﻿237,156,263,156,263,177,237,177,慈
﻿237,177,263,177,263,197,237,197,太
﻿237,197,263,197,263,218,237,218,后
﻿237,218,263,218,263,238,237,238,猶
﻿237,238,263,238,263,259,237,259,在
﻿237,259,263,259,263,280,237,280,故
﻿237,280,263,280,263,300,237,300,有
﻿237,300,263,300,263,321,237,321,是
﻿237,321,263,321,263,342,237,342,言
﻿237,342,263,342,263,362,237,362,憲
﻿237,362,263,362,263,383,237,383,慈
﻿237,383,263,383,263,404,237,404,太
﻿206,11,230,11,230,31,206,31,后
﻿206,31,230,31,230,52,206,52,設
﻿206,52,230,52,230,73,206,73,法
﻿206,73,230,73,230,93,206,93,會
﻿206,93,230,93,230,114,206,114,於
﻿206,114,230,114,230,135,206,135,昭
﻿206,135,230,135,230,156,206,156,󰆑
﻿206,156,230,156,230,176,206,176,寺
﻿206,176,230,176,230,197,206,197,發
﻿206,197,230,197,230,218,206,218,錢
﻿206,218,230,218,230,238,206,238,施
﻿206,238,230,238,230,259,206,259,貧
﻿206,259,230,259,230,280,206,280,民
﻿206,280,230,280,230,301,206,301,為
﻿206,301,230,301,230,321,206,321,上
﻿206,321,230,321,230,342,206,342,皇
﻿206,342,230,342,230,363,206,363,禱
﻿206,363,230,363,230,384,206,384,也
﻿179,13,199,13,199,33,179,33,丁
﻿179,33,199,33,199,53,179,53,酉
﻿179,53,199,53,199,73,179,73,十
﻿179,73,199,73,199,93,179,93,七
﻿179,93,199,93,199,114,179,114,年
﻿188,117,202,117,202,135,188,135,元
﻿188,135,202,135,202,153,188,153,至
﻿188,153,202,153,202,172,188,172,正
﻿175,116,187,116,187,135,175,135,十
﻿175,135,187,135,187,154,175,154,七
﻿175,154,187,154,187,174,175,174,年
﻿175,176,200,176,200,196,175,196,春
﻿175,196,200,196,200,217,175,217,二
﻿175,217,200,217,200,238,175,238,月
﻿175,238,200,238,200,259,175,259,十
﻿175,259,200,259,200,280,175,280,九
﻿175,280,200,280,200,300,175,300,日
﻿175,300,200,300,200,321,175,321,上
﻿175,321,200,321,200,342,175,342,皇
﻿175,342,200,342,200,363,175,363,崩
﻿175,363,200,363,200,384,175,384,于
﻿175,384,200,384,200,405,175,405,保
﻿146,11,170,11,170,31,146,31,元
﻿146,31,170,31,170,52,146,52,宫
﻿146,52,170,52,170,72,146,72,廟
﻿146,72,170,72,170,93,146,93,號
﻿146,93,170,93,170,114,146,114,明
﻿146,114,170,114,170,134,146,134,宗
﻿146,134,170,134,170,155,146,155,謚
﻿146,155,170,155,170,176,146,176,曰
﻿146,176,170,176,170,196,146,196,章
﻿146,196,170,196,170,217,146,217,堯
﻿146,217,170,217,170,237,146,237,文
﻿146,237,170,237,170,258,146,258,哲
﻿146,258,170,258,170,279,146,279,皇
﻿146,279,170,279,170,299,146,299,帝
﻿146,299,170,299,170,320,146,320,初
﻿146,320,170,320,170,341,146,341,明
﻿146,341,170,341,170,361,146,361,宗
﻿146,361,170,361,170,382,146,382,嗣
﻿146,382,170,382,170,403,146,403,位
﻿118,12,139,12,139,32,118,32,既
﻿118,32,139,32,139,52,118,52,九
﻿118,52,139,52,139,72,118,72,而
﻿118,72,139,72,139,92,118,92,嫡
﻿118,92,139,92,139,113,118,113,母
﻿118,113,139,113,139,133,118,133,生
﻿118,133,139,133,139,153,118,153,男
﻿118,153,139,153,139,173,118,173,周
﻿118,173,139,173,139,193,118,193,睟
﻿118,193,139,193,139,214,118,214,日
﻿127,220,141,220,141,239,127,239,睟
﻿127,239,141,239,141,259,127,259,音
﻿127,259,141,259,141,279,127,279,醉
﻿127,279,141,279,141,298,127,298,周
﻿127,298,141,298,141,318,127,318,年
﻿127,318,141,318,141,338,127,338,也
﻿113,220,126,220,126,239,113,239,子
﻿113,239,126,239,126,259,113,259,生
﻿113,259,126,259,126,279,113,279,一
﻿113,279,126,279,126,299,113,299,歲
﻿113,299,126,299,126,319,113,319,也
﻿117,343,136,343,136,363,117,363,英
﻿117,363,136,363,136,383,117,383,宗
﻿117,383,136,383,136,404,117,404,廵
﻿85,10,111,10,111,30,85,30,邊
﻿85,30,111,30,111,51,85,51,在
﻿85,51,111,51,111,72,85,72,外
﻿85,72,111,72,111,92,85,92,家
﻿85,92,111,92,111,113,85,113,事
﻿85,113,111,113,111,134,85,134,决
﻿85,134,111,134,111,154,85,154,扵
﻿85,154,111,154,111,175,85,175,明
﻿85,175,111,175,111,196,85,196,宗
﻿85,196,111,196,111,216,85,216,有
﻿85,216,111,216,111,237,85,237,請
﻿85,237,111,237,111,258,85,258,以
﻿85,258,111,258,111,278,85,278,世
﻿85,278,111,278,111,299,85,299,子
﻿85,299,111,299,111,320,85,320,行
﻿85,320,111,320,111,340,85,340,禮
﻿85,340,111,340,111,361,85,361,有
﻿85,361,111,361,111,382,85,382,司
﻿85,382,111,382,111,403,85,403,難
﻿53,11,79,11,79,31,53,31,之
﻿53,31,79,31,79,52,53,52,明
﻿53,52,79,52,79,72,53,72,宗
﻿53,72,79,72,79,93,53,93,曰
﻿53,93,79,93,79,113,53,113,何
﻿53,113,79,113,79,134,53,134,疑
﻿53,134,79,134,79,155,53,155,乎
﻿53,155,79,155,79,175,53,175,初
﻿53,175,79,175,79,196,53,196,以
﻿53,196,79,196,79,216,53,216,嫡
﻿53,216,79,216,79,237,53,237,嗣
﻿53,237,79,237,79,257,53,257,未
﻿53,257,79,257,79,278,53,278,生
﻿53,278,79,278,79,299,53,299,故
﻿53,299,79,299,79,319,53,319,我
﻿53,319,79,319,79,340,53,340,權
﻿53,340,79,340,79,360,53,360,在
﻿53,360,79,360,79,381,53,381,此
﻿53,381,79,381,79,402,53,402,位
﻿25,10,50,10,50,30,25,30,今
﻿25,30,50,30,50,51,25,51,既
﻿25,51,50,51,50,72,25,72,生
﻿25,72,50,72,50,92,25,92,矣
﻿25,92,50,92,50,113,25,113,待
﻿25,113,50,113,50,134,25,134,長
﻿25,134,50,134,50,155,25,155,復
﻿25,155,50,155,50,175,25,175,辟
﻿25,175,50,175,50,196,25,196,何
﻿25,196,50,196,50,217,25,217,難
﻿25,217,50,217,50,238,25,238,其
﻿25,238,50,238,50,258,25,258,人
﻿25,258,50,258,50,279,25,279,對
﻿25,279,50,279,50,300,25,300,曰
﻿25,300,50,300,50,321,25,321,此
﻿25,321,50,321,50,341,25,341,事
﻿25,341,50,341,50,362,25,362,前
﻿25,362,50,362,50,383,25,383,古
﻿25,383,50,383,50,404,25,404,多
﻿2,11,23,11,23,31,2,31,危
﻿2,31,23,31,23,52,2,52,請
﻿2,52,23,52,23,72,2,72,慎
﻿2,72,23,72,23,93,2,93,?
﻿2,93,23,93,23,114,2,114,之
﻿2,114,23,114,23,134,2,134,明
﻿2,134,23,134,23,155,2,155,宗
﻿2,155,23,155,23,176,2,176,曰
﻿2,176,23,176,23,196,2,196,順
﻿2,196,23,196,23,217,2,217,義
﻿2,217,23,217,23,237,2,237,行
﻿2,237,23,237,23,258,2,258,嗞
﻿2,258,23,258,23,279,2,279,安
﻿2,279,23,279,23,299,2,299,危
﻿2,299,23,299,23,320,2,320,何
﻿2,320,23,320,23,341,2,341,足
﻿2,341,23,341,23,361,2,361,慮
﻿2,361,23,361,23,382,2,382,也
﻿2,382,23,382,23,403,2,403,卒
