242,32,267,32,267,52,242,52,就
﻿242,52,267,52,267,73,242,73,照
﻿242,73,267,73,267,94,242,94,原
﻿242,94,267,94,267,115,242,115,舊
﻿242,115,267,115,267,136,242,136,地
﻿242,136,267,136,267,157,242,157,名
﻿242,157,267,157,267,178,242,178,各
﻿242,178,267,178,267,199,242,199,置
﻿242,199,267,199,267,220,242,220,宣
﻿242,220,267,220,267,240,242,240,撫
﻿242,240,267,240,267,261,242,261,司
﻿242,261,267,261,267,282,242,282,設
﻿242,282,267,282,267,303,242,303,宣
﻿242,303,267,303,267,324,242,324,撫
﻿242,324,267,324,267,345,242,345,同
﻿242,345,267,345,267,366,242,366,知
﻿242,366,267,366,267,387,242,387,副
﻿242,387,267,387,267,408,242,408,使
﻿211,31,235,31,235,52,211,52,僉
﻿211,52,235,52,235,73,211,73,事
﻿211,73,235,73,235,94,211,94,各
﻿211,94,235,94,235,115,211,115,一
﻿211,115,235,115,235,136,211,136,員
﻿211,136,235,136,235,157,211,157,聽
﻿211,157,235,157,235,178,211,178,都
﻿211,178,235,178,235,199,211,199,統
﻿211,199,235,199,235,220,211,220,使
﻿211,220,235,220,235,241,211,241,管
﻿211,241,235,241,235,262,211,262,轄
﻿211,262,235,262,235,283,211,283,差
﻿211,283,235,283,235,304,211,304,遣
﻿211,304,235,304,235,325,211,325,朝
﻿211,325,235,325,235,346,211,346,貢
﻿211,346,235,346,235,367,211,367,其
﻿211,367,235,367,235,388,211,388,貢
﻿211,388,235,388,235,410,211,410,儀
﻿180,31,202,31,202,53,180,53,御
﻿180,53,202,53,202,75,180,75,前
﻿180,75,202,75,202,97,180,97,東
﻿180,97,202,97,202,119,180,119,宮
﻿180,119,202,119,202,141,180,141,照
﻿180,141,202,141,202,163,180,163,舊
﻿151,11,174,11,174,32,151,32,壬
﻿151,32,174,32,174,53,151,53,寅
﻿151,53,174,53,174,74,151,74,十
﻿151,74,174,74,174,96,151,96,年
﻿163,99,179,99,179,122,163,122,莫
﻿163,122,179,122,179,145,163,145,廣
﻿163,145,179,145,179,168,163,168,和
﻿163,168,179,168,179,191,163,191,二
﻿163,191,179,191,179,215,163,215,年
﻿146,99,161,99,161,119,146,119,明
﻿146,119,161,119,161,139,146,139,嘉
﻿146,139,161,139,161,159,146,159,靖
﻿146,159,161,159,161,179,146,179,十
﻿146,179,161,179,161,199,146,199,一
﻿146,199,161,199,161,219,146,219,年
﻿148,222,176,222,176,242,148,242,帝
﻿148,242,176,242,176,263,148,263,以
﻿148,263,176,263,176,283,148,283,瑞
﻿148,283,176,283,176,304,148,304,郡
﻿148,304,176,304,176,324,148,324,公
﻿148,324,176,324,176,345,148,345,何
﻿148,345,176,345,176,365,148,365,壽
﻿148,365,176,365,176,386,148,386,祥
﻿148,386,176,386,176,407,148,407,爲
﻿120,32,143,32,143,52,120,52,御
﻿120,52,143,52,143,73,120,73,營
﻿120,73,143,73,143,94,120,94,提
﻿120,94,143,94,143,115,120,115,統
﻿120,115,143,115,143,136,120,136,御
﻿120,136,143,136,143,157,120,157,駕
﻿120,157,143,157,143,178,120,178,以
﻿120,178,143,178,143,199,120,199,圖
﻿120,199,143,199,143,220,120,220,進
﻿120,220,143,220,143,240,120,240,取
﻿120,240,143,240,143,261,120,261,命
﻿120,261,143,261,143,282,120,282,太
﻿120,282,143,282,143,303,120,303,師
﻿120,303,143,303,143,324,120,324,興
﻿120,324,143,324,143,345,120,345,國
﻿120,345,143,345,143,366,120,366,公
﻿120,366,143,366,143,387,120,387,阮
﻿120,387,143,387,143,408,120,408,金
﻿87,32,112,32,112,53,87,53,統
﻿87,53,112,53,112,74,87,74,督
﻿87,74,112,74,112,95,87,95,諸
﻿87,95,112,95,112,116,87,116,營
﻿87,116,112,116,112,137,87,137,將
﻿87,137,112,137,112,158,87,158,士
﻿87,158,112,158,112,179,87,179,先
﻿87,179,112,179,112,200,87,200,𤼵
﻿87,200,112,200,112,221,87,221,進
﻿87,221,112,221,112,242,87,242,攻
﻿87,242,112,242,112,263,87,263,清
﻿87,263,112,263,112,284,87,284,華
﻿87,284,112,284,112,305,87,305,乂
﻿87,305,112,305,112,326,87,326,安
﻿87,326,112,326,112,347,87,347,等
﻿87,347,112,347,112,368,87,368,處
﻿87,368,112,368,112,389,87,389,二
﻿87,389,112,389,112,410,87,410,鎮
﻿59,29,84,29,84,50,59,50,諸
﻿59,50,84,50,84,71,59,71,舊
﻿59,71,84,71,84,92,59,92,将
﻿59,92,84,92,84,113,59,113,及
﻿59,113,84,113,84,134,59,134,豪
﻿59,134,84,134,84,155,59,155,傑
﻿59,155,84,155,84,176,59,176,之
﻿59,176,84,176,84,197,59,197,士
﻿59,197,84,197,84,218,59,218,多
﻿59,218,84,218,84,239,59,239,歸
﻿59,239,84,239,84,260,59,260,之
﻿59,260,84,260,84,281,59,281,軍
﻿59,281,84,281,84,302,59,302,聲
﻿59,302,84,302,84,323,59,323,益
﻿59,323,84,323,84,344,59,344,銳
﻿71,345,84,345,84,365,71,365,壽
﻿71,365,84,365,84,386,71,386,祥
﻿71,386,84,386,84,407,71,407,錦
﻿57,346,69,346,69,361,57,361,水
﻿57,361,69,361,69,376,57,376,古
﻿57,376,69,376,69,391,57,391,滝
﻿57,391,69,391,69,407,57,407,人
﻿27,30,50,30,50,49,27,49,二
﻿27,49,50,49,50,69,27,69,月
﻿27,69,50,69,50,89,27,89,初
﻿27,89,50,89,50,109,27,109,八
﻿27,109,50,109,50,129,27,129,日
﻿27,129,50,129,50,149,27,149,莫
﻿27,149,50,149,50,169,27,169,福
﻿27,169,50,169,50,189,27,189,海
﻿27,189,50,189,50,209,27,209,封
﻿27,209,50,209,50,229,27,229,其
﻿27,229,50,229,50,249,27,249,弟
﻿27,249,50,249,50,269,27,269,敬
﻿27,269,50,269,50,289,27,289,典
﻿27,289,50,289,50,309,27,309,等
﻿27,309,50,309,50,329,27,329,及
﻿27,329,50,329,50,349,27,349,諸
﻿27,349,50,349,50,369,27,369,子
﻿27,369,50,369,50,389,27,389,爲
﻿27,389,50,389,50,409,27,409,王
﻿5,31,21,31,21,53,5,53,時
﻿5,53,21,53,21,76,5,76,官
﻿5,76,21,76,21,99,5,99,軍
﻿5,99,21,99,21,122,5,122,與
﻿5,122,21,122,21,145,5,145,莫
﻿5,145,21,145,21,168,5,168,將
﻿5,168,21,168,21,190,5,190,交
﻿5,190,21,190,21,213,5,213,戰
﻿5,213,21,213,21,236,5,236,相
﻿5,236,21,236,21,259,5,259,持
﻿5,259,21,259,21,282,5,282,數
﻿5,282,21,282,21,305,5,305,月
﻿5,305,21,305,21,328,5,328,間
