246,29,272,29,272,49,246,49,願
﻿246,49,272,49,272,70,246,70,皇
﻿246,70,272,70,272,91,246,91,太
﻿246,91,272,91,272,112,246,112,子
﻿246,112,272,112,272,133,246,133,𭴣
﻿246,133,272,133,272,154,246,154,即
﻿246,154,272,154,272,175,246,175,位
﻿246,175,272,175,272,196,246,196,於
﻿246,196,272,196,272,217,246,217,葆
﻿246,217,272,217,272,238,246,238,清
﻿246,238,272,238,272,259,246,259,宫
﻿246,259,272,259,272,280,246,280,改
﻿246,280,272,280,272,301,246,301,元
﻿246,301,272,301,272,322,246,322,建
﻿246,322,272,322,272,343,246,343,新
﻿246,343,272,343,272,364,246,364,元
﻿246,364,272,364,272,385,246,385,年
﻿246,385,272,385,272,406,246,406,大
﻿215,26,240,26,240,47,215,47,赦
﻿215,47,240,47,240,68,215,68,尊
﻿215,68,240,68,240,89,215,89,欽
﻿215,89,240,89,240,110,215,110,聖
﻿215,110,240,110,240,131,215,131,皇
﻿215,131,240,131,240,152,215,152,后
﻿215,152,240,152,240,173,215,173,為
﻿215,173,240,173,240,194,215,194,皇
﻿215,194,240,194,240,216,215,216,太
﻿215,216,240,216,240,237,215,237,后
﻿215,237,240,237,240,258,215,258,時
﻿215,258,240,258,240,279,215,279,太
﻿215,279,240,279,240,300,215,300,子
﻿215,300,240,300,240,321,215,321,生
﻿215,321,240,321,240,342,215,342,甫
﻿215,342,240,342,240,363,215,363,三
﻿215,363,240,363,240,384,215,384,歲
﻿215,384,240,384,240,406,215,406,受
﻿185,28,211,28,211,49,185,49,禪
﻿185,49,211,49,211,70,185,70,不
﻿185,70,211,70,211,91,185,91,能
﻿185,91,211,91,211,112,185,112,拜
﻿185,112,211,112,211,133,185,133,季
﻿185,133,211,133,211,154,185,154,犛
﻿185,154,211,154,211,175,185,175,令
﻿185,175,211,175,211,196,185,196,太
﻿185,196,211,196,211,218,185,218,后
﻿185,218,211,218,211,239,185,239,拜
﻿185,239,211,239,211,260,185,260,于
﻿185,260,211,260,211,281,185,281,前
﻿185,281,211,281,211,302,185,302,太
﻿185,302,211,302,211,323,185,323,子
﻿185,323,211,323,211,344,185,344,從
﻿185,344,211,344,211,365,185,365,之
﻿185,365,211,365,211,386,185,386,季
﻿185,386,211,386,211,408,185,408,犛
﻿156,28,181,28,181,49,156,49,自
﻿156,49,181,49,181,70,156,70,稱
﻿156,70,181,70,181,91,156,91,欽
﻿156,91,181,91,181,112,156,112,德
﻿156,112,181,112,181,133,156,133,興
﻿156,133,181,133,181,154,156,154,烈
﻿156,154,181,154,181,175,156,175,大
﻿156,175,181,175,181,196,156,196,王
﻿156,196,181,196,181,218,156,218,榜
﻿156,218,181,218,181,239,156,239,文
﻿156,239,181,239,181,260,156,260,曰
﻿156,260,181,260,181,281,156,281,中
﻿156,281,181,281,181,302,156,302,書
﻿156,302,181,302,181,323,156,323,尙
﻿156,323,181,323,181,344,156,344,書
﻿156,344,181,344,181,365,156,365,省
﻿156,365,181,365,181,386,156,386,奉
﻿156,386,181,386,181,408,156,408,攝
﻿126,27,151,27,151,48,126,48,政
﻿126,48,151,48,151,69,126,69,該
﻿126,69,151,69,151,90,126,90,教
﻿126,90,151,90,151,111,126,111,皇
﻿126,111,151,111,151,132,126,132,帝
﻿126,132,151,132,151,154,126,154,聖
﻿126,154,151,154,151,175,126,175,旨
﻿126,175,151,175,151,196,126,196,云
﻿126,196,151,196,151,217,126,217,云
﻿126,217,151,217,151,238,126,238,是
﻿126,238,151,238,151,259,126,259,日
﻿126,259,151,259,151,281,126,281,登
﻿126,281,151,281,151,302,126,302,新
﻿126,302,151,302,151,323,126,323,都
﻿126,323,151,323,151,344,126,344,御
﻿126,344,151,344,151,365,126,365,殿
﻿126,365,151,365,151,386,126,386,󰆑
﻿126,386,151,386,151,408,126,408,成
﻿98,28,120,28,120,49,98,49,賜
﻿98,49,120,49,120,70,98,70,五
﻿98,70,120,70,120,91,98,91,品
﻿98,91,120,91,120,112,98,112,以
﻿98,112,120,112,120,133,98,133,上
﻿98,133,120,133,120,154,98,154,宴
﻿98,154,120,154,120,175,98,175,許
﻿98,175,120,175,120,196,98,196,士
﻿98,196,120,196,120,217,98,217,女
﻿98,217,120,217,120,238,98,238,觀
﻿98,238,120,238,120,259,98,259,逰
﻿98,259,120,259,120,280,98,280,於
﻿98,280,120,280,120,301,98,301,城
﻿98,301,120,301,120,322,98,322,之
﻿98,322,120,322,120,343,98,343,南
﻿98,343,120,343,120,364,98,364,門
﻿98,364,120,364,120,385,98,385,日
﻿98,385,120,385,120,406,98,406,以
﻿68,29,90,29,90,51,68,51,繼
﻿68,51,90,51,90,73,68,73,夜
﻿68,73,90,73,90,95,68,95,令
﻿68,95,90,95,90,117,68,117,有
﻿68,117,90,117,90,140,68,140,田
﻿68,140,90,140,90,162,68,162,者
﻿68,162,90,162,90,184,68,184,供
﻿68,184,90,184,90,206,68,206,報
﻿68,206,90,206,90,229,68,229,田
﻿68,229,90,229,90,251,68,251,𤱈
﻿68,251,90,251,90,273,68,273,行
﻿68,273,90,273,90,295,68,295,遣
﻿68,295,90,295,90,318,68,318,何
﻿68,318,90,318,90,340,68,340,德
﻿68,340,90,340,90,362,68,362,鄰
﻿68,362,90,362,90,384,68,384,𡧸
﻿68,384,90,384,90,407,68,407,與
﻿38,30,64,30,64,50,38,50,家
﻿38,50,64,50,64,71,38,71,人
﻿38,71,64,71,64,92,38,92,言
﻿38,92,64,92,64,113,38,113,曰
﻿38,113,64,113,64,134,38,134,設
﻿38,134,64,134,64,155,38,155,此
﻿38,155,64,155,64,176,38,176,法
﻿38,176,64,176,64,197,38,197,以
﻿38,197,64,197,64,218,38,218,奪
﻿38,218,64,218,64,239,38,239,民
﻿38,239,64,239,64,260,38,260,田
﻿38,260,64,260,64,281,38,281,耳
﻿38,281,64,281,64,302,38,302,季
﻿38,302,64,302,64,323,38,323,犛
﻿38,323,64,323,64,344,38,344,聞
﻿38,344,64,344,64,365,38,365,之
﻿38,365,64,365,64,386,38,386,降
﻿38,386,64,386,64,407,38,407,為
﻿9,29,33,29,33,49,9,49,户
﻿9,49,33,49,33,70,9,70,部
﻿9,70,33,70,33,91,9,91,尙
﻿9,91,33,91,33,112,9,112,書
﻿9,112,33,112,33,133,9,133,又
﻿9,133,33,133,33,154,9,154,令
﻿9,154,33,154,33,175,9,175,民
﻿9,175,33,175,33,196,9,196,標
﻿9,196,33,196,33,217,9,217,題
﻿9,217,33,217,33,238,9,238,姓
﻿9,238,33,238,33,259,9,259,名
﻿9,259,33,259,33,280,9,280,於
﻿9,280,33,280,33,301,9,301,田
﻿9,301,33,301,33,322,9,322,上
﻿9,322,33,322,33,343,9,343,路
﻿9,343,33,343,33,364,9,364,府
﻿9,364,33,364,33,385,9,385,州
﻿9,385,33,385,33,406,9,406,縣
