259,33,283,33,283,53,259,53,满
﻿259,53,283,53,283,74,259,74,九
﻿259,74,283,74,283,95,259,95,年
﻿259,95,283,95,283,116,259,116,者
﻿259,116,283,116,283,137,259,137,留
﻿259,137,283,137,283,158,259,158,拨
﻿259,158,283,158,283,179,259,179,在
﻿259,179,283,179,283,200,259,200,京
﻿259,200,283,200,283,221,259,221,衙
﻿259,221,283,221,283,242,259,242,辨
﻿259,242,283,242,283,263,259,263,事
﻿259,263,283,263,283,284,259,284,除
﻿259,284,283,284,283,305,259,305,未
﻿259,305,283,305,283,326,259,326,满
﻿259,326,283,326,283,347,259,347,者
﻿259,347,283,347,283,368,259,368,放
﻿259,368,283,368,283,389,259,389,回
﻿233,16,251,16,251,35,233,35,丁
﻿233,35,251,35,251,54,233,54,酉
﻿243,57,256,57,256,77,243,77,明
﻿243,77,256,77,256,97,243,97,永
﻿243,97,256,97,256,118,243,118,樂
﻿229,58,242,58,242,77,229,77,十
﻿229,77,242,77,242,97,229,97,五
﻿229,97,242,97,242,117,229,117,年
﻿232,121,255,121,255,141,232,141,明
﻿232,141,255,141,255,162,232,162,内
﻿232,162,255,162,255,183,232,183,官
﻿232,183,255,183,255,204,232,204,馬
﻿232,204,255,204,255,224,232,224,騏
﻿232,224,255,224,255,245,232,245,奏
﻿232,245,255,245,255,266,232,266,總
﻿232,266,255,266,255,287,232,287,兵
﻿232,287,255,287,255,308,232,308,張
﻿232,308,255,308,255,328,232,328,輔
﻿232,328,255,328,255,349,232,349,在
﻿232,349,255,349,255,370,232,370,交
﻿232,370,255,370,255,391,232,391,趾
﻿232,391,255,391,255,412,232,412,選
﻿203,34,227,34,227,55,203,55,取
﻿203,55,227,55,227,76,203,76,土
﻿203,76,227,76,227,97,203,97,人
﻿203,97,227,97,227,118,203,118,壮
﻿203,118,227,118,227,139,203,139,勇
﻿203,139,227,139,227,160,203,160,者
﻿203,160,227,160,227,181,203,181,爲
﻿203,181,227,181,227,202,203,202,圍
﻿203,202,227,202,227,223,203,223,子
﻿203,223,227,223,227,244,203,244,手
﻿203,244,227,244,227,265,203,265,明
﻿203,265,227,265,227,286,203,286,帝
﻿203,286,227,286,227,307,203,307,疑
﻿203,307,227,307,227,328,203,328,之
﻿203,328,227,328,227,349,203,349,召
﻿203,349,227,349,227,370,203,370,輔
﻿203,370,227,370,227,391,203,391,還
﻿203,391,227,391,227,412,203,412,遣
﻿172,33,196,33,196,55,172,55,豐
﻿172,55,196,55,196,77,172,77,城
﻿172,77,196,77,196,99,172,99,侯
﻿172,99,196,99,196,122,172,122,李
﻿172,122,196,122,196,144,172,144,彬
﻿172,144,196,144,196,166,172,166,以
﻿172,166,196,166,196,189,172,189,總
﻿172,189,196,189,196,211,172,211,兵
﻿172,211,196,211,196,233,172,233,征
﻿172,233,196,233,196,255,172,255,夷
﻿172,255,196,255,196,278,172,278,将
﻿172,278,196,278,196,300,172,300,軍
﻿172,300,196,300,196,322,172,322,代
﻿172,322,196,322,196,345,172,345,守
﻿172,345,196,345,196,367,172,367,明
﻿172,367,196,367,196,389,172,389,遣
﻿172,389,196,389,196,412,172,412,監
﻿140,32,166,32,166,54,140,54,察
﻿140,54,166,54,166,76,140,76,御
﻿140,76,166,76,166,98,140,98,史
﻿140,98,166,98,166,121,140,121,分
﻿140,121,166,121,166,143,140,143,司
﻿140,143,166,143,166,165,140,165,廵
﻿140,165,166,165,166,188,140,188,按
﻿140,188,166,188,166,210,140,210,自
﻿140,210,166,210,166,232,140,232,此
﻿140,232,166,232,166,254,140,254,始
﻿140,254,166,254,166,277,140,277,明
﻿140,277,166,277,166,299,140,299,兵
﻿140,299,166,299,166,321,140,321,部
﻿140,321,166,321,166,344,140,344,尙
﻿140,344,166,344,166,366,140,366,書
﻿140,366,166,366,166,388,140,388,陳
﻿140,388,166,388,166,411,140,411,洽
﻿110,30,135,30,135,52,110,52,復
﻿110,52,135,52,135,74,110,74,賛
﻿110,74,135,74,135,97,110,97,總
﻿110,97,135,97,135,119,110,119,兵
﻿110,119,135,119,135,141,110,141,軍
﻿110,141,135,141,135,164,110,164,政
﻿110,164,135,164,135,186,110,186,明
﻿110,186,135,186,135,208,110,208,定
﻿110,208,135,208,135,231,110,231,歲
﻿110,231,135,231,135,253,110,253,貢
﻿110,253,135,253,135,275,110,275,儒
﻿110,275,135,275,135,298,110,298,學
﻿110,298,135,298,135,320,110,320,生
﻿110,320,135,320,135,342,110,342,員
﻿110,342,135,342,135,365,110,365,充
﻿110,365,135,365,135,387,110,387,國
﻿110,387,135,387,135,410,110,410,子
﻿79,33,105,33,105,53,79,53,監
﻿79,53,105,53,105,74,79,74,府
﻿79,74,105,74,105,95,79,95,學
﻿79,95,105,95,105,115,79,115,每
﻿79,115,105,115,105,136,79,136,年
﻿79,136,105,136,105,157,79,157,二
﻿79,157,105,157,105,178,79,178,名
﻿79,178,105,178,105,198,79,198,州
﻿79,198,105,198,105,219,79,219,學
﻿79,219,105,219,105,240,79,240,二
﻿79,240,105,240,105,260,79,260,年
﻿79,260,105,260,105,281,79,281,三
﻿79,281,105,281,105,302,79,302,名
﻿79,302,105,302,105,323,79,323,縣
﻿79,323,105,323,105,343,79,343,學
﻿79,343,105,343,105,364,79,364,一
﻿79,364,105,364,105,385,79,385,年
﻿79,385,105,385,105,406,79,406,一
﻿49,32,74,32,74,53,49,53,名
﻿49,53,74,53,74,74,49,74,後
﻿49,74,74,74,74,95,49,95,又
﻿49,95,74,95,74,116,49,116,定
﻿49,116,74,116,74,137,49,137,府
﻿49,137,74,137,74,158,49,158,學
﻿49,158,74,158,74,179,49,179,每
﻿49,179,74,179,74,200,49,200,年
﻿49,200,74,200,74,222,49,222,一
﻿49,222,74,222,74,243,49,243,名
﻿49,243,74,243,74,264,49,264,州
﻿49,264,74,264,74,285,49,285,學
﻿49,285,74,285,74,306,49,306,三
﻿49,306,74,306,74,327,49,327,年
﻿49,327,74,327,74,348,49,348,二
﻿49,348,74,348,74,369,49,369,名
﻿49,369,74,369,74,390,49,390,縣
﻿49,390,74,390,74,412,49,412,學
﻿18,37,42,37,42,57,18,57,二
﻿18,57,42,57,42,78,18,78,年
﻿18,78,42,78,42,99,18,99,一
﻿18,99,42,99,42,119,18,119,名
﻿18,119,42,119,42,140,18,140,吏
﻿18,140,42,140,42,161,18,161,部
﻿18,161,42,161,42,182,18,182,勘
﻿18,182,42,182,42,202,18,202,合
﻿18,202,42,202,42,223,18,223,仰
﻿18,223,42,223,42,244,18,244,交
﻿18,244,42,244,42,264,18,264,趾
﻿18,264,42,264,42,285,18,285,布
﻿18,285,42,285,42,306,18,306,政
﻿18,306,42,306,42,327,18,327,按
﻿18,327,42,327,42,347,18,347,察
﻿18,347,42,347,42,368,18,368,二
﻿18,368,42,368,42,389,18,389,司
﻿18,389,42,389,42,410,18,410,及
