250,56,273,56,273,76,250,76,三
﻿250,76,273,76,273,97,250,97,從
﻿250,97,273,97,273,118,250,118,之
﻿250,118,273,118,273,139,250,139,訓
﻿250,139,273,139,273,159,250,159,夫
﻿250,159,273,159,273,180,250,180,然
﻿250,180,273,180,273,201,250,201,後
﻿250,201,273,201,273,222,250,222,禍
﻿250,222,273,222,273,243,250,243,無
﻿250,243,273,243,273,263,250,263,由
﻿250,263,273,263,273,284,250,284,至
﻿250,284,273,284,273,305,250,305,哀
﻿250,305,273,305,273,326,250,326,王
﻿250,326,273,326,273,346,250,346,年
﻿250,346,273,346,273,367,250,367,少
﻿250,367,273,367,273,388,250,388,不
﻿250,388,273,388,273,409,250,409,能
﻿250,409,273,409,273,430,250,430,防
﻿218,56,242,56,242,76,218,76,閉
﻿218,76,242,76,242,97,218,97,其
﻿218,97,242,97,242,118,218,118,母
﻿218,118,242,118,242,139,218,139,吕
﻿218,139,242,139,242,160,218,160,嘉
﻿218,160,242,160,242,181,218,181,當
﻿218,181,242,181,242,202,218,202,國
﻿218,202,242,202,242,223,218,223,内
﻿218,223,242,223,242,244,218,244,外
﻿218,244,242,244,242,264,218,264,之
﻿218,264,242,264,242,285,218,285,事
﻿218,285,242,285,242,306,218,306,寕
﻿218,306,242,306,242,327,218,327,不
﻿218,327,242,327,242,348,218,348,預
﻿218,348,242,348,242,369,218,369,知
﻿218,369,242,369,242,390,218,390,大
﻿218,390,242,390,242,411,218,411,國
﻿218,411,242,411,242,432,218,432,賔
﻿187,55,212,55,212,75,187,75,至
﻿187,75,212,75,212,96,187,96,接
﻿187,96,212,96,212,117,187,117,之
﻿187,117,212,117,212,138,187,138,有
﻿187,138,212,138,212,159,187,159,禮
﻿187,159,212,159,212,180,187,180,居
﻿187,180,212,180,212,200,187,200,之
﻿187,200,212,200,212,221,187,221,有
﻿187,221,212,221,212,242,187,242,次
﻿187,242,212,242,212,263,187,263,供
﻿187,263,212,263,212,284,187,284,億
﻿187,284,212,284,212,305,187,305,有
﻿187,305,212,305,212,325,187,325,数
﻿187,325,212,325,212,346,187,346,舘
﻿187,346,212,346,212,367,187,367,伴
﻿187,367,212,367,212,388,187,388,有
﻿187,388,212,388,212,409,187,409,人
﻿187,409,212,409,212,430,187,430,何
﻿157,57,182,57,182,77,157,77,至
﻿157,77,182,77,182,98,157,98,與
﻿157,98,182,98,182,119,157,119,母
﻿157,119,182,119,182,139,157,139,后
﻿157,139,182,139,182,160,157,160,通
﻿157,160,182,160,182,181,157,181,也
﻿157,181,182,181,182,202,157,202,母
﻿157,202,182,202,182,222,157,222,后
﻿157,222,182,222,182,243,157,243,深
﻿157,243,182,243,182,264,157,264,居
﻿157,264,182,264,182,284,157,284,宫
﻿157,284,182,284,182,305,157,305,中
﻿157,305,182,305,182,326,157,326,不
﻿157,326,182,326,182,347,157,347,預
﻿157,347,182,347,182,367,157,367,外
﻿157,367,182,367,182,388,157,388,事
﻿157,388,182,388,182,409,157,409,有
﻿157,409,182,409,182,430,157,430,事
﻿127,58,152,58,152,78,127,78,而
﻿127,78,152,78,152,99,127,99,出
﻿127,99,152,99,152,120,127,120,魚
﻿127,120,152,120,152,140,127,140,軒
﻿127,140,152,140,152,161,127,161,翟
﻿127,161,152,161,152,182,127,182,弗
﻿127,182,152,182,152,202,127,202,媚
﻿127,202,152,202,152,223,127,223,嬙
﻿127,223,152,223,152,244,127,244,陪
﻿127,244,152,244,152,264,127,264,從
﻿127,264,152,264,152,285,127,285,何
﻿127,285,152,285,152,306,127,306,至
﻿127,306,152,306,152,326,127,326,與
﻿127,326,152,326,152,347,127,347,使
﻿127,347,152,347,152,368,127,368,客
﻿127,368,152,368,152,388,127,388,通
﻿127,388,152,388,152,409,127,409,也
﻿127,409,152,409,152,430,127,430,嘉
﻿97,58,122,58,122,78,97,78,等
﻿97,78,122,78,122,99,97,99,與
﻿97,99,122,99,122,120,97,120,其
﻿97,120,122,120,122,140,97,140,撲
﻿97,140,122,140,122,161,97,161,燎
﻿97,161,122,161,122,182,97,182,原
﻿97,182,122,182,122,202,97,202,之
﻿97,202,122,202,122,223,97,223,火
﻿97,223,122,223,122,244,97,244,於
﻿97,244,122,244,122,264,97,264,方
﻿97,264,122,264,122,285,97,285,熾
﻿97,285,122,285,122,306,97,306,之
﻿97,306,122,306,122,326,97,326,中
﻿97,326,122,326,122,347,97,347,孰
﻿97,347,122,347,122,368,97,368,若
﻿97,368,122,368,122,388,97,388,杜
﻿97,388,122,388,122,409,97,409,禍
﻿97,409,122,409,122,430,97,430,乱
﻿68,60,90,60,90,80,68,80,之
﻿68,80,90,80,90,101,68,101,機
﻿68,101,90,101,90,121,68,121,於
﻿68,121,90,121,90,142,68,142,未
﻿68,142,90,142,90,162,68,162,兆
﻿68,162,90,162,90,183,68,183,之
﻿68,183,90,183,90,203,68,203,日
﻿68,203,90,203,90,224,68,224,之
﻿68,224,90,224,90,245,68,245,為
﻿68,245,90,245,90,265,68,265,愈
﻿68,265,90,265,90,286,68,286,也
﻿68,286,90,286,90,306,68,306,故
﻿68,306,90,306,90,327,68,327,曰
﻿68,327,90,327,90,347,68,347,為
﻿68,347,90,347,90,368,68,368,人
﻿68,368,90,368,90,388,68,388,君
﻿68,388,90,388,90,409,68,409,而
﻿68,409,90,409,90,430,68,430,不
﻿38,63,62,63,62,83,38,83,知
﻿38,83,62,83,62,103,38,103,春
﻿38,103,62,103,62,124,38,124,秋
﻿38,124,62,124,62,144,38,144,之
﻿38,144,62,144,62,165,38,165,義
﻿38,165,62,165,62,185,38,185,必
﻿38,185,62,185,62,206,38,206,冡
﻿38,206,62,206,62,226,38,226,首
﻿38,226,62,226,62,247,38,247,惡
﻿38,247,62,247,62,267,38,267,之
﻿38,267,62,267,62,287,38,287,名
﻿38,287,62,287,62,308,38,308,為
﻿38,308,62,308,62,328,38,328,人
﻿38,328,62,328,62,349,38,349,臣
﻿38,349,62,349,62,369,38,369,而
﻿38,369,62,369,62,390,38,390,不
﻿38,390,62,390,62,410,38,410,知
﻿38,410,62,410,62,431,38,431,春
﻿9,60,32,60,32,80,9,80,秋
﻿9,80,32,80,32,101,9,101,之
﻿9,101,32,101,32,121,9,121,義
﻿9,121,32,121,32,142,9,142,必
﻿9,142,32,142,32,163,9,163,𨺻
﻿9,163,32,163,32,183,9,183,篡
﻿9,183,32,183,32,204,9,204,弑
﻿9,204,32,204,32,224,9,224,之
﻿9,224,32,224,32,245,9,245,罪
﻿9,245,32,245,32,266,9,266,明
﻿9,266,32,266,32,286,9,286,王
﻿9,286,32,286,32,307,9,307,哀
﻿9,307,32,307,32,327,9,327,王
﻿9,327,32,327,32,348,9,348,吕
﻿9,348,32,348,32,369,9,369,嘉
﻿9,369,32,369,32,389,9,389,之
﻿9,389,32,389,32,410,9,410,謂
﻿9,410,32,410,32,431,9,431,也
