236,43,260,43,260,63,236,63,以
﻿236,63,260,63,260,83,236,83,杜
﻿236,83,260,83,260,103,236,103,子
﻿236,103,260,103,260,123,236,123,平
﻿236,123,260,123,260,143,236,143,同
﻿236,143,260,143,260,163,236,163,知
﻿236,163,260,163,260,183,236,183,門
﻿236,183,260,183,260,203,236,203,下
﻿204,42,229,42,229,62,204,62,癸
﻿204,62,229,62,229,83,204,83,卯
﻿204,83,229,83,229,103,204,103,六
﻿204,103,229,103,229,124,204,124,年
﻿217,127,233,127,233,145,217,145,元
﻿217,145,233,145,233,163,217,163,至
﻿217,163,233,163,233,181,217,181,正
﻿217,181,233,181,233,200,217,200,二
﻿205,127,216,127,216,146,205,146,十
﻿205,146,216,146,216,166,205,166,三
﻿205,166,216,166,216,186,205,186,年
﻿207,204,236,204,236,225,207,225,春
﻿207,225,236,225,236,246,207,246,二
﻿207,246,236,246,236,267,207,267,月
﻿207,267,236,267,236,288,207,288,詔
﻿207,288,236,288,236,309,207,309,選
﻿207,309,236,309,236,330,207,330,民
﻿207,330,236,330,236,351,207,351,丁
﻿207,351,236,351,236,372,207,372,充
﻿207,372,236,372,236,393,207,393,補
﻿207,393,236,393,236,414,207,414,諸
﻿207,414,236,414,236,435,207,435,路
﻿176,43,201,43,201,64,176,64,軍
﻿176,64,201,64,201,86,176,86,三
﻿176,86,201,86,201,108,176,108,月
﻿176,108,201,108,201,130,176,130,試
﻿176,130,201,130,201,151,176,151,士
﻿176,151,201,151,201,173,176,173,人
﻿176,173,201,173,201,195,176,195,以
﻿176,195,201,195,201,217,176,217,文
﻿176,217,201,217,201,239,176,239,藝
﻿176,239,201,239,201,260,176,260,充
﻿176,260,201,260,201,282,176,282,舘
﻿176,282,201,282,201,304,176,304,閣
﻿176,304,201,304,201,326,176,326,試
﻿176,326,201,326,201,347,176,347,吏
﻿176,347,201,347,201,369,176,369,員
﻿176,369,201,369,201,391,176,391,以
﻿176,391,201,391,201,413,176,413,書
﻿176,413,201,413,201,435,176,435,寫
﻿143,43,171,43,171,66,143,66,充
﻿143,66,171,66,171,89,143,89,省
﻿143,89,171,89,171,112,143,112,院
﻿143,112,171,112,171,135,143,135,属
﻿143,135,171,135,171,158,143,158,追
﻿143,158,171,158,171,181,143,181,贈
﻿143,181,171,181,171,204,143,204,少
﻿143,204,171,204,171,227,143,227,保
﻿143,227,171,227,171,250,143,250,張
﻿143,250,171,250,171,273,143,273,漢
﻿143,273,171,273,171,296,143,296,超
﻿143,296,171,296,171,319,143,319,為
﻿143,319,171,319,171,342,143,342,太
﻿143,342,171,342,171,365,143,365,傅
﻿143,365,171,365,171,388,143,388,夏
﻿143,388,171,388,171,411,143,411,五
﻿143,411,171,411,171,435,143,435,月
﻿115,44,141,44,141,65,115,65,還
﻿115,65,141,65,141,87,115,87,鄒
﻿115,87,141,87,141,109,115,109,庚
﻿115,109,141,109,141,130,115,130,前
﻿115,130,141,130,141,152,115,152,職
﻿115,152,141,152,141,174,115,174,爵
﻿115,174,141,174,141,196,115,196,六
﻿115,196,141,196,141,217,115,217,月
﻿115,217,141,217,141,239,115,239,没
﻿115,239,141,239,141,261,115,261,籍
﻿115,261,141,261,141,282,115,282,大
﻿115,282,141,282,141,304,115,304,來
﻿115,304,141,304,141,326,115,326,社
﻿115,326,141,326,141,348,115,348,寨
﻿115,348,141,348,141,369,115,369,主
﻿115,369,141,369,141,391,115,391,吳
﻿115,391,141,391,141,413,115,413,引
﻿115,413,141,413,141,435,115,435,家
﻿84,44,112,44,112,64,84,64,初
﻿84,64,112,64,112,85,84,85,引
﻿84,85,112,85,112,105,84,105,父
﻿84,105,112,105,112,126,84,126,於
﻿84,126,112,126,112,147,84,147,明
﻿84,147,112,147,112,167,84,167,宗
﻿84,167,112,167,112,188,84,188,時
﻿84,188,112,188,112,209,84,209,得
﻿84,209,112,209,112,229,84,229,蜈
﻿84,229,112,229,112,250,84,250,蚣
﻿84,250,112,250,112,270,84,270,大
﻿84,270,112,270,112,291,84,291,珠
﻿84,291,112,291,112,312,84,312,󰅾
﻿84,312,112,312,112,332,84,332,來
﻿84,332,112,332,112,353,84,353,雲
﻿84,353,112,353,112,374,84,374,屯
﻿84,374,112,374,112,394,84,394,商
﻿84,394,112,394,112,415,84,415,舶
﻿84,415,112,415,112,436,84,436,為
﻿56,46,83,46,83,66,56,66,之
﻿56,66,83,66,83,87,56,87,傾
﻿56,87,83,87,83,107,56,107,舶
﻿56,107,83,107,83,128,56,128,主
﻿56,128,83,128,83,148,56,148,欲
﻿56,148,83,148,83,169,56,169,得
﻿56,169,83,169,83,190,56,190,奇
﻿56,190,83,190,83,210,56,210,貨
﻿56,210,83,210,83,231,56,231,盡
﻿56,231,83,231,83,251,56,251,於
﻿56,251,83,251,83,272,56,272,所
﻿56,272,83,272,83,292,56,292,有
﻿56,292,83,292,83,313,56,313,買
﻿56,313,83,313,83,334,56,334,之
﻿56,334,83,334,83,354,56,354,引
﻿56,354,83,354,83,375,56,375,自
﻿56,375,83,375,83,395,56,395,此
﻿56,395,83,395,83,416,56,416,致
﻿56,416,83,416,83,437,56,437,富
﻿29,47,53,47,53,67,29,67,明
﻿29,67,53,67,53,87,29,87,宗
﻿29,87,53,87,53,108,29,108,以
﻿29,108,53,108,53,128,29,128,月
﻿29,128,53,128,53,149,29,149,山
﻿29,149,53,149,53,169,29,169,公
﻿29,169,53,169,53,190,29,190,主
﻿29,190,53,190,53,210,29,210,適
﻿29,210,53,210,53,231,29,231,之
﻿29,231,53,231,53,251,29,251,引
﻿29,251,53,251,53,272,29,272,特
﻿29,272,53,272,53,292,29,292,其
﻿29,292,53,292,53,313,29,313,富
﻿29,313,53,313,53,333,29,333,通
﻿29,333,53,333,53,354,29,354,滛
﻿29,354,53,354,53,374,29,374,别
﻿29,374,53,374,53,395,29,395,女
﻿29,395,53,395,53,415,29,415,又
﻿29,415,53,415,53,436,29,436,有
﻿1,47,26,47,26,68,1,68,欺
﻿1,68,26,68,26,90,1,90,公
﻿1,90,26,90,26,112,1,112,主
﻿1,112,26,112,26,134,1,134,語
﻿1,134,26,134,26,155,1,155,公
﻿1,155,26,155,26,177,1,177,主
﻿1,177,26,177,26,199,1,199,以
﻿1,199,26,199,26,221,1,221,聞
﻿1,221,26,221,26,243,1,243,免
﻿1,243,26,243,26,264,1,264,死
﻿1,264,26,264,26,286,1,286,没
﻿1,286,26,286,26,308,1,308,其
﻿1,308,26,308,26,330,1,330,家
﻿1,330,26,330,26,351,1,351,産
﻿1,351,26,351,26,373,1,373,冬
﻿1,373,26,373,26,395,1,395,十
﻿1,395,26,395,26,417,1,417,月
﻿1,417,26,417,26,439,1,439,?
