246,57,271,57,271,78,246,78,然
﻿246,78,271,78,271,99,246,99,而
﻿246,99,271,99,271,120,246,120,聖
﻿246,120,271,120,271,141,246,141,賢
﻿246,141,271,141,271,162,246,162,之
﻿246,162,271,162,271,183,246,183,生
﻿246,183,271,183,271,204,246,204,必
﻿246,204,271,204,271,225,246,225,異
﻿246,225,271,225,271,246,246,246,乎
﻿246,246,271,246,271,267,246,267,常
﻿246,267,271,267,271,288,246,288,乃
﻿246,288,271,288,271,309,246,309,天
﻿246,309,271,309,271,330,246,330,所
﻿246,330,271,330,271,351,246,351,命
﻿246,351,271,351,271,372,246,372,吞
﻿246,372,271,372,271,393,246,393,玄
﻿246,393,271,393,271,414,246,414,鳥
﻿246,414,271,414,271,435,246,435,卵
﻿216,59,239,59,239,79,216,79,而
﻿216,79,239,79,239,100,216,100,生
﻿216,100,239,100,239,121,216,121,商
﻿216,121,239,121,239,142,216,142,履
﻿216,142,239,142,239,163,216,163,巨
﻿216,163,239,163,239,184,216,184,人
﻿216,184,239,184,239,204,216,204,跡
﻿216,204,239,204,239,225,216,225,而
﻿216,225,239,225,239,246,216,246,興
﻿216,246,239,246,239,267,216,267,周
﻿216,267,239,267,239,288,216,288,皆
﻿216,288,239,288,239,309,216,309,紀
﻿216,309,239,309,239,329,216,329,其
﻿216,329,239,329,239,350,216,350,實
﻿216,350,239,350,239,371,216,371,然
﻿216,371,239,371,239,392,216,392,也
﻿216,392,239,392,239,413,216,413,神
﻿216,413,239,413,239,434,216,434,農
﻿185,60,212,60,212,80,185,80,氏
﻿185,80,212,80,212,101,185,101,之
﻿185,101,212,101,212,122,185,122,後
﻿185,122,212,122,212,143,185,143,帝
﻿185,143,212,143,212,164,185,164,明
﻿185,164,212,164,212,185,185,185,得
﻿185,185,212,185,212,205,185,205,鶩
﻿185,205,212,205,212,226,185,226,僊
﻿185,226,212,226,212,247,185,247,女
﻿185,247,212,247,212,268,185,268,而
﻿185,268,212,268,212,289,185,289,生
﻿185,289,212,289,212,310,185,310,涇
﻿185,310,212,310,212,330,185,330,陽
﻿185,330,212,330,212,351,185,351,王
﻿185,351,212,351,212,372,185,372,是
﻿185,372,212,372,212,393,185,393,爲
﻿185,393,212,393,212,414,185,414,百
﻿185,414,212,414,212,435,185,435,粤
﻿156,57,180,57,180,77,156,77,始
﻿156,77,180,77,180,98,156,98,祖
﻿156,98,180,98,180,119,156,119,王
﻿156,119,180,119,180,139,156,139,娶
﻿156,139,180,139,180,160,156,160,神
﻿156,160,180,160,180,181,156,181,龍
﻿156,181,180,181,180,202,156,202,女
﻿156,202,180,202,180,222,156,222,生
﻿156,222,180,222,180,243,156,243,貉
﻿156,243,180,243,180,264,156,264,龍
﻿156,264,180,264,180,284,156,284,君
﻿156,284,180,284,180,305,156,305,君
﻿156,305,180,305,180,326,156,326,娶
﻿156,326,180,326,180,347,156,347,帝
﻿156,347,180,347,180,367,156,367,來
﻿156,367,180,367,180,388,156,388,女
﻿156,388,180,388,180,409,156,409,而
﻿156,409,180,409,180,430,156,430,生
﻿125,57,148,57,148,77,125,77,育
﻿125,77,148,77,148,98,125,98,有
﻿125,98,148,98,148,119,125,119,百
﻿125,119,148,119,148,140,125,140,男
﻿125,140,148,140,148,161,125,161,之
﻿125,161,148,161,148,182,125,182,祥
﻿125,182,148,182,148,203,125,203,此
﻿125,203,148,203,148,224,125,224,其
﻿125,224,148,224,148,245,125,245,所
﻿125,245,148,245,148,265,125,265,以
﻿125,265,148,265,148,286,125,286,能
﻿125,286,148,286,148,307,125,307,肇
﻿125,307,148,307,148,328,125,328,我
﻿125,328,148,328,148,349,125,349,越
﻿125,349,148,349,148,370,125,370,之
﻿125,370,148,370,148,391,125,391,基
﻿125,391,148,391,148,412,125,412,也
﻿125,412,148,412,148,433,125,433,歟
﻿95,57,118,57,118,77,95,77,考
﻿95,77,118,77,118,98,95,98,之
﻿95,98,118,98,118,119,95,119,通
﻿95,119,118,119,118,140,95,140,鑑
﻿95,140,118,140,118,161,95,161,外
﻿95,161,118,161,118,182,95,182,紀
﻿95,182,118,182,118,203,95,203,帝
﻿95,203,118,203,118,224,95,224,來
﻿95,224,118,224,118,245,95,245,帝
﻿95,245,118,245,118,266,95,266,宜
﻿95,266,118,266,118,287,95,287,之
﻿95,287,118,287,118,308,95,308,子
﻿95,308,118,308,118,329,95,329,㨿
﻿95,329,118,329,118,350,95,350,此
﻿95,350,118,350,118,371,95,371,所
﻿95,371,118,371,118,392,95,392,載
﻿95,392,118,392,118,413,95,413,涇
﻿95,413,118,413,118,434,95,434,陽
﻿63,59,89,59,89,79,63,79,王
﻿63,79,89,79,89,100,63,100,帝
﻿63,100,89,100,89,121,63,121,宜
﻿63,121,89,121,89,141,63,141,之
﻿63,141,89,141,89,162,63,162,弟
﻿63,162,89,162,89,183,63,183,乃
﻿63,183,89,183,89,204,63,204,相
﻿63,204,89,204,89,224,63,224,爲
﻿63,224,89,224,89,245,63,245,婚
﻿63,245,89,245,89,266,63,266,姻
﻿63,266,89,266,89,286,63,286,蓋
﻿63,286,89,286,89,307,63,307,世
﻿63,307,89,307,89,328,63,328,尙
﻿63,328,89,328,89,349,63,349,鴻
﻿63,349,89,349,89,369,63,369,荒
﻿63,369,89,369,89,390,63,390,禮
﻿63,390,89,390,89,411,63,411,樂
﻿63,411,89,411,89,432,63,432,未
﻿36,57,57,57,57,78,36,78,著
﻿36,78,57,78,57,99,36,99,而
﻿36,99,57,99,57,121,36,121,然
﻿36,121,57,121,57,142,36,142,者
﻿36,142,57,142,57,164,36,164,歟
﻿9,82,29,82,29,101,9,101,䧺
﻿9,101,29,101,29,121,9,121,王
