264,14,286,14,286,34,264,34,並
﻿264,34,286,34,286,55,264,55,以
﻿264,55,286,55,286,76,264,76,死
﻿264,76,286,76,286,97,264,97,罪
﻿264,97,286,97,286,118,264,118,辠
﻿264,118,286,118,286,139,264,139,之
﻿264,139,286,139,286,160,264,160,若
﻿264,160,286,160,286,181,264,181,居
﻿264,181,286,181,286,202,264,202,䘮
﻿264,202,286,202,286,222,264,222,服
﻿264,222,286,222,286,243,264,243,出
﻿264,243,286,243,286,264,264,264,見
﻿264,264,286,264,286,285,264,285,戲
﻿264,285,286,285,286,306,264,306,塲
﻿264,306,286,306,286,327,264,327,縱
﻿264,327,286,327,286,348,264,348,觀
﻿264,348,286,348,286,369,264,369,不
﻿264,369,286,369,286,390,264,390,避
﻿264,390,286,390,286,411,264,411,以
﻿235,12,260,12,260,33,235,33,流
﻿235,33,260,33,260,54,235,54,罪
﻿235,54,260,54,260,75,235,75,論
﻿235,75,260,75,260,96,235,96,如
﻿235,96,260,96,260,117,235,117,有
﻿235,117,260,117,260,138,235,138,貪
﻿235,138,260,138,260,159,235,159,財
﻿235,159,260,159,260,180,235,180,孝
﻿235,180,260,180,260,201,235,201,色
﻿235,201,260,201,260,222,235,222,而
﻿235,222,260,222,260,243,235,243,娶
﻿235,243,260,243,260,264,235,264,惡
﻿235,264,260,264,260,285,235,285,逆
﻿235,285,260,285,260,306,235,306,之
﻿235,306,260,306,260,327,235,327,妻
﻿235,327,260,327,260,348,235,348,妾
﻿235,348,260,348,260,369,235,369,及
﻿235,369,260,369,260,390,235,390,蛮
﻿235,390,260,390,260,411,235,411,人
﻿202,11,229,11,229,33,202,33,蒸
﻿202,33,229,33,229,55,202,55,亡
﻿202,55,229,55,229,77,202,77,兄
﻿202,77,229,77,229,99,202,99,弟
﻿202,99,229,99,229,122,202,122,妻
﻿202,122,229,122,229,144,202,144,妾
﻿202,144,229,144,229,166,202,166,并
﻿202,166,229,166,229,188,202,188,為
﻿202,188,229,188,229,211,202,211,官
﻿202,211,229,211,229,233,202,233,吏
﻿202,233,229,233,229,255,202,255,而
﻿202,255,229,255,229,277,202,277,受
﻿202,277,229,277,229,299,202,299,賂
﻿202,299,229,299,229,322,202,322,抵
﻿202,322,229,322,229,344,202,344,罪
﻿202,344,229,344,229,366,202,366,二
﻿202,366,229,366,229,388,202,388,月
﻿202,388,229,388,229,411,202,411,選
﻿170,9,197,9,197,31,170,31,補
﻿170,31,197,31,197,53,170,53,軍
﻿170,53,197,53,197,75,170,75,伍
﻿170,75,197,75,197,97,170,97,勑
﻿170,97,197,97,197,120,170,120,旨
﻿170,120,197,120,197,142,170,142,漏
﻿170,142,197,142,197,164,170,164,籍
﻿170,164,197,164,197,186,170,186,人
﻿170,186,197,186,197,209,170,209,自
﻿170,209,197,209,197,231,170,231,十
﻿170,231,197,231,197,253,170,253,歲
﻿170,253,197,253,197,275,170,275,以
﻿170,275,197,275,197,297,170,297,上
﻿170,297,197,297,197,320,170,320,壮
﻿170,320,197,320,197,342,170,342,者
﻿170,342,197,342,197,364,170,364,充
﻿170,364,197,364,197,386,170,386,軍
﻿170,386,197,386,197,409,170,409,户
﻿140,12,167,12,167,34,140,34,内
﻿140,34,167,34,167,56,140,56,有
﻿140,56,167,56,167,78,140,78,父
﻿140,78,167,78,167,100,140,100,子
﻿140,100,167,100,167,123,140,123,兄
﻿140,123,167,123,167,145,140,145,弟
﻿140,145,167,145,167,167,140,167,三
﻿140,167,167,167,167,189,140,189,丁
﻿140,189,167,189,167,212,140,212,不
﻿140,212,167,212,167,234,140,234,在
﻿140,234,167,234,167,256,140,256,充
﻿140,256,167,256,167,278,140,278,數
﻿140,278,167,278,167,300,140,300,定
﻿140,300,167,300,167,323,140,323,󰱇
﻿140,323,167,323,167,345,140,345,壮
﻿140,345,167,345,167,367,140,367,健
﻿140,367,167,367,167,389,140,389,替
﻿140,389,167,389,167,412,140,412,補
﻿109,11,136,11,136,32,109,32,令
﻿109,32,136,32,136,53,109,53,從
﻿109,53,136,53,136,74,109,74,都
﻿109,74,136,74,136,95,109,95,清
﻿109,95,136,95,136,116,109,116,華
﻿109,116,136,116,136,137,109,137,鎮
﻿109,137,136,137,136,158,109,158,守
﻿109,158,136,158,136,179,109,179,副
﻿109,179,136,179,136,200,109,200,總
﻿109,200,136,200,136,221,109,221,兵
﻿109,221,136,221,136,242,109,242,兼
﻿109,242,136,242,136,263,109,263,清
﻿109,263,136,263,136,284,109,284,華
﻿109,284,136,284,136,305,109,305,等
﻿109,305,136,305,136,326,109,326,處
﻿109,326,136,326,136,347,109,347,承
﻿109,347,136,347,136,368,109,368,宣
﻿109,368,136,368,136,389,109,389,使
﻿109,389,136,389,136,411,109,411,司
﻿79,12,104,12,104,34,79,34,阮
﻿79,34,104,34,104,56,79,56,德
﻿79,56,104,56,104,78,79,78,忠
﻿79,78,104,78,104,100,79,100,之
﻿79,100,104,100,104,122,79,122,奏
﻿79,122,104,122,104,144,79,144,也
﻿79,144,104,144,104,166,79,166,勑
﻿79,166,104,166,104,188,79,188,諭
﻿79,188,104,188,104,210,79,210,數
﻿79,210,104,210,104,232,79,232,奸
﻿79,232,104,232,104,254,79,254,臣
﻿79,254,104,254,104,276,79,276,阮
﻿79,276,104,276,104,298,79,298,復
﻿79,298,104,298,104,320,79,320,罪
﻿79,320,104,320,104,342,79,342,九
﻿79,342,104,342,104,364,79,364,十
﻿79,364,104,364,104,386,79,386,二
﻿79,386,104,386,104,409,79,409,條
﻿47,11,74,11,74,33,47,33,時
﻿47,33,74,33,74,55,47,55,復
﻿47,55,74,55,74,77,47,77,為
﻿47,77,74,77,74,99,47,99,錦
﻿47,99,74,99,74,122,47,122,衣
﻿47,122,74,122,74,144,47,144,衛
﻿47,144,74,144,74,166,47,166,都
﻿47,166,74,166,74,188,47,188,指
﻿47,188,74,188,74,211,47,211,揮
﻿47,211,74,211,74,233,47,233,使
﻿47,233,74,233,74,255,47,255,也
﻿47,255,74,255,74,277,47,277,幸
﻿47,277,74,277,74,299,47,299,西
﻿47,299,74,299,74,322,47,322,京
﻿47,322,74,322,74,344,47,344,帝
﻿47,344,74,344,74,366,47,366,曰
﻿47,366,74,366,74,388,47,388,前
﻿47,388,74,388,74,411,47,411,年
﻿16,10,43,10,43,31,16,31,吾
﻿16,31,43,31,43,52,16,52,徃
﻿16,52,43,52,43,73,16,73,福
﻿16,73,43,73,43,94,16,94,光
﻿16,94,43,94,43,115,16,115,堂
﻿16,115,43,115,43,136,16,136,洞
﻿16,136,43,136,43,157,16,157,滂
﻿16,157,43,157,43,178,16,178,田
﻿16,178,43,178,43,199,16,199,水
﻿16,199,43,199,43,220,16,220,淺
﻿16,220,43,220,43,241,16,241,不
﻿16,241,43,241,43,262,16,262,可
﻿16,262,43,262,43,283,16,283,種
﻿16,283,43,283,43,304,16,304,禾
﻿16,304,43,304,43,325,16,325,今
﻿16,325,43,325,43,346,16,346,年
﻿16,346,43,346,43,367,16,367,多
﻿16,367,43,367,43,388,16,388,水
﻿16,388,43,388,43,410,16,410,夏
