257,32,281,32,281,54,257,54,三
﻿257,54,281,54,281,76,257,76,月
﻿257,76,281,76,281,98,257,98,以
﻿257,98,281,98,281,120,257,120,黎
﻿257,120,281,120,281,142,257,142,季
﻿257,142,281,142,281,164,257,164,犛
﻿257,164,281,164,281,186,257,186,同
﻿257,186,281,186,281,208,257,208,平
﻿257,208,281,208,281,230,257,230,章
﻿257,230,281,230,281,252,257,252,事
﻿257,252,281,252,281,274,257,274,賜
﻿257,274,281,274,281,296,257,296,釼
﻿257,296,281,296,281,318,257,318,一
﻿257,318,281,318,281,340,257,340,把
﻿257,340,281,340,281,362,257,362,旗
﻿257,362,281,362,281,384,257,384,一
﻿257,384,281,384,281,406,257,406,隻
﻿226,31,255,31,255,51,226,51,題
﻿226,51,255,51,255,72,226,72,曰
﻿226,72,255,72,255,93,226,93,文
﻿226,93,255,93,255,114,226,114,武
﻿226,114,255,114,255,135,226,135,全
﻿226,135,255,135,255,156,226,156,才
﻿226,156,255,156,255,177,226,177,君
﻿226,177,255,177,255,198,226,198,臣
﻿226,198,255,198,255,219,226,219,同
﻿226,219,255,219,255,240,226,240,㥁
﻿226,240,255,240,255,261,226,261,季
﻿226,261,255,261,255,282,226,282,犛
﻿226,282,255,282,255,303,226,303,作
﻿226,303,255,303,255,324,226,324,國
﻿226,324,255,324,255,345,226,345,語
﻿226,345,255,345,255,366,226,366,詩
﻿226,366,255,366,255,387,226,387,謝
﻿226,387,255,387,255,408,226,408,之
﻿197,48,223,48,223,68,197,68,史
﻿197,68,223,68,223,89,197,89,臣
﻿197,89,223,89,223,109,197,109,吳
﻿197,109,223,109,223,130,197,130,士
﻿197,130,223,130,223,150,197,150,連
﻿197,150,223,150,223,171,197,171,曰
﻿197,171,223,171,223,192,197,192,亂
﻿197,192,223,192,223,212,197,212,臣
﻿197,212,223,212,223,233,197,233,賊
﻿197,233,223,233,223,253,197,253,子
﻿197,253,223,253,223,274,197,274,之
﻿197,274,223,274,223,295,197,295,得
﻿197,295,223,295,223,315,197,315,行
﻿197,315,223,315,223,336,197,336,其
﻿197,336,223,336,223,356,197,356,計
﻿197,356,223,356,223,377,197,377,非
﻿197,377,223,377,223,398,197,398,一
﻿168,49,194,49,194,70,168,70,朝
﻿168,70,194,70,194,91,168,91,一
﻿168,91,194,91,194,112,168,112,夕
﻿168,112,194,112,194,133,168,133,之
﻿168,133,194,133,194,154,168,154,故
﻿168,154,194,154,194,175,168,175,其
﻿168,175,194,175,194,196,168,196,所
﻿168,196,194,196,194,217,168,217,由
﻿168,217,194,217,194,238,168,238,來
﻿168,238,194,238,194,259,168,259,漸
﻿168,259,194,259,194,280,168,280,矣
﻿168,280,194,280,194,301,168,301,故
﻿168,301,194,301,194,322,168,322,聖
﻿168,322,194,322,194,343,168,343,人
﻿168,343,194,343,194,364,168,364,必
﻿168,364,194,364,194,385,168,385,辨
﻿168,385,194,385,194,407,168,407,之
﻿138,50,163,50,163,70,138,70,於
﻿138,70,163,70,163,91,138,91,早
﻿138,91,163,91,163,112,138,112,而
﻿138,112,163,112,163,133,138,133,謹
﻿138,133,163,133,163,154,138,154,履
﻿138,154,163,154,163,175,138,175,霜
﻿138,175,163,175,163,196,138,196,之
﻿138,196,163,196,163,217,138,217,漸
﻿138,217,163,217,163,238,138,238,焉
﻿138,238,163,238,163,259,138,259,胡
﻿138,259,163,259,163,280,138,280,氏
﻿138,280,163,280,163,301,138,301,篡
﻿138,301,163,301,163,322,138,322,陳
﻿138,322,163,322,163,343,138,343,非
﻿138,343,163,343,163,364,138,364,特
﻿138,364,163,364,163,385,138,385,藝
﻿138,385,163,385,163,406,138,406,皇
﻿108,51,132,51,132,72,108,72,不
﻿108,72,132,72,132,93,108,93,謹
﻿108,93,132,93,132,114,108,114,其
﻿108,114,132,114,132,135,108,135,漸
﻿108,135,132,135,132,156,108,156,而
﻿108,156,132,156,132,178,108,178,又
﻿108,178,132,178,132,199,108,199,?
﻿108,199,132,199,132,220,108,220,啓
﻿108,220,132,220,132,241,108,241,其
﻿108,241,132,241,132,262,108,262,端
﻿108,262,132,262,132,284,108,284,也
﻿79,11,104,11,104,31,79,31,戊
﻿79,31,104,31,104,52,79,52,戌
﻿79,52,104,52,104,73,79,73,十
﻿79,73,104,73,104,94,79,94,二
﻿79,94,104,94,104,115,79,115,年
﻿90,119,104,119,104,139,90,139,十
﻿90,139,104,139,104,160,90,160,一
﻿90,160,104,160,104,180,90,180,月
﻿90,180,104,180,104,201,90,201,以
﻿90,201,104,201,104,221,90,221,後
﻿90,221,104,221,104,242,90,242,順
﻿90,242,104,242,104,262,90,262,宗
﻿90,262,104,262,104,283,90,283,光
﻿90,283,104,283,104,303,90,303,泰
﻿90,303,104,303,104,324,90,324,元
﻿90,324,104,324,104,345,90,345,年
﻿74,120,89,120,89,140,74,140,明
﻿74,140,89,140,89,160,74,160,洪
﻿74,160,89,160,89,181,74,181,武
﻿74,181,89,181,89,201,74,201,二
﻿74,201,89,201,89,222,74,222,十
﻿74,222,89,222,89,242,74,242,一
﻿74,242,89,242,89,263,74,263,年
﻿76,347,99,347,99,366,76,366,夏
﻿76,366,99,366,99,385,76,385,五
﻿76,385,99,385,99,405,76,405,月
﻿44,31,71,31,71,51,44,51,以
﻿44,51,71,51,71,72,44,72,陳
﻿44,72,71,72,71,93,44,93,杜
﻿44,93,71,93,71,114,44,114,為
﻿44,114,71,114,71,135,44,135,宫
﻿44,135,71,135,71,156,44,156,令
﻿44,156,71,156,71,177,44,177,杜
﻿44,177,71,177,71,198,44,198,乃
﻿44,198,71,198,71,219,44,219,上
﻿44,219,71,219,71,239,44,239,位
﻿44,239,71,239,71,260,44,260,侯
﻿44,260,71,260,71,281,44,281,鑁
﻿44,281,71,281,71,302,44,302,之
﻿44,302,71,302,71,323,44,323,子
﻿44,323,71,323,71,344,44,344,其
﻿44,344,71,344,71,365,44,365,母
﻿44,365,71,365,71,386,44,386,再
﻿44,386,71,386,71,407,44,407,嫁
﻿16,32,42,32,42,54,16,54,季
﻿16,54,42,54,42,76,16,76,犛
﻿16,76,42,76,42,98,16,98,故
﻿16,98,42,98,42,120,16,120,有
﻿16,120,42,120,42,142,16,142,是
﻿16,142,42,142,42,165,16,165,命
﻿16,165,42,165,42,187,16,187,後
﻿16,187,42,187,42,209,16,209,改
﻿16,209,42,209,42,231,16,231,姓
﻿16,231,42,231,42,253,16,253,胡
﻿16,253,42,253,42,275,16,275,六
﻿16,275,42,275,42,298,16,298,月
﻿16,298,42,298,42,320,16,320,以
﻿16,320,42,320,42,342,16,342,黎
﻿16,342,42,342,42,364,16,364,季
﻿16,364,42,364,42,386,16,386,犛
﻿16,386,42,386,42,409,16,409,為
