244,43,267,43,267,63,244,63,弗
﻿244,63,267,63,267,83,244,83,長
﻿244,83,267,83,267,104,244,104,筭
﻿244,104,267,104,267,124,244,124,數
﻿244,124,267,124,267,145,244,145,短
﻿244,145,267,145,267,165,244,165,促
﻿244,165,267,165,267,186,244,186,百
﻿244,186,267,186,267,206,244,206,姓
﻿244,206,267,206,267,227,244,227,耗
﻿244,227,267,227,267,247,244,247,損
﻿244,247,267,247,267,268,244,268,萬
﻿244,268,267,268,267,288,244,288,物
﻿244,288,267,288,267,309,244,309,失
﻿244,309,267,309,267,329,244,329,宜
﻿244,329,267,329,267,350,244,350,朕
﻿244,350,267,350,267,370,244,370,甚
﻿244,370,267,370,267,391,244,391,痛
﻿244,391,267,391,267,411,244,411,之
﻿244,411,267,411,267,432,244,432,不
﻿213,43,237,43,237,63,213,63,得
﻿213,63,237,63,237,84,213,84,不
﻿213,84,237,84,237,104,213,104,徙
﻿213,104,237,104,237,125,213,125,况
﻿213,125,237,125,237,146,213,146,髙
﻿213,146,237,146,237,166,213,166,王
﻿213,166,237,166,237,187,213,187,故
﻿213,187,237,187,237,208,213,208,都
﻿213,208,237,208,237,228,213,228,大
﻿213,228,237,228,237,249,213,249,羅
﻿213,249,237,249,237,269,213,269,城
﻿213,269,237,269,237,290,213,290,宅
﻿213,290,237,290,237,311,213,311,天
﻿213,311,237,311,237,331,213,331,地
﻿213,331,237,331,237,352,213,352,區
﻿213,352,237,352,237,373,213,373,域
﻿213,373,237,373,237,393,213,393,之
﻿213,393,237,393,237,414,213,414,中
﻿213,414,237,414,237,435,213,435,得
﻿185,43,207,43,207,63,185,63,龍
﻿185,63,207,63,207,84,185,84,蟠
﻿185,84,207,84,207,104,185,104,虎
﻿185,104,207,104,207,125,185,125,踞
﻿185,125,207,125,207,145,185,145,之
﻿185,145,207,145,207,166,185,166,勢
﻿185,166,207,166,207,186,185,186,正
﻿185,186,207,186,207,207,185,207,南
﻿185,207,207,207,207,227,185,227,北
﻿185,227,207,227,207,248,185,248,東
﻿185,248,207,248,207,268,185,268,西
﻿185,268,207,268,207,289,185,289,之
﻿185,289,207,289,207,309,185,309,位
﻿185,309,207,309,207,330,185,330,便
﻿185,330,207,330,207,350,185,350,江
﻿185,350,207,350,207,371,185,371,山
﻿185,371,207,371,207,391,185,391,向
﻿185,391,207,391,207,412,185,412,背
﻿185,412,207,412,207,433,185,433,之
﻿154,44,178,44,178,64,154,64,宜
﻿154,64,178,64,178,84,154,84,其
﻿154,84,178,84,178,105,154,105,地
﻿154,105,178,105,178,125,154,125,廣
﻿154,125,178,125,178,146,154,146,而
﻿154,146,178,146,178,166,154,166,坦
﻿154,166,178,166,178,187,154,187,平
﻿154,187,178,187,178,207,154,207,厥
﻿154,207,178,207,178,228,154,228,土
﻿154,228,178,228,178,248,154,248,髙
﻿154,248,178,248,178,269,154,269,而
﻿154,269,178,269,178,289,154,289,𡙁
﻿154,289,178,289,178,310,154,310,塏
﻿167,312,180,312,180,331,167,331,音
﻿167,331,180,331,180,350,167,350,愷
﻿167,350,180,350,180,370,167,370,燥
﻿155,315,166,315,166,331,155,331,也
﻿155,331,166,331,166,347,155,347,髙
﻿155,373,177,373,177,393,155,393,民
﻿155,393,177,393,177,413,155,413,居
﻿155,413,177,413,177,434,155,434,蔑
﻿126,44,152,44,152,64,126,64,昏
﻿126,64,152,64,152,84,126,84,墊
﻿126,84,152,84,152,105,126,105,之
﻿126,105,152,105,152,125,126,125,困
﻿126,125,152,125,152,146,126,146,萬
﻿126,146,152,146,152,166,126,166,物
﻿126,166,152,166,152,187,126,187,極
﻿126,187,152,187,152,207,126,207,蕃
﻿126,207,152,207,152,228,126,228,阜
﻿126,228,152,228,152,248,126,248,之
﻿126,248,152,248,152,269,126,269,豐
﻿126,269,152,269,152,289,126,289,遍
﻿126,289,152,289,152,310,126,310,覽
﻿126,310,152,310,152,330,126,330,越
﻿126,330,152,330,152,351,126,351,󰘊
﻿126,351,152,351,152,371,126,371,斯
﻿126,371,152,371,152,392,126,392,為
﻿126,392,152,392,152,412,126,412,勝
﻿126,412,152,412,152,433,126,433,地
﻿96,42,121,42,121,62,96,62,誠
﻿96,62,121,62,121,83,96,83,四
﻿96,83,121,83,121,103,96,103,方
﻿96,103,121,103,121,124,96,124,輻
﻿96,124,121,124,121,144,96,144,輳
﻿96,144,121,144,121,165,96,165,之
﻿96,165,121,165,121,186,96,186,要
﻿96,186,121,186,121,206,96,206,會
﻿96,206,121,206,121,227,96,227,為
﻿96,227,121,227,121,247,96,247,萬
﻿96,247,121,247,121,268,96,268,世
﻿96,268,121,268,121,288,96,288,京
﻿96,288,121,288,121,309,96,309,師
﻿96,309,121,309,121,330,96,330,之
﻿96,330,121,330,121,350,96,350,上
﻿96,350,121,350,121,371,96,371,都
﻿96,371,121,371,121,391,96,391,朕
﻿96,391,121,391,121,412,96,412,欲
﻿96,412,121,412,121,433,96,433,因
﻿68,43,92,43,92,63,68,63,此
﻿68,63,92,63,92,84,68,84,地
﻿68,84,92,84,92,104,68,104,利
﻿68,104,92,104,92,125,68,125,以
﻿68,125,92,125,92,146,68,146,定
﻿68,146,92,146,92,166,68,166,厥
﻿68,166,92,166,92,187,68,187,居
﻿68,187,92,187,92,208,68,208,卿
﻿68,208,92,208,92,228,68,228,等
﻿68,228,92,228,92,249,68,249,如
﻿68,249,92,249,92,269,68,269,何
﻿68,269,92,269,92,290,68,290,羣
﻿68,290,92,290,92,311,68,311,臣
﻿68,311,92,311,92,331,68,331,皆
﻿68,331,92,331,92,352,68,352,曰
﻿68,352,92,352,92,373,68,373,陛
﻿68,373,92,373,92,393,68,393,下
﻿68,393,92,393,92,414,68,414,為
﻿68,414,92,414,92,435,68,435,天
﻿39,44,62,44,62,64,39,64,下
﻿39,64,62,64,62,84,39,84,建
﻿39,84,62,84,62,105,39,105,長
﻿39,105,62,105,62,125,39,125,久
﻿39,125,62,125,62,146,39,146,之
﻿39,146,62,146,62,166,39,166,計
﻿39,166,62,166,62,187,39,187,上
﻿39,187,62,187,62,207,39,207,以
﻿39,207,62,207,62,228,39,228,隆
﻿39,228,62,228,62,248,39,248,帝
﻿39,248,62,248,62,269,39,269,業
﻿39,269,62,269,62,289,39,289,之
﻿39,289,62,289,62,310,39,310,丕
﻿39,310,62,310,62,330,39,330,洪
﻿39,330,62,330,62,351,39,351,下
﻿39,351,62,351,62,371,39,371,以
﻿39,371,62,371,62,392,39,392,措
﻿39,392,62,392,62,412,39,412,斯
﻿39,412,62,412,62,433,39,433,民
﻿9,44,33,44,33,65,9,65,扵
﻿9,65,33,65,33,87,9,87,當
﻿9,87,33,87,33,109,9,109,󰱃
﻿9,109,33,109,33,130,9,130,所
﻿9,130,33,130,33,152,9,152,利
﻿9,152,33,152,33,174,9,174,如
﻿9,174,33,174,33,195,9,195,此
﻿9,195,33,195,33,217,9,217,誰
﻿9,217,33,217,33,239,9,239,敢
﻿9,239,33,239,33,260,9,260,不
﻿9,260,33,260,33,282,9,282,從
﻿9,282,33,282,33,304,9,304,帝
﻿9,304,33,304,33,325,9,325,大
﻿9,325,33,325,33,347,9,347,悅
﻿9,347,33,347,33,369,9,369,秋
﻿9,369,33,369,33,390,9,390,七
﻿9,390,33,390,33,412,9,412,月
﻿9,412,33,412,33,434,9,434,帝
