264,41,289,41,289,63,264,63,及
﻿264,63,289,63,289,85,264,85,釋
﻿264,85,289,85,289,107,264,107,列
﻿264,107,289,107,289,129,264,129,囚
﻿264,129,289,129,289,151,264,151,復
﻿264,151,289,151,289,173,264,173,用
﻿264,173,289,173,289,195,264,195,蔡
﻿264,195,289,195,289,217,264,217,故
﻿264,217,289,217,289,239,264,239,也
﻿264,239,289,239,289,261,264,261,左
﻿264,261,289,261,289,283,264,283,遷
﻿264,283,289,283,289,305,264,305,審
﻿264,305,289,305,289,327,264,327,刑
﻿264,327,289,327,289,349,264,349,院
﻿264,349,289,349,289,371,264,371,同
﻿264,371,289,371,289,393,264,393,知
﻿264,393,289,393,289,415,264,415,潘
﻿232,38,259,38,259,60,232,60,仁
﻿232,60,259,60,259,82,232,82,為
﻿232,82,259,82,259,104,232,104,蒞
﻿232,104,259,104,259,126,232,126,仁
﻿232,126,259,126,259,148,232,148,路
﻿232,148,259,148,259,171,232,171,安
﻿232,171,259,171,259,193,232,193,撫
﻿232,193,259,193,259,215,232,215,副
﻿232,215,259,215,259,237,232,237,使
﻿232,237,259,237,259,259,232,259,出
﻿232,259,259,259,259,281,232,281,御
﻿232,281,259,281,259,304,232,304,史
﻿232,304,259,304,259,326,232,326,刘
﻿232,326,259,326,259,348,232,348,叔
﻿232,348,259,348,259,370,232,370,謙
﻿232,370,259,370,259,392,232,392,為
﻿232,392,259,392,259,415,232,415,安
﻿202,38,229,38,229,58,202,58,朗
﻿202,58,229,58,229,79,202,79,縣
﻿202,79,229,79,229,100,202,100,轉
﻿202,100,229,100,229,121,202,121,運
﻿202,121,229,121,229,142,202,142,副
﻿202,142,229,142,229,163,202,163,使
﻿202,163,229,163,229,184,202,184,阮
﻿202,184,229,184,229,205,202,205,居
﻿202,205,229,205,229,226,202,226,道
﻿202,226,229,226,229,246,202,246,為
﻿202,246,229,246,229,267,202,267,國
﻿202,267,229,267,229,288,202,288,子
﻿202,288,229,288,229,309,202,309,監
﻿202,309,229,309,229,330,202,330,直
﻿202,330,229,330,229,351,202,351,講
﻿202,351,229,351,229,372,202,372,以
﻿202,372,229,372,229,393,202,393,其
﻿202,393,229,393,229,414,202,414,論
﻿170,38,198,38,198,60,170,60,允
﻿170,60,198,60,198,82,170,82,恭
﻿170,82,198,82,198,104,170,104,弘
﻿170,104,198,104,198,126,170,126,毅
﻿170,126,198,126,198,148,170,148,故
﻿170,148,198,148,198,170,170,170,也
﻿170,170,198,170,198,192,170,192,以
﻿170,192,198,192,198,214,170,214,東
﻿170,214,198,214,198,237,170,237,道
﻿170,237,198,237,198,259,170,259,東
﻿170,259,198,259,198,281,170,281,知
﻿170,281,198,281,198,303,170,303,簿
﻿170,303,198,303,198,325,170,325,籍
﻿170,325,198,325,198,347,170,347,阮
﻿170,347,198,347,198,369,170,369,叔
﻿170,369,198,369,198,391,170,391,惠
﻿170,391,198,391,198,414,170,414,為
﻿141,36,165,36,165,56,141,56,門
﻿141,56,165,56,165,77,141,77,下
﻿141,77,165,77,165,98,141,98,右
﻿141,98,165,98,165,119,141,119,納
﻿141,119,165,119,165,140,141,140,言
﻿141,140,165,140,165,161,141,161,太
﻿141,161,165,161,165,182,141,182,史
﻿141,182,165,182,165,203,141,203,令
﻿141,203,165,203,165,224,141,224,裴
﻿141,224,165,224,165,245,141,245,時
﻿141,245,165,245,165,266,141,266,亨
﻿141,266,165,266,165,287,141,287,為
﻿141,287,165,287,165,308,141,308,參
﻿141,308,165,308,165,329,141,329,議
﻿141,329,165,329,165,350,141,350,政
﻿141,350,165,350,165,371,141,371,事
﻿141,371,165,371,165,392,141,392,諫
﻿141,392,165,392,165,413,141,413,官
﻿108,37,134,37,134,57,108,57,同
﻿108,57,134,57,134,78,108,78,亨
﻿108,78,134,78,134,99,108,99,𭛁
﻿108,99,134,99,134,120,108,120,劾
﻿108,120,134,120,134,141,108,141,叔
﻿108,141,134,141,134,162,108,162,惠
﻿108,162,134,162,134,183,108,183,曰
﻿108,183,134,183,134,204,108,204,本
﻿108,204,134,204,134,225,108,225,朝
﻿108,225,134,225,134,245,108,245,重
﻿108,245,134,245,134,266,108,266,任
﻿108,266,134,266,134,287,108,287,惟
﻿108,287,134,287,134,308,108,308,在
﻿108,308,134,308,134,329,108,329,宰
﻿108,329,134,329,134,350,108,350,相
﻿108,350,134,350,134,371,108,371,與
﻿108,371,134,371,134,392,108,392,行
﻿108,392,134,392,134,413,108,413,遣
﻿78,37,102,37,102,57,78,57,耳
﻿78,57,102,57,102,78,78,78,今
﻿78,78,102,78,102,99,78,99,叔
﻿78,99,102,99,102,120,78,120,惠
﻿78,120,102,120,102,141,78,141,起
﻿78,141,102,141,102,162,78,162,身
﻿78,162,102,162,102,183,78,183,自
﻿78,183,102,183,102,204,78,204,小
﻿78,204,102,204,102,225,78,225,吏
﻿78,225,102,225,102,246,78,246,以
﻿78,246,102,246,102,267,78,267,苛
﻿78,267,102,267,102,288,78,288,刻
﻿78,288,102,288,102,309,78,309,之
﻿78,309,102,309,102,330,78,330,政
﻿78,330,102,330,102,351,78,351,曾
﻿78,351,102,351,102,372,78,372,為
﻿78,372,102,372,102,393,78,393,北
﻿78,393,102,393,102,414,78,414,道
﻿48,33,72,33,72,53,48,53,參
﻿48,53,72,53,72,74,48,74,知
﻿48,74,72,74,72,95,48,95,則
﻿48,95,72,95,72,116,48,116,北
﻿48,116,72,116,72,137,48,137,道
﻿48,137,72,137,72,158,48,158,之
﻿48,158,72,158,72,179,48,179,民
﻿48,179,72,179,72,200,48,200,二
﻿48,200,72,200,72,221,48,221,仁
﻿48,221,72,221,72,242,48,242,一
﻿48,242,72,242,72,263,48,263,袴
﻿48,263,72,263,72,284,48,284,至
﻿48,284,72,284,72,305,48,305,於
﻿48,305,72,305,72,326,48,326,奉
﻿48,326,72,326,72,347,48,347,使
﻿48,347,72,347,72,368,48,368,外
﻿48,368,72,368,72,389,48,389,國
﻿48,389,72,389,72,410,48,410,以
﻿17,31,43,31,43,52,17,52,詭
﻿17,52,43,52,43,73,17,73,計
﻿17,73,43,73,43,94,17,94,圖
﻿17,94,43,94,43,116,17,116,免
﻿17,116,43,116,43,137,17,137,外
﻿17,137,43,137,43,158,17,158,國
﻿17,158,43,158,43,179,17,179,呼
﻿17,179,43,179,43,201,17,201,為
﻿17,201,43,201,43,222,17,222,鬼
﻿17,222,43,222,43,243,17,243,頭
﻿17,243,43,243,43,265,17,265,辱
﻿17,265,43,265,43,286,17,286,國
﻿17,286,43,286,43,307,17,307,如
﻿17,307,43,307,43,328,17,328,此
﻿17,328,43,328,43,350,17,350,浮
﻿17,350,43,350,43,371,17,371,焉
﻿17,371,43,371,43,392,17,392,用
﻿17,392,43,392,43,414,17,414,為
