267,33,290,33,290,54,267,54,取
﻿267,54,290,54,290,75,267,75,附
﻿267,75,290,75,290,96,267,96,近
﻿267,96,290,96,290,117,267,117,地
﻿267,117,290,117,290,138,267,138,方
﻿267,138,290,138,290,159,267,159,京
﻿267,159,290,159,290,180,267,180,人
﻿267,180,290,180,290,201,267,201,有
﻿267,201,290,201,290,222,267,222,戰
﻿267,222,290,222,290,243,267,243,功
﻿267,243,290,243,290,264,267,264,得
﻿267,264,290,264,290,285,267,285,馘
﻿267,285,290,285,290,306,267,306,例
﻿267,306,290,306,290,327,267,327,應
﻿267,327,290,327,290,348,267,348,除
﻿267,348,290,348,290,369,267,369,用
﻿267,369,290,369,290,390,267,390,而
﻿267,390,290,390,290,411,267,411,服
﻿240,33,265,33,265,53,240,53,水
﻿240,53,265,53,265,74,240,74,土
﻿240,74,265,74,265,95,240,95,者
﻿240,95,265,95,265,116,240,116,銓
﻿240,116,265,116,265,137,240,137,除
﻿205,34,232,34,232,55,205,55,二
﻿205,55,232,55,232,76,205,76,十
﻿205,76,232,76,232,97,205,97,日
﻿205,97,232,97,232,118,205,118,色
﻿205,118,232,118,232,139,205,139,旨
﻿205,139,232,139,232,160,205,160,󰱥
﻿205,160,232,160,232,181,205,181,今
﻿205,181,232,181,232,202,205,202,六
﻿205,202,232,202,232,223,205,223,科
﻿205,223,232,223,232,244,205,244,給
﻿205,244,232,244,232,265,205,265,事
﻿205,265,232,265,232,286,205,286,中
﻿205,286,232,286,232,307,205,307,監
﻿205,307,232,307,232,328,205,328,察
﻿205,328,232,328,232,349,205,349,御
﻿205,349,232,349,232,370,205,370,史
﻿205,370,232,370,232,391,205,391,鈌
﻿205,391,232,391,232,412,205,412,貟
﻿175,32,200,32,200,53,175,53,吏
﻿175,53,200,53,200,74,175,74,部
﻿175,74,200,74,200,95,175,95,擇
﻿175,95,200,95,200,116,175,116,内
﻿175,116,200,116,200,137,175,137,外
﻿175,137,200,137,200,158,175,158,由
﻿175,158,200,158,200,179,175,179,進
﻿175,179,200,179,200,200,175,200,士
﻿175,200,200,200,200,221,175,221,出
﻿175,221,200,221,200,242,175,242,身
﻿175,242,200,242,200,263,175,263,廉
﻿175,263,200,263,200,284,175,284,勤
﻿175,284,200,284,200,305,175,305,剛
﻿175,305,200,305,200,326,175,326,直
﻿175,326,200,326,200,347,175,347,有
﻿175,347,200,347,200,368,175,368,政
﻿175,368,200,368,200,389,175,389,績
﻿175,389,200,389,200,410,175,410,者
﻿143,32,168,32,168,53,143,53,擬
﻿143,53,168,53,168,74,143,74,銓
﻿143,74,168,74,168,95,143,95,職
﻿143,95,168,95,168,116,143,116,任
﻿143,116,168,116,168,137,143,137,一
﻿143,137,168,137,168,158,143,158,年
﻿143,158,168,158,168,179,143,179,之
﻿143,179,168,179,168,200,143,200,後
﻿143,200,168,200,168,221,143,221,六
﻿143,221,168,221,168,242,143,242,科
﻿143,242,168,242,168,263,143,263,給
﻿143,263,168,263,168,284,143,284,事
﻿143,284,168,284,168,305,143,305,中
﻿143,305,168,305,168,326,143,326,公
﻿143,326,168,326,168,347,143,347,同
﻿143,347,168,347,168,368,143,368,考
﻿143,368,168,368,168,389,143,389,覈
﻿143,389,168,389,168,410,143,410,所
﻿109,31,136,31,136,52,109,52,行
﻿109,52,136,52,136,73,109,73,事
﻿109,73,136,73,136,94,109,94,具
﻿109,94,136,94,136,115,109,115,奏
﻿109,115,136,115,136,136,109,136,取
﻿109,136,136,136,136,157,109,157,旨
﻿109,157,136,157,136,178,109,178,堪
﻿109,178,136,178,136,199,109,199,用
﻿109,199,136,199,136,221,109,221,者
﻿109,221,136,221,136,242,109,242,留
﻿109,242,136,242,136,263,109,263,任
﻿109,263,136,263,136,284,109,284,不
﻿109,284,136,284,136,305,109,305,堪
﻿109,305,136,305,136,326,109,326,用
﻿109,326,136,326,136,347,109,347,者
﻿109,347,136,347,136,368,109,368,改
﻿109,368,136,368,136,389,109,389,除
﻿109,389,136,389,136,411,109,411,别
﻿79,28,104,28,104,49,79,49,職
﻿79,49,104,49,104,70,79,70,六
﻿79,70,104,70,104,91,79,91,科
﻿79,91,104,91,104,113,79,113,給
﻿79,113,104,113,104,134,79,134,事
﻿79,134,104,134,104,155,79,155,中
﻿79,155,104,155,104,176,79,176,不
﻿79,176,104,176,104,198,79,198,公
﻿79,198,104,198,104,219,79,219,許
﻿79,219,104,219,104,240,79,240,都
﻿79,240,104,240,104,262,79,262,御
﻿79,262,104,262,104,283,79,283,史
﻿79,283,104,283,104,304,79,304,考
﻿79,304,104,304,104,325,79,325,覈
﻿79,325,104,325,104,347,79,347,所
﻿79,347,104,347,104,368,79,368,行
﻿79,368,104,368,104,389,79,389,事
﻿79,389,104,389,104,411,79,411,具
﻿47,29,73,29,73,50,47,50,奏
﻿47,50,73,50,73,71,47,71,取
﻿47,71,73,71,73,92,47,92,旨
﻿47,92,73,92,73,113,47,113,堪
﻿47,113,73,113,73,135,47,135,用
﻿47,135,73,135,73,156,47,156,者
﻿47,156,73,156,73,177,47,177,留
﻿47,177,73,177,73,198,47,198,任
﻿47,198,73,198,73,220,47,220,不
﻿47,220,73,220,73,241,47,241,堪
﻿47,241,73,241,73,262,47,262,用
﻿47,262,73,262,73,283,47,283,改
﻿47,283,73,283,73,304,47,304,除
﻿47,304,73,304,73,326,47,326,别
﻿47,326,73,326,73,347,47,347,聀
﻿47,347,73,347,73,368,47,368,都
﻿47,368,73,368,73,389,47,389,御
﻿47,389,73,389,73,411,47,411,史
﻿16,30,40,30,40,51,16,51,󰱑
﻿16,51,40,51,40,72,16,72,考
﻿16,72,40,72,40,93,16,93,覈
﻿16,93,40,93,40,114,16,114,不
﻿16,114,40,114,40,135,16,135,公
﻿16,135,40,135,40,156,16,156,六
﻿16,156,40,156,40,177,16,177,科
﻿16,177,40,177,40,198,16,198,官
﻿16,198,40,198,40,219,16,219,具
﻿16,219,40,219,40,240,16,240,實
﻿16,240,40,240,40,261,16,261,紏
﻿16,261,40,261,40,282,16,282,弹
﻿16,282,40,282,40,303,16,303,若
﻿16,303,40,303,40,324,16,324,吏
﻿16,324,40,324,40,345,16,345,部
﻿16,345,40,345,40,366,16,366,銓
﻿16,366,40,366,40,387,16,387,󰱇
﻿16,387,40,387,40,408,16,408,非
