253,29,279,29,279,49,253,49,形
﻿253,49,279,49,279,70,253,70,於
﻿253,70,279,70,279,90,253,90,檄
﻿253,90,279,90,279,111,253,111,文
﻿253,111,279,111,279,131,253,131,范
﻿253,131,279,131,279,152,253,152,殿
﻿253,152,279,152,279,172,253,172,帥
﻿253,172,279,172,279,193,253,193,之
﻿253,193,279,193,279,213,253,213,學
﻿253,213,279,213,279,234,253,234,見
﻿253,234,279,234,279,254,253,254,於
﻿253,254,279,254,279,275,253,275,詩
﻿253,275,279,275,279,295,253,295,句
﻿253,295,279,295,279,316,253,316,非
﻿253,316,279,316,279,336,253,336,特
﻿253,336,279,336,279,357,253,357,專
﻿253,357,279,357,279,377,253,377,於
﻿253,377,279,377,279,398,253,398,武
﻿224,29,248,29,248,49,224,49,而
﻿224,49,248,49,248,70,224,70,用
﻿224,70,248,70,248,90,224,90,兵
﻿224,90,248,90,248,111,224,111,之
﻿224,111,248,111,248,131,224,131,精
﻿224,131,248,131,248,152,224,152,戰
﻿224,152,248,152,248,172,224,172,勝
﻿224,172,248,172,248,193,224,193,攻
﻿224,193,248,193,248,214,224,214,取
﻿224,214,248,214,248,234,224,234,古
﻿224,234,248,234,248,255,224,255,人
﻿224,255,248,255,248,275,224,275,無
﻿224,275,248,275,248,296,224,296,出
﻿224,296,248,296,248,316,224,316,其
﻿224,316,248,316,248,337,224,337,右
﻿224,337,248,337,248,357,224,357,黎
﻿224,357,248,357,248,378,224,378,輔
﻿224,378,248,378,248,399,224,399,陳
﻿192,27,216,27,216,47,192,47,之
﻿192,47,216,47,216,68,192,68,勇
﻿192,68,216,68,216,89,192,89,冠
﻿192,89,216,89,216,109,192,109,三
﻿192,109,216,109,216,130,192,130,軍
﻿192,130,216,130,216,151,192,151,單
﻿192,151,216,151,216,171,192,171,騎
﻿192,171,216,171,216,192,192,192,出
﻿192,192,216,192,216,213,192,213,入
﻿192,213,216,213,216,233,192,233,虜
﻿192,233,216,233,216,254,192,254,陣
﻿192,254,216,254,216,275,192,275,臨
﻿192,275,216,275,216,295,192,295,機
﻿192,295,216,295,216,316,192,316,制
﻿192,316,216,316,216,337,192,337,變
﻿192,337,216,337,216,357,192,357,扞
﻿192,357,216,357,216,378,192,378,主
﻿192,378,216,378,216,399,192,399,于
﻿161,28,188,28,188,48,161,48,難
﻿161,48,188,48,188,69,161,69,而
﻿161,69,188,69,188,90,161,90,其
﻿161,90,188,90,188,110,161,110,文
﻿161,110,188,110,188,131,161,131,學
﻿161,131,188,131,188,152,161,152,足
﻿161,152,188,152,188,172,161,172,以
﻿161,172,188,172,188,193,161,193,教
﻿161,193,188,193,188,214,161,214,導
﻿161,214,188,214,188,234,161,234,儲
﻿161,234,188,234,188,255,161,255,宫
﻿161,255,188,255,188,276,161,276,則
﻿161,276,188,276,188,296,161,296,陳
﻿161,296,188,296,188,317,161,317,氏
﻿161,317,188,317,188,338,161,338,之
﻿161,338,188,338,188,358,161,358,用
﻿161,358,188,358,188,379,161,379,人
﻿161,379,188,379,188,400,161,400,固
﻿132,28,156,28,156,48,132,48,隨
﻿132,48,156,48,156,69,132,69,其
﻿132,69,156,69,156,89,132,89,才
﻿132,89,156,89,156,110,132,110,而
﻿132,110,156,110,156,131,132,131,委
﻿132,131,156,131,156,151,132,151,任
﻿132,151,156,151,156,172,132,172,耳
﻿132,172,156,172,156,193,132,193,至
﻿132,193,156,193,156,213,132,213,於
﻿132,213,156,213,156,234,132,234,天
﻿132,234,156,234,156,255,132,255,属
﻿143,259,157,259,157,278,143,278,天
﻿143,278,157,278,157,298,143,298,属
﻿143,298,157,298,157,318,143,318,即
﻿130,260,142,260,142,279,130,279,天
﻿130,279,142,279,142,298,130,298,武
﻿130,298,142,298,142,318,130,318,軍
﻿132,321,157,321,157,341,132,341,則
﻿132,341,157,341,157,361,132,361,禁
﻿132,361,157,361,157,381,132,381,不
﻿132,381,157,381,157,401,132,401,與
﻿100,31,124,31,124,51,100,51,入
﻿100,51,124,51,124,72,100,72,學
﻿100,72,124,72,124,93,100,93,倘
﻿100,93,124,93,124,114,100,114,文
﻿100,114,124,114,124,134,100,134,武
﻿100,134,124,134,124,155,100,155,全
﻿100,155,124,155,124,176,100,176,才
﻿100,176,124,176,124,197,100,197,生
﻿100,197,124,197,124,217,100,217,於
﻿100,217,124,217,124,238,100,238,其
﻿100,238,124,238,124,259,100,259,間
﻿100,259,124,259,124,280,100,280,不
﻿100,280,124,280,124,300,100,300,為
﻿100,300,124,300,124,321,100,321,拘
﻿100,321,124,321,124,342,100,342,滯
﻿100,342,124,342,124,363,100,363,耶
﻿71,10,96,10,96,32,71,32,十
﻿71,32,96,32,96,54,71,54,二
﻿71,54,96,54,96,76,71,76,月
﻿71,76,96,76,96,99,71,99,十
﻿71,99,96,99,96,121,71,121,二
﻿71,121,96,121,96,143,71,143,日
﻿71,143,96,143,96,166,71,166,上
﻿71,166,96,166,96,188,71,188,皇
﻿71,188,96,188,96,210,71,210,塟
﻿71,210,96,210,96,233,71,233,安
﻿71,233,96,233,96,255,71,255,生
﻿71,255,96,255,96,277,71,277,泰
﻿71,277,96,277,96,300,71,300,陵
﻿82,303,98,303,98,322,82,322,在
﻿82,322,98,322,98,341,82,341,安
﻿82,341,98,341,98,360,82,360,生
﻿82,360,98,360,98,379,82,379,山
﻿82,379,98,379,98,399,82,399,穆
﻿70,302,81,302,81,321,70,321,阜
﻿70,321,81,321,81,341,70,341,二
﻿70,341,81,341,81,360,70,360,陵
﻿70,360,81,360,81,380,70,380,同
﻿41,12,65,12,65,32,41,32,廟
﻿41,32,65,32,65,53,41,53,號
﻿41,53,65,53,65,74,41,74,英
﻿41,74,65,74,65,95,41,95,宗
﻿41,95,65,95,65,116,41,116,謚
﻿41,116,65,116,65,136,41,136,曰
﻿41,136,65,136,65,157,41,157,顯
﻿41,157,65,157,65,178,41,178,文
﻿41,178,65,178,65,199,41,199,睿
﻿41,199,65,199,65,220,41,220,武
﻿41,220,65,220,65,240,41,240,欽
﻿41,240,65,240,65,261,41,261,明
﻿41,261,65,261,65,282,41,282,仁
﻿41,282,65,282,65,303,41,303,孝
﻿41,303,65,303,65,324,41,324,皇
﻿41,324,65,324,65,345,41,345,帝
﻿12,28,35,28,35,48,12,48,史
﻿12,48,35,48,35,69,12,69,臣
﻿12,69,35,69,35,90,12,90,吳
﻿12,90,35,90,35,111,12,111,士
﻿12,111,35,111,35,132,12,132,連
﻿12,132,35,132,35,153,12,153,曰
﻿12,153,35,153,35,173,12,173,天
﻿12,173,35,173,35,194,12,194,下
﻿12,194,35,194,35,215,12,215,之
﻿12,215,35,215,35,236,12,236,本
﻿12,236,35,236,35,257,12,257,在
﻿12,257,35,257,35,278,12,278,國
﻿12,278,35,278,35,298,12,298,國
﻿12,298,35,298,35,319,12,319,之
﻿12,319,35,319,35,340,12,340,本
﻿12,340,35,340,35,361,12,361,在
﻿12,361,35,361,35,382,12,382,家
﻿12,382,35,382,35,403,12,403,家
