264,64,284,64,284,84,264,84,武
﻿264,84,284,84,284,105,264,105,冠
﻿264,105,284,105,284,126,264,126,服
﻿264,126,284,126,284,147,264,147,一
﻿264,147,284,147,284,168,264,168,品
﻿264,168,284,168,284,189,264,189,紫
﻿264,189,284,189,284,210,264,210,色
﻿264,210,284,210,284,231,264,231,二
﻿264,231,284,231,284,252,264,252,品
﻿264,252,284,252,284,273,264,273,大
﻿264,273,284,273,284,294,264,294,紅
﻿264,294,284,294,284,315,264,315,三
﻿264,315,284,315,284,336,264,336,品
﻿264,336,284,336,284,357,264,357,桃
﻿264,357,284,357,284,378,264,378,紅
﻿264,378,284,378,284,399,264,399,四
﻿264,399,284,399,284,420,264,420,品
﻿264,420,284,420,284,441,264,441,綠
﻿235,64,259,64,259,84,235,84,五
﻿235,84,259,84,259,105,235,105,六
﻿235,105,259,105,259,126,235,126,七
﻿235,126,259,126,259,147,235,147,品
﻿235,147,259,147,259,168,235,168,碧
﻿235,168,259,168,259,189,235,189,八
﻿235,189,259,189,259,210,235,210,九
﻿235,210,259,210,259,231,235,231,品
﻿235,231,259,231,259,252,235,252,青
﻿235,252,259,252,259,273,235,273,惟
﻿235,273,259,273,259,294,235,294,内
﻿235,294,259,294,259,315,235,315,侍
﻿235,315,259,315,259,336,235,336,開
﻿235,336,259,336,259,357,235,357,裙
﻿235,357,259,357,259,378,235,378,皆
﻿235,378,259,378,259,399,235,399,不
﻿235,399,259,399,259,420,235,420,用
﻿235,420,259,420,259,441,235,441,裳
﻿203,61,228,61,228,82,203,82,無
﻿203,82,228,82,228,103,203,103,品
﻿203,103,228,103,228,124,203,124,及
﻿203,124,228,124,228,145,203,145,宏
﻿203,145,228,145,228,166,203,166,奴
﻿203,166,228,166,228,187,203,187,白
﻿203,187,228,187,228,208,203,208,色
﻿203,208,228,208,228,229,203,229,文
﻿203,229,228,229,228,251,203,251,從
﻿203,251,228,251,228,272,203,272,官
﻿203,272,228,272,228,293,203,293,職
﻿203,293,228,293,228,314,203,314,爵
﻿203,314,228,314,228,335,203,335,六
﻿203,335,228,335,228,356,203,356,品
﻿203,356,228,356,228,377,203,377,以
﻿203,377,228,377,228,398,203,398,上
﻿203,398,228,398,228,419,203,419,用
﻿203,419,228,419,228,441,203,441,髙
﻿173,61,199,61,199,82,173,82,山
﻿173,82,199,82,199,103,173,103,巾
﻿173,103,199,103,199,124,173,124,正
﻿173,124,199,124,199,145,173,145,六
﻿173,145,199,145,199,166,173,166,品
﻿173,166,199,166,199,187,173,187,得
﻿173,187,199,187,199,208,173,208,束
﻿173,208,199,208,199,229,173,229,󰅾
﻿173,229,199,229,199,251,173,251,著
﻿173,251,199,251,199,272,173,272,烏
﻿173,272,199,272,199,293,173,293,巾
﻿173,293,199,293,199,314,173,314,正
﻿173,314,199,314,199,335,173,335,皂
﻿173,335,199,335,199,356,173,356,色
﻿173,356,199,356,199,377,173,377,從
﻿173,377,199,377,199,398,173,398,青
﻿173,398,199,398,199,419,173,419,色
﻿173,419,199,419,199,441,173,441,宗
﻿142,62,169,62,169,83,142,83,七
﻿142,83,169,83,169,104,142,104,皂
﻿142,104,169,104,169,125,142,125,方
﻿142,125,169,125,169,146,142,146,勝
﻿142,146,169,146,169,167,142,167,武
﻿142,167,169,167,169,188,142,188,爵
﻿142,188,169,188,169,209,142,209,六
﻿142,209,169,209,169,230,142,230,品
﻿142,230,169,230,169,251,142,251,用
﻿142,251,169,251,169,272,142,272,折
﻿142,272,169,272,169,293,142,293,衝
﻿142,293,169,293,169,314,142,314,巾
﻿142,314,169,314,169,335,142,335,爵
﻿142,335,169,335,169,356,142,356,髙
﻿142,356,169,356,169,377,142,377,無
﻿142,377,169,377,169,398,142,398,職
﻿142,398,169,398,169,419,142,419,得
﻿142,419,169,419,169,441,142,441,朿
﻿109,63,139,63,139,83,109,83,󰅾
﻿109,83,139,83,139,104,109,104,戴
﻿109,104,139,104,139,125,109,125,角
﻿109,125,139,125,139,146,109,146,頂
﻿109,146,139,146,139,167,109,167,巾
﻿109,167,139,167,139,188,109,188,七
﻿109,188,139,188,139,209,109,209,品
﻿109,209,139,209,139,230,109,230,以
﻿109,230,139,230,139,251,109,251,下
﻿109,251,139,251,139,272,109,272,用
﻿109,272,139,272,139,293,109,293,太
﻿109,293,139,293,139,314,109,314,古
﻿109,314,139,314,139,335,109,335,巾
﻿109,335,139,335,139,356,109,356,從
﻿109,356,139,356,139,377,109,377,七
﻿109,377,139,377,139,398,109,398,品
﻿109,398,139,398,139,419,109,419,攅
﻿109,419,139,419,139,440,109,440,花
﻿79,62,107,62,107,83,79,83,巾
﻿79,83,107,83,107,104,79,104,王
﻿79,104,107,104,107,125,79,125,侯
﻿79,125,107,125,107,146,79,146,戴
﻿79,146,107,146,107,167,79,167,遠
﻿79,167,107,167,107,188,79,188,逰
﻿79,188,107,188,107,209,79,209,巾
﻿79,209,107,209,107,230,79,230,御
﻿79,230,107,230,107,251,79,251,史
﻿79,251,107,251,107,272,79,272,󰱑
﻿79,272,107,272,107,293,79,293,却
﻿79,293,107,293,107,314,79,314,非
﻿79,314,107,314,107,335,79,335,巾
﻿79,335,107,335,107,356,79,356,鈔
﻿79,356,107,356,107,377,79,377,法
﻿79,377,107,377,107,398,79,398,冠
﻿79,398,107,398,107,419,79,419,服
﻿79,419,107,419,107,441,79,441,等
﻿48,60,77,60,77,82,48,82,制
﻿48,82,77,82,77,105,48,105,皆
﻿48,105,77,105,77,127,48,127,從
﻿48,127,77,127,77,150,48,150,少
﻿48,150,77,150,77,172,48,172,保
﻿48,172,77,172,77,195,48,195,王
﻿48,195,77,195,77,218,48,218,汝
﻿48,218,77,218,77,240,48,240,舟
﻿48,240,77,240,77,263,48,263,之
﻿48,263,77,263,77,285,48,285,言
﻿48,285,77,285,77,308,48,308,也
﻿48,308,77,308,77,331,48,331,秋
﻿48,331,77,331,77,353,48,353,八
﻿48,353,77,353,77,376,48,376,月
﻿48,376,77,376,77,398,48,398,命
﻿48,398,77,398,77,421,48,421,龍
﻿48,421,77,421,77,444,48,444,捷
﻿17,64,47,64,47,85,17,85,軍
﻿17,85,47,85,47,106,17,106,将
﻿17,106,47,106,47,127,17,127,陳
﻿17,127,47,127,47,148,17,148,松
﻿17,148,47,148,47,169,17,169,伐
﻿17,169,47,169,47,190,17,190,占
﻿17,190,47,190,47,211,17,211,城
﻿17,211,47,211,47,232,17,232,擒
﻿17,232,47,232,47,254,17,254,其
﻿17,254,47,254,47,275,17,275,将
﻿17,275,47,275,47,296,17,296,布
﻿17,296,47,296,47,317,17,317,冬
﻿17,317,47,317,47,338,17,338,而
﻿17,338,47,338,47,359,17,359,還
﻿17,359,47,359,47,380,17,380,賜
﻿17,380,47,380,47,401,17,401,姓
﻿17,401,47,401,47,422,17,422,名
﻿17,422,47,422,47,444,17,444,金
