245,48,270,48,270,68,245,68,王
﻿245,68,270,68,270,88,245,88,曰
﻿245,88,270,88,270,108,245,108,漢
﻿245,108,270,108,270,129,245,129,兵
﻿245,129,270,129,270,149,245,149,誅
﻿245,149,270,149,270,169,245,169,郢
﻿245,169,270,169,270,189,245,189,欲
﻿245,189,270,189,270,210,245,210,以
﻿245,210,270,210,270,230,245,230,警
﻿245,230,270,230,270,250,245,250,動
﻿245,250,270,250,270,270,245,270,我
﻿245,270,270,270,270,291,245,291,越
﻿245,291,270,291,270,311,245,311,且
﻿245,311,270,311,270,331,245,331,先
﻿245,331,270,331,270,351,245,351,帝
﻿245,351,270,351,270,372,245,372,有
﻿245,372,270,372,270,392,245,392,言
﻿245,392,270,392,270,412,245,412,事
﻿245,412,270,412,270,433,245,433,漢
﻿214,46,238,46,238,66,214,66,期
﻿214,66,238,66,238,86,214,86,無
﻿214,86,238,86,238,106,214,106,失
﻿214,106,238,106,238,127,214,127,禮
﻿214,127,238,127,238,147,214,147,要
﻿214,147,238,147,238,167,214,167,之
﻿214,167,238,167,238,187,214,187,不
﻿214,187,238,187,238,208,214,208,可
﻿214,208,238,208,238,228,214,228,以
﻿214,228,238,228,238,248,214,248,設
﻿214,248,238,248,238,268,214,268,好
﻿214,268,238,268,238,289,214,289,語
﻿214,289,238,289,238,309,214,309,入
﻿214,309,238,309,238,329,214,329,見
﻿214,329,238,329,238,349,214,349,不
﻿214,349,238,349,238,370,214,370,得
﻿214,370,238,370,238,390,214,390,復
﻿214,390,238,390,238,410,214,410,亡
﻿214,410,238,410,238,431,214,431,國
﻿186,46,209,46,209,66,186,66,之
﻿186,66,209,66,209,86,186,86,勢
﻿186,86,209,86,209,106,186,106,也
﻿186,106,209,106,209,126,186,126,王
﻿186,126,209,126,209,147,186,147,乃
﻿186,147,209,147,209,167,186,167,稱
﻿186,167,209,167,209,187,186,187,疾
﻿186,187,209,187,209,207,186,207,竟
﻿186,207,209,207,209,227,186,227,不
﻿186,227,209,227,209,248,186,248,入
﻿186,248,209,248,209,268,186,268,見
﻿186,268,209,268,209,288,186,288,釋
﻿186,288,209,288,209,308,186,308,義
﻿186,308,209,308,209,329,186,329,歐
﻿195,333,211,333,211,352,195,352,泄
﻿195,352,211,352,211,372,195,372,歐
﻿195,372,211,372,211,392,195,392,𭁈
﻿195,392,211,392,211,412,195,412,嘔
﻿195,412,211,412,211,432,195,432,同
﻿181,333,194,333,194,352,181,352,泄
﻿181,352,194,352,194,371,181,371,弋
﻿181,371,194,371,194,390,181,390,制
﻿181,390,194,390,194,409,181,409,反
﻿181,409,194,409,194,429,181,429,亦
﻿166,47,179,47,179,67,166,67,吐
﻿166,67,179,67,179,87,166,87,也
﻿166,87,179,87,179,107,166,107,臨
﻿166,107,179,107,179,128,166,128,存
﻿166,128,179,128,179,148,166,148,以
﻿166,148,179,148,179,168,166,168,尊
﻿166,168,179,168,179,189,166,189,適
﻿166,189,179,189,179,209,166,209,甲
﻿166,209,179,209,179,229,166,229,曰
﻿166,229,179,229,179,250,166,250,臨
﻿166,250,179,250,179,270,166,270,恤
﻿166,270,179,270,179,290,166,290,問
﻿166,290,179,290,179,311,166,311,曰
﻿166,311,179,311,179,331,166,331,存
﻿166,331,179,331,179,351,166,351,不
﻿166,351,179,351,179,372,166,372,頓
﻿166,372,179,372,179,392,166,392,一
﻿166,392,179,392,179,412,166,412,㦸
﻿166,412,179,412,179,432,166,432,頓
﻿151,47,165,47,165,67,151,67,𭁈
﻿151,67,165,67,165,87,151,87,鈍
﻿151,87,165,87,165,107,151,107,通
﻿151,107,165,107,165,128,151,128,罷
﻿151,128,165,128,165,148,151,148,勌
﻿151,148,165,148,165,168,151,168,勌
﻿151,168,165,168,165,189,151,189,𭁈
﻿151,189,165,189,165,209,151,209,倦
﻿151,209,165,209,165,229,151,229,同
﻿151,229,165,229,165,250,151,250,厮
﻿151,250,165,250,165,270,151,270,輿
﻿151,270,165,270,165,290,151,290,厮
﻿151,290,165,290,165,311,151,311,折
﻿151,311,165,311,165,331,151,331,薪
﻿151,331,165,331,165,351,151,351,者
﻿151,351,165,351,165,372,151,372,輿
﻿151,372,165,372,165,392,151,392,主
﻿151,392,165,392,165,412,151,412,駕
﻿151,412,165,412,165,432,151,432,者
﻿137,46,150,46,150,66,137,66,皆
﻿137,66,150,66,150,86,137,86,賎
﻿137,86,150,86,150,106,137,106,役
﻿137,106,150,106,150,126,137,126,之
﻿137,126,150,126,150,146,137,146,人
﻿137,146,150,146,150,166,137,166,一
﻿137,166,150,166,150,186,137,186,日
﻿137,186,150,186,150,206,137,206,之
﻿137,206,150,206,150,226,137,226,間
﻿137,226,150,226,150,247,137,247,間
﻿122,47,135,47,135,66,122,66,音
﻿122,66,135,66,135,86,122,86,閉
﻿122,86,135,86,135,106,122,106,説
﻿122,106,135,106,135,126,122,126,好
﻿122,126,135,126,135,146,122,146,語
﻿122,146,135,146,135,165,122,165,説
﻿122,165,135,165,135,185,122,185,讀
﻿122,185,135,185,135,205,122,205,曰
﻿122,205,135,205,135,225,122,225,悅
﻿122,225,135,225,135,245,122,245,丁
﻿96,47,117,47,117,66,96,66,未
﻿96,66,117,66,117,86,96,86,三
﻿96,86,117,86,117,106,96,106,年
﻿96,106,117,106,117,126,96,126,漢
﻿107,128,121,128,121,147,107,147,元
﻿107,147,121,147,121,166,107,166,光
﻿107,166,121,166,121,186,107,186,元
﻿94,129,106,129,106,147,94,147,年
﻿94,147,106,147,106,166,94,166,秋
﻿95,187,117,187,117,207,95,207,七
﻿95,207,117,207,117,228,95,228,月
﻿95,228,117,228,117,248,95,248,晦
﻿95,248,117,248,117,269,95,269,日
﻿95,269,117,269,117,289,95,289,食
﻿95,289,117,289,117,310,95,310,甲
﻿65,45,86,45,86,64,65,64,寅
﻿65,64,86,64,86,84,65,84,十
﻿65,84,86,84,86,104,65,104,年
﻿65,104,86,104,86,124,65,124,漢
﻿77,126,90,126,90,145,77,145,元
﻿77,145,90,145,90,164,77,164,朔
﻿77,164,90,164,90,184,77,184,二
﻿64,126,76,126,76,147,64,147,年
﻿64,147,76,147,76,168,64,168,春
﻿65,185,86,185,86,205,65,205,三
﻿65,205,86,205,86,226,65,226,月
﻿65,226,86,226,86,247,65,247,晦
﻿65,247,86,247,86,268,65,268,日
﻿65,268,86,268,86,289,65,289,食
﻿65,289,86,289,86,310,65,310,乙
﻿37,44,57,44,57,64,37,64,卯
﻿37,64,57,64,57,84,37,84,十
﻿37,84,57,84,57,104,37,104,一
﻿37,104,57,104,57,124,37,124,年
﻿37,124,57,124,57,145,37,145,漢
﻿47,147,59,147,59,166,47,166,元
﻿47,166,59,166,59,185,47,185,朔
﻿47,185,59,185,59,204,47,204,三
﻿33,147,45,147,45,167,33,167,年
﻿33,167,45,167,45,187,33,187,王
﻿34,206,56,206,56,226,34,226,病
﻿34,226,56,226,56,246,34,246,甚
﻿34,246,56,246,56,266,34,266,太
﻿34,266,56,266,56,287,34,287,子
﻿34,287,56,287,56,307,34,307,󰞿
﻿34,307,56,307,56,327,34,327,齊
﻿34,327,56,327,56,348,34,348,㱕
﻿34,348,56,348,56,368,34,368,自
﻿34,368,56,368,56,388,34,388,漢
﻿34,388,56,388,56,409,34,409,丙
﻿6,45,29,45,29,68,6,68,辰
﻿6,68,29,68,29,92,6,92,十
﻿6,92,29,92,29,115,6,115,二
﻿6,115,29,115,29,139,6,139,年
﻿17,145,29,145,29,164,17,164,漢
﻿17,164,29,164,29,184,17,184,元
﻿17,184,29,184,29,204,17,204,朔
﻿4,147,16,147,16,163,4,163,四
﻿4,163,16,163,16,180,4,180,年
﻿5,206,26,206,26,226,5,226,王
﻿5,226,26,226,26,246,5,246,薨
﻿5,246,26,246,26,266,5,266,謚
﻿5,266,26,266,26,286,5,286,曰
﻿5,286,26,286,26,307,5,307,文
﻿5,307,26,307,26,327,5,327,王
﻿5,327,26,327,26,347,5,347,子
﻿5,347,26,347,26,367,5,367,󰞿
﻿5,367,26,367,26,387,5,387,齊
﻿5,387,26,387,26,408,5,408,立
