266,51,276,51,276,178,266,178,#
﻿266,178,276,178,276,305,266,305,#
﻿266,305,276,305,276,432,266,432,#
﻿250,50,264,50,264,177,250,177,#
﻿250,177,264,177,264,304,250,304,#
﻿250,304,264,304,264,432,250,432,#
﻿238,50,249,50,249,69,238,69,黎
﻿238,69,249,69,249,88,238,88,大
﻿238,88,249,88,249,107,238,107,行
﻿238,107,249,107,249,126,238,126,之
﻿238,126,249,126,249,145,238,145,於
﻿225,52,237,52,237,70,225,70,吳
﻿225,70,237,70,237,89,225,89,匡
﻿225,89,237,89,237,107,225,107,越
﻿225,107,237,107,237,126,225,126,爾
﻿219,150,245,150,245,173,219,173,置
﻿219,173,245,173,245,197,219,197,十
﻿219,197,245,197,245,220,219,220,火
﻿219,220,245,220,245,244,219,244,書
﻿219,244,245,244,245,267,219,267,家
﻿219,267,245,267,245,291,219,291,定
﻿219,291,245,291,245,315,219,315,天
﻿219,315,245,315,245,338,219,338,下
﻿219,338,245,338,245,362,219,362,寺
﻿219,362,245,362,245,385,219,385,爲
﻿219,385,245,385,245,409,219,409,大
﻿219,409,245,409,245,433,219,433,中
﻿189,50,216,50,216,70,189,70,小
﻿189,70,216,70,216,90,189,90,名
﻿189,90,216,90,216,110,189,110,藍
﻿189,110,216,110,216,130,189,130,以
﻿189,130,216,130,216,151,189,151,文
﻿189,151,216,151,216,171,189,171,官
﻿189,171,216,171,216,191,189,191,貴
﻿189,191,216,191,216,211,189,211,職
﻿189,211,216,211,216,231,189,231,兼
﻿189,231,216,231,216,252,189,252,提
﻿189,252,216,252,216,272,189,272,舉
﻿189,272,216,272,216,292,189,292,時
﻿189,292,216,292,216,312,189,312,寺
﻿189,312,216,312,216,332,189,332,有
﻿189,332,216,332,216,353,189,353,田
﻿189,353,216,353,216,373,189,373,奴
﻿189,373,216,373,216,393,189,393,庫
﻿189,393,216,393,216,413,189,413,物
﻿189,413,216,413,216,434,189,434,故
﻿163,51,186,51,186,73,163,73,也
﻿163,73,186,73,186,95,163,95,冬
﻿163,95,186,95,186,118,163,118,十
﻿163,118,186,118,186,140,163,140,月
﻿163,140,186,140,186,162,163,162,作
﻿163,162,186,162,186,185,163,185,覧
﻿163,185,186,185,186,207,163,207,山
﻿163,207,186,207,186,229,163,229,寺
﻿163,229,186,229,186,252,163,252,㙮
﻿136,51,159,51,159,71,136,71,己
﻿136,71,159,71,159,91,136,91,巳
﻿136,91,159,91,159,111,136,111,五
﻿136,111,159,111,159,132,136,132,年
﻿146,133,159,133,159,150,146,150,宋
﻿146,150,159,150,159,168,146,168,元
﻿146,168,159,168,159,186,146,186,祐
﻿133,134,145,134,145,152,133,152,四
﻿133,152,145,152,145,171,133,171,年
﻿131,189,158,189,158,209,131,209,春
﻿131,209,158,209,158,230,131,230,三
﻿131,230,158,230,158,250,131,250,月
﻿131,250,158,250,158,271,131,271,定
﻿131,271,158,271,158,291,131,291,文
﻿131,291,158,291,158,312,131,312,武
﻿131,312,158,312,158,332,131,332,及
﻿131,332,158,332,158,353,131,353,從
﻿131,353,158,353,158,373,131,373,官
﻿131,373,158,373,158,394,131,394,雜
﻿131,394,158,394,158,414,131,414,流
﻿131,414,158,414,158,435,131,435,等
﻿105,48,129,48,129,72,105,72,職
﻿105,72,129,72,129,96,105,96,宋
﻿105,96,129,96,129,121,105,121,兵
﻿105,121,129,121,129,145,105,145,入
﻿105,145,129,145,129,170,105,170,石
﻿105,170,129,170,129,194,105,194,犀
﻿105,194,129,194,129,219,105,219,州
﻿105,219,129,219,129,243,105,243,浚
﻿105,243,129,243,129,268,105,268,冷
﻿105,268,129,268,129,292,105,292,涇
﻿105,292,129,292,129,317,105,317,川
﻿78,49,98,49,98,69,78,69,庚
﻿78,69,98,69,98,89,78,89,午
﻿78,89,98,89,98,109,78,109,六
﻿78,109,98,109,98,130,78,130,年
﻿88,131,101,131,101,149,88,149,宋
﻿88,149,101,149,101,168,88,168,元
﻿88,168,101,168,101,187,88,187,祐
﻿74,133,86,133,86,151,74,151,五
﻿74,151,86,151,86,170,74,170,年
﻿74,190,95,190,95,210,74,210,造
﻿74,210,95,210,95,230,74,230,合
﻿74,230,95,230,95,250,74,250,歡
﻿74,250,95,250,95,271,74,271,宫
﻿46,48,71,48,71,68,46,68,辛
﻿46,68,71,68,71,89,46,89,未
﻿46,89,71,89,71,109,46,109,七
﻿46,109,71,109,71,130,46,130,年
﻿57,132,71,132,71,150,57,150,宋
﻿57,150,71,150,71,168,57,168,元
﻿57,168,71,168,71,187,57,187,祐
﻿43,133,56,133,56,152,43,152,六
﻿43,152,56,152,56,171,43,171,年
﻿41,190,66,190,66,211,41,211,春
﻿41,211,66,211,66,233,41,233,帝
﻿41,233,66,233,66,254,41,254,幸
﻿41,254,66,254,66,276,41,276,諒
﻿41,276,66,276,66,297,41,297,山
﻿41,297,66,297,66,319,41,319,觀
﻿41,319,66,319,66,340,41,340,捕
﻿41,340,66,340,66,362,41,362,象
﻿41,362,66,362,66,383,41,383,冬
﻿41,383,66,383,66,405,41,405,十
﻿41,405,66,405,66,427,41,427,一
﻿11,48,39,48,39,69,11,69,月
﻿11,69,39,69,39,90,11,90,以
﻿11,90,39,90,39,112,11,112,何
﻿11,112,39,112,39,133,11,133,於
﻿11,133,39,133,39,154,11,154,爲
﻿11,154,39,154,39,176,11,176,少
﻿11,176,39,176,39,197,11,197,尉
﻿11,197,39,197,39,218,11,218,知
﻿11,218,39,218,39,240,11,240,殿
﻿11,240,39,240,39,261,11,261,前
﻿11,261,39,261,39,282,11,282,諸
﻿11,282,39,282,39,304,11,304,軍
﻿11,304,39,304,39,325,11,325,事
﻿11,325,39,325,39,346,11,346,黎
﻿11,346,39,346,39,368,11,368,全
﻿11,368,39,368,39,389,11,389,義
﻿11,389,39,389,39,410,11,410,献
﻿11,410,39,410,39,432,11,432,五
