240,66,264,66,264,86,240,86,江
﻿240,86,264,86,264,106,240,106,以
﻿240,106,264,106,264,127,240,127,西
﻿240,127,264,127,264,147,240,147,一
﻿240,147,264,147,264,167,240,167,󰅾
﻿240,167,264,167,264,188,240,188,上
﻿240,188,264,188,264,208,240,208,自
﻿240,208,264,208,264,228,240,228,白
﻿240,228,264,228,264,249,240,249,鶴
﻿240,249,264,249,264,269,240,269,下
﻿240,269,264,269,264,289,240,289,至
﻿240,289,264,289,264,310,240,310,南
﻿240,310,264,310,264,330,240,330,昌
﻿240,330,264,330,264,350,240,350,營
﻿240,350,264,350,264,371,240,371,寨
﻿240,371,264,371,264,391,240,391,相
﻿240,391,264,391,264,411,240,411,連
﻿240,411,264,411,264,432,240,432,舟
﻿211,65,234,65,234,85,211,85,筏
﻿211,85,234,85,234,105,211,105,相
﻿211,105,234,105,234,126,211,126,接
﻿211,126,234,126,234,146,211,146,日
﻿211,146,234,146,234,167,211,167,則
﻿211,167,234,167,234,187,211,187,旗
﻿211,187,234,187,234,208,211,208,皷
﻿211,208,234,208,234,228,211,228,相
﻿211,228,234,228,234,249,211,249,望
﻿211,249,234,249,234,269,211,269,夜
﻿211,269,234,269,234,289,211,289,則
﻿211,289,234,289,234,310,211,310,塞
﻿211,310,234,310,234,330,211,330,火
﻿211,330,234,330,234,351,211,351,爲
﻿211,351,234,351,234,371,211,371,號
﻿211,371,234,371,234,392,211,392,與
﻿211,392,234,392,234,412,211,412,官
﻿211,412,234,412,234,433,211,433,軍
﻿182,66,205,66,205,85,182,85,相
﻿182,85,205,85,205,104,182,104,拒
﻿182,104,205,104,205,124,182,124,守
﻿182,124,205,124,205,143,182,143,太
﻿182,143,205,143,205,163,182,163,師
﻿182,163,205,163,205,182,182,182,鄭
﻿182,182,205,182,205,201,182,201,檢
﻿182,201,205,201,205,221,182,221,議
﻿182,221,205,221,205,240,182,240,分
﻿182,240,205,240,205,260,182,260,兵
﻿182,260,205,260,205,279,182,279,與
﻿182,279,205,279,205,299,182,299,諸
﻿182,299,205,299,205,318,182,318,將
﻿182,318,205,318,205,337,182,337,東
﻿182,337,205,337,205,357,182,357,擊
﻿182,357,205,357,205,376,182,376,東
﻿182,376,205,376,205,396,182,396,潮
﻿182,396,205,396,205,415,182,415,𰎟
﻿182,415,205,415,205,435,182,435,山
﻿148,66,174,66,174,86,148,86,至
﻿148,86,174,86,174,106,148,106,靈
﻿148,106,174,106,174,127,148,127,安
﻿148,127,174,127,174,147,148,147,陽
﻿148,147,174,147,174,168,148,168,等
﻿148,168,174,168,174,188,148,188,縣
﻿148,188,174,188,174,208,148,208,皆
﻿148,208,174,208,174,229,148,229,克
﻿148,229,174,229,174,249,148,249,之
﻿148,249,174,249,174,270,148,270,莫
﻿148,270,174,270,174,290,148,290,乃
﻿148,290,174,290,174,310,148,310,移
﻿148,310,174,310,174,331,148,331,居
﻿148,331,174,331,174,351,148,351,于
﻿148,351,174,351,174,372,148,372,清
﻿148,372,174,372,174,392,148,392,潭
﻿148,392,174,392,174,413,148,413,縣
﻿118,64,145,64,145,83,118,83,三
﻿118,83,145,83,145,102,118,102,月
﻿118,102,145,102,145,122,118,122,太
﻿118,122,145,122,145,141,118,141,師
﻿118,141,145,141,145,161,118,161,鄭
﻿118,161,145,161,145,180,118,180,檢
﻿118,180,145,180,145,199,118,199,使
﻿118,199,145,199,145,219,118,219,榮
﻿118,219,145,219,145,238,118,238,郡
﻿118,238,145,238,145,258,118,258,公
﻿118,258,145,258,145,277,118,277,黄
﻿118,277,145,277,145,297,118,297,廷
﻿118,297,145,297,145,316,118,316,愛
﻿118,316,145,316,145,335,118,335,等
﻿118,335,145,335,145,355,118,355,領
﻿118,355,145,355,145,374,118,374,兵
﻿118,374,145,374,145,394,118,394,鎮
﻿118,394,145,394,145,413,118,413,守
﻿118,413,145,413,145,433,118,433,諒
﻿90,63,111,63,111,83,90,83,山
﻿90,83,111,83,111,104,90,104,渭
﻿90,104,111,104,111,124,90,124,郡
﻿90,124,111,124,111,145,90,145,公
﻿90,145,111,145,111,165,90,165,黎
﻿90,165,111,165,111,186,90,186,克
﻿90,186,111,186,111,206,90,206,慎
﻿90,206,111,206,111,227,90,227,鎮
﻿90,227,111,227,111,248,90,248,守
﻿90,248,111,248,111,268,90,268,太
﻿90,268,111,268,111,289,90,289,原
﻿90,289,111,289,111,309,90,309,嘉
﻿90,309,111,309,111,330,90,330,郡
﻿90,330,111,330,111,350,90,350,公
﻿90,350,111,350,111,371,90,371,鎮
﻿90,371,111,371,111,391,90,391,守
﻿90,391,111,391,111,412,90,412,宣
﻿90,412,111,412,111,433,90,433,光
﻿59,62,84,62,84,82,59,82,連
﻿59,82,84,82,84,103,59,103,兵
﻿59,103,84,103,84,123,59,123,各
﻿59,123,84,123,84,144,59,144,相
﻿59,144,84,144,84,164,59,164,救
﻿59,164,84,164,84,185,59,185,援
﻿59,185,84,185,84,205,59,205,日
﻿59,205,84,205,84,226,59,226,夜
﻿59,226,84,226,84,246,59,246,攻
﻿59,246,84,246,84,267,59,267,擊
﻿59,267,84,267,84,287,59,287,富
﻿59,287,84,287,84,308,59,308,平
﻿59,308,84,308,84,328,59,328,文
﻿59,328,84,328,84,349,59,349,蘭
﻿59,349,84,349,84,369,59,369,等
﻿59,369,84,369,84,390,59,390,府
﻿59,390,84,390,84,410,59,410,縣
﻿59,410,84,410,84,431,59,431,又
﻿29,63,55,63,55,83,29,83,使
﻿29,83,55,83,55,103,29,103,定
﻿29,103,55,103,55,124,29,124,郡
﻿29,124,55,124,55,144,29,144,公
﻿29,144,55,144,55,164,29,164,鎮
﻿29,164,55,164,55,185,29,185,守
﻿29,185,55,185,55,205,29,205,興
﻿29,205,55,205,55,226,29,226,化
﻿29,226,55,226,55,246,29,246,撫
﻿29,246,55,246,55,266,29,266,集
﻿29,266,55,266,55,287,29,287,安
﻿29,287,55,287,55,307,29,307,西
﻿29,307,55,307,55,328,29,328,十
﻿29,328,55,328,55,348,29,348,州
﻿29,348,55,348,55,368,29,368,居
﻿29,368,55,368,55,389,29,389,民
﻿29,389,55,389,55,409,29,409,資
﻿29,409,55,409,55,430,29,430,給
﻿3,63,24,63,24,83,3,83,兵
﻿3,83,24,83,24,104,3,104,糧
﻿3,104,24,104,24,125,3,125,自
﻿3,125,24,125,24,146,3,146,天
﻿3,146,24,146,24,167,3,167,䦕
﻿3,167,24,167,24,188,3,188,至
﻿3,188,24,188,24,209,3,209,京
﻿3,209,24,209,24,230,3,230,北
﻿3,230,24,230,24,251,3,251,連
﻿3,251,24,251,24,272,3,272,路
﻿3,272,24,272,24,293,3,293,不
﻿3,293,24,293,24,314,3,314,絶
