256,58,274,58,274,78,256,78,人
﻿256,78,274,78,274,98,256,98,兵
﻿256,98,274,98,274,118,256,118,卒
﻿256,118,274,118,274,138,256,138,皆
﻿256,138,274,138,274,159,256,159,走
﻿256,159,274,159,274,179,256,179,遇
﻿256,179,274,179,274,199,256,199,裴
﻿256,199,274,199,274,219,256,219,文
﻿256,219,274,219,274,240,256,240,奎
﻿256,240,274,240,274,260,256,260,兵
﻿256,260,274,260,274,280,256,280,繼
﻿256,280,274,280,274,300,256,300,至
﻿256,300,274,300,274,320,256,320,賊
﻿256,320,274,320,274,341,256,341,󰕛
﻿256,341,274,341,274,361,256,361,棄
﻿256,361,274,361,274,381,256,381,船
﻿256,381,274,381,274,401,256,401,登
﻿256,401,274,401,274,422,256,422,岸
﻿229,57,249,57,249,77,229,77,走
﻿229,77,249,77,249,97,229,97,散
﻿229,97,249,97,249,117,229,117,文
﻿229,117,249,117,249,138,229,138,奎
﻿229,138,249,138,249,158,229,158,收
﻿229,158,249,158,249,178,229,178,󰱐
﻿229,178,249,178,249,198,229,198,阮
﻿229,198,249,198,249,219,229,219,沔
﻿229,219,249,219,249,239,229,239,首
﻿229,239,249,239,249,259,229,259,級
﻿229,259,249,259,249,280,229,280,而
﻿229,280,249,280,249,300,229,300,還
﻿229,300,249,300,249,320,229,320,後
﻿229,320,249,320,249,340,229,340,文
﻿229,340,249,340,249,361,229,361,奎
﻿229,361,249,361,249,381,229,381,再
﻿229,381,249,381,249,401,229,401,将
﻿229,401,249,401,249,422,229,422,兵
﻿199,56,224,56,224,75,199,75,拽
﻿199,75,224,75,224,94,199,94,尋
﻿199,94,224,94,224,113,199,113,󰱐
﻿199,113,224,113,224,132,199,132,禮
﻿199,132,224,132,224,151,199,151,郡
﻿199,151,224,151,224,170,199,170,公
﻿199,170,224,170,224,190,199,190,首
﻿199,190,224,190,224,209,199,209,回
﻿199,209,224,209,224,228,199,228,京
﻿199,228,224,228,224,247,199,247,觧
﻿199,247,224,247,224,266,199,266,納
﻿199,266,224,266,224,285,199,285,令
﻿199,285,224,285,224,305,199,305,梟
﻿199,305,224,305,224,324,199,324,三
﻿199,324,224,324,224,343,199,343,日
﻿199,343,224,343,224,362,199,362,節
﻿199,362,224,362,224,381,199,381,制
﻿199,381,224,381,224,400,199,400,鄭
﻿199,400,224,400,224,420,199,420,松
﻿169,58,191,58,191,78,169,78,議
﻿169,78,191,78,191,98,169,98,賞
﻿169,98,191,98,191,119,169,119,文
﻿169,119,191,119,191,139,169,139,奎
﻿169,139,191,139,191,160,169,160,金
﻿169,160,191,160,191,180,169,180,十
﻿169,180,191,180,191,200,169,200,斤
﻿169,200,191,200,191,221,169,221,陞
﻿169,221,191,221,191,241,169,241,少
﻿169,241,191,241,191,262,169,262,保
﻿140,58,162,58,162,78,140,78,是
﻿140,78,162,78,162,98,140,98,月
﻿140,98,162,98,162,118,140,118,令
﻿140,118,162,118,162,138,140,138,天
﻿140,138,162,138,162,158,140,158,下
﻿140,158,162,158,162,178,140,178,各
﻿140,178,162,178,162,198,140,198,處
﻿140,198,162,198,162,218,140,218,建
﻿140,218,162,218,162,238,140,238,鄕
﻿140,238,162,238,162,258,140,258,試
﻿140,258,162,258,162,278,140,278,塲
﻿140,278,162,278,162,298,140,298,取
﻿140,298,162,298,162,318,140,318,士
﻿110,62,134,62,134,81,110,81,十
﻿110,81,134,81,134,101,110,101,二
﻿110,101,134,101,134,121,110,121,月
﻿110,121,134,121,134,141,110,141,偽
﻿110,141,134,141,134,161,110,161,陳
﻿110,161,134,161,134,181,110,181,德
﻿110,181,134,181,134,201,110,201,澤
﻿110,201,134,201,134,221,110,221,等
﻿110,221,134,221,134,241,110,241,㨿
﻿110,241,134,241,134,260,110,260,兵
﻿110,260,134,260,134,280,110,280,大
﻿110,280,134,280,134,300,110,300,慈
﻿110,300,134,300,134,320,110,320,使
﻿110,320,134,320,134,340,110,340,人
﻿110,340,134,340,134,360,110,360,盗
﻿110,360,134,360,134,380,110,380,捕
﻿110,380,134,380,134,400,110,400,公
﻿110,400,134,400,134,420,110,420,䧺
﻿82,59,103,59,103,79,82,79,象
﻿82,79,103,79,103,99,82,99,一
﻿82,99,103,99,103,119,82,119,隻
﻿82,119,103,119,103,139,82,139,節
﻿82,139,103,139,103,159,82,159,制
﻿82,159,103,159,103,179,82,179,鄭
﻿82,179,103,179,103,199,82,199,松
﻿82,199,103,199,103,219,82,219,令
﻿82,219,103,219,103,240,82,240,廣
﻿82,240,103,240,103,260,82,260,郡
﻿82,260,103,260,103,280,82,280,公
﻿82,280,103,280,103,300,82,300,鄭
﻿82,300,103,300,103,320,82,320,永
﻿82,320,103,320,103,340,82,340,禄
﻿82,340,103,340,103,360,82,360,奉
﻿82,360,103,360,103,380,82,380,郡
﻿82,380,103,380,103,400,82,400,公
﻿82,400,103,400,103,421,82,421,鄭
﻿52,58,72,58,72,78,52,78,有
﻿52,78,72,78,72,98,52,98,用
﻿52,98,72,98,72,118,52,118,安
﻿52,118,72,118,72,139,52,139,岩
﻿52,139,72,139,72,159,52,159,侯
﻿52,159,72,159,72,179,52,179,阮
﻿52,179,72,179,72,199,52,199,鎮
﻿52,199,72,199,72,220,52,220,安
﻿52,220,72,220,72,240,52,240,全
﻿52,240,72,240,72,260,52,260,侯
﻿52,260,72,260,72,281,52,281,阮
﻿52,281,72,281,72,301,52,301,光
﻿52,301,72,301,72,321,52,321,登
﻿52,321,72,321,72,341,52,341,瓊
﻿52,341,72,341,72,362,52,362,陽
﻿52,362,72,362,72,382,52,382,侯
﻿52,382,72,382,72,402,52,402,阮
﻿52,402,72,402,72,423,52,423,金
﻿23,59,42,59,42,78,23,78,龜
﻿23,78,42,78,42,98,23,98,等
﻿23,98,42,98,42,118,23,118,領
﻿23,118,42,118,42,138,23,138,兵
﻿23,138,42,138,42,158,23,158,追
﻿23,158,42,158,42,178,23,178,及
﻿23,178,42,178,42,198,23,198,獲
﻿23,198,42,198,42,217,23,217,斬
﻿23,217,42,217,42,237,23,237,之
﻿23,237,42,237,42,257,23,257,收
﻿23,257,42,257,42,277,23,277,捕
﻿23,277,42,277,42,297,23,297,妻
﻿23,297,42,297,42,317,23,317,子
﻿23,317,42,317,42,337,23,337,而
﻿23,337,42,337,42,357,23,357,回
