257,44,284,44,284,64,257,64,詣
﻿257,64,284,64,284,84,257,84,陽
﻿257,84,284,84,284,105,257,105,邁
﻿257,105,284,105,284,125,257,125,陽
﻿257,125,284,125,284,146,257,146,邁
﻿257,146,284,146,284,166,257,166,執
﻿257,166,284,166,284,187,257,187,之
﻿257,187,284,187,284,207,257,207,和
﻿257,207,284,207,284,228,257,228,之
﻿257,228,284,228,284,248,257,248,怒
﻿257,248,284,248,284,269,257,269,進
﻿257,269,284,269,284,289,257,289,圍
﻿257,289,284,289,284,310,257,310,林
﻿257,310,284,310,284,330,257,330,邑
﻿257,330,284,330,284,351,257,351,將
﻿257,351,284,351,284,371,257,371,笵
﻿257,371,284,371,284,392,257,392,扶
﻿257,392,284,392,284,412,257,412,龍
﻿257,412,284,412,284,433,257,433,於
﻿223,44,253,44,253,64,223,64,區
﻿223,64,253,64,253,85,223,85,粟
﻿223,85,253,85,253,105,223,105,城
﻿223,105,253,105,253,126,223,126,陽
﻿223,126,253,126,253,146,223,146,邁
﻿223,146,253,146,253,167,223,167,遣
﻿223,167,253,167,253,187,223,187,其
﻿223,187,253,187,253,208,223,208,將
﻿223,208,253,208,253,228,223,228,笵
﻿223,228,253,228,253,249,223,249,昆
﻿223,249,253,249,253,269,223,269,沙
﻿223,269,253,269,253,290,223,290,達
﻿223,290,253,290,253,310,223,310,救
﻿223,310,253,310,253,331,223,331,之
﻿223,331,253,331,253,351,223,351,慤
﻿223,351,253,351,253,372,223,372,潜
﻿223,372,253,372,253,392,223,392,兵
﻿223,392,253,392,253,413,223,413,迎
﻿223,413,253,413,253,434,223,434,擊
﻿192,43,221,43,221,63,192,63,昆
﻿192,63,221,63,221,83,192,83,沙
﻿192,83,221,83,221,104,192,104,達
﻿192,104,221,104,221,124,192,124,大
﻿192,124,221,124,221,145,192,145,破
﻿192,145,221,145,221,165,192,165,之
﻿192,165,221,165,221,186,192,186,五
﻿192,186,221,186,221,206,192,206,月
﻿192,206,221,206,221,227,192,227,和
﻿192,227,221,227,221,247,192,247,之
﻿192,247,221,247,221,268,192,268,等
﻿192,268,221,268,221,288,192,288,拨
﻿192,288,221,288,221,309,192,309,區
﻿192,309,221,309,221,329,192,329,粟
﻿192,329,221,329,221,350,192,350,城
﻿192,350,221,350,221,370,192,370,斬
﻿192,370,221,370,221,391,192,391,扶
﻿192,391,221,391,221,411,192,411,龍
﻿192,411,221,411,221,432,192,432,乘
﻿162,44,191,44,191,64,162,64,勝
﻿162,64,191,64,191,84,162,84,入
﻿162,84,191,84,191,105,162,105,象
﻿162,105,191,105,191,125,162,125,浦
﻿162,125,191,125,191,146,162,146,陽
﻿162,146,191,146,191,166,162,166,邁
﻿162,166,191,166,191,187,162,187,傾
﻿162,187,191,187,191,207,162,207,國
﻿162,207,191,207,191,228,162,228,來
﻿162,228,191,228,191,248,162,248,戰
﻿162,248,191,248,191,269,162,269,以
﻿162,269,191,269,191,289,162,289,具
﻿162,289,191,289,191,310,162,310,装
﻿162,310,191,310,191,330,162,330,被
﻿162,330,191,330,191,351,162,351,象
﻿162,351,191,351,191,371,162,371,前
﻿162,371,191,371,191,392,162,392,後
﻿162,392,191,392,191,412,162,412,無
﻿162,412,191,412,191,433,162,433,際
﻿131,42,159,42,159,62,131,62,慤
﻿131,62,159,62,159,83,131,83,曰
﻿131,83,159,83,159,103,131,103,吾
﻿131,103,159,103,159,124,131,124,聞
﻿131,124,159,124,159,144,131,144,外
﻿131,144,159,144,159,165,131,165,國
﻿131,165,159,165,159,185,131,185,有
﻿131,185,159,185,159,206,131,206,獅
﻿131,206,159,206,159,226,131,226,子
﻿131,226,159,226,159,247,131,247,威
﻿131,247,159,247,159,267,131,267,服
﻿131,267,159,267,159,288,131,288,百
﻿131,288,159,288,159,308,131,308,獸
﻿131,308,159,308,159,329,131,329,乃
﻿131,329,159,329,159,349,131,349,制
﻿131,349,159,349,159,370,131,370,其
﻿131,370,159,370,159,390,131,390,形
﻿131,390,159,390,159,411,131,411,與
﻿131,411,159,411,159,432,131,432,象
﻿101,43,129,43,129,63,101,63,相
﻿101,63,129,63,129,83,101,83,拒
﻿101,83,129,83,129,104,101,104,象
﻿101,104,129,104,129,124,101,124,果
﻿101,124,129,124,129,145,101,145,驚
﻿101,145,129,145,129,165,101,165,走
﻿101,165,129,165,129,186,101,186,林
﻿101,186,129,186,129,206,101,206,邑
﻿101,206,129,206,129,227,101,227,兵
﻿101,227,129,227,129,247,101,247,大
﻿101,247,129,247,129,268,101,268,敗
﻿101,268,129,268,129,288,101,288,和
﻿101,288,129,288,129,309,101,309,之
﻿101,309,129,309,129,329,101,329,遂
﻿101,329,129,329,129,350,101,350,克
﻿101,350,129,350,129,370,101,370,林
﻿101,370,129,370,129,391,101,391,邑
﻿101,391,129,391,129,411,101,411,陽
﻿101,411,129,411,129,432,101,432,邁
﻿70,42,97,42,97,62,70,62,及
﻿70,62,97,62,97,82,70,82,其
﻿70,82,97,82,97,102,70,102,子
﻿70,102,97,102,97,122,70,122,僅
﻿70,122,97,122,97,142,70,142,以
﻿70,142,97,142,97,162,70,162,身
﻿70,162,97,162,97,183,70,183,免
﻿70,183,97,183,97,203,70,203,所
﻿70,203,97,203,97,223,70,223,獲
﻿70,223,97,223,97,243,70,243,異
﻿70,243,97,243,97,263,70,263,名
﻿70,263,97,263,97,283,70,283,之
﻿70,283,97,283,97,304,70,304,寶
﻿70,304,97,304,97,324,70,324,不
﻿70,324,97,324,97,344,70,344,可
﻿70,344,97,344,97,364,70,364,勝
﻿70,364,97,364,97,384,70,384,計
﻿70,384,97,384,97,404,70,404,慤
﻿70,404,97,404,97,425,70,425,一
﻿42,42,68,42,68,62,42,62,無
﻿42,62,68,62,68,83,42,83,所
﻿42,83,68,83,68,104,42,104,取
﻿42,104,68,104,68,124,42,124,還
﻿42,124,68,124,68,145,42,145,家
﻿42,145,68,145,68,166,42,166,之
﻿42,166,68,166,68,187,42,187,日
﻿42,187,68,187,68,207,42,207,衣
﻿42,207,68,207,68,228,42,228,櫛
﻿42,228,68,228,68,249,42,249,蕭
﻿42,249,68,249,68,270,42,270,然
﻿9,63,36,63,36,83,9,83,史
﻿9,83,36,83,36,103,9,103,臣
﻿9,103,36,103,36,124,9,124,吳
﻿9,124,36,124,36,144,9,144,士
﻿9,144,36,144,36,164,9,164,連
﻿9,164,36,164,36,185,9,185,曰
﻿9,185,36,185,36,205,9,205,有
﻿9,205,36,205,36,225,9,225,用
﻿9,225,36,225,36,246,9,246,之
﻿9,246,36,246,36,266,9,266,才
﻿9,266,36,266,36,286,9,286,無
﻿9,286,36,286,36,307,9,307,施
﻿9,307,36,307,36,327,9,327,不
﻿9,327,36,327,36,347,9,347,可
﻿9,347,36,347,36,368,9,368,𡸈
﻿9,368,36,368,36,388,9,388,拘
﻿9,388,36,388,36,408,9,408,於
﻿9,408,36,408,36,429,9,429,世
