241,32,266,32,266,54,241,54,方
﻿241,54,266,54,266,76,241,76,三
﻿241,76,266,76,266,98,241,98,月
﻿241,98,266,98,266,120,241,120,十
﻿241,120,266,120,266,142,241,142,八
﻿241,142,266,142,266,164,241,164,日
﻿241,164,266,164,266,186,241,186,節
﻿241,186,266,186,266,208,241,208,制
﻿241,208,266,208,266,231,241,231,太
﻿241,231,266,231,266,253,241,253,尉
﻿241,253,266,253,266,275,241,275,宜
﻿241,275,266,275,266,297,241,297,國
﻿241,297,266,297,266,319,241,319,公
﻿241,319,266,319,266,341,241,341,鄭
﻿241,341,266,341,266,363,241,363,根
﻿241,363,266,363,266,385,241,385,進
﻿241,385,266,385,266,408,241,408,至
﻿213,29,236,29,236,50,213,50,清
﻿213,50,236,50,236,71,213,71,華
﻿213,71,236,71,236,92,213,92,大
﻿213,92,236,92,236,113,213,113,慶
﻿213,113,236,113,236,134,213,134,府
﻿213,134,236,134,236,155,213,155,以
﻿213,155,236,155,236,176,213,176,會
﻿213,176,236,176,236,197,213,197,試
﻿213,197,236,197,236,219,213,219,期
﻿213,219,236,219,236,240,213,240,在
﻿213,240,236,240,236,261,213,261,邇
﻿213,261,236,261,236,282,213,282,預
﻿213,282,236,282,236,303,213,303,差
﻿213,303,236,303,236,324,213,324,属
﻿213,324,236,324,236,345,213,345,将
﻿213,345,236,345,236,366,213,366,黎
﻿213,366,236,366,236,387,213,387,時
﻿213,387,236,387,236,409,213,409,憲
﻿182,30,203,30,203,50,182,50,黄
﻿182,50,203,50,203,71,182,71,義
﻿182,71,203,71,203,92,182,92,膠
﻿182,92,203,92,203,113,182,113,與
﻿182,113,203,113,203,134,182,134,參
﻿182,134,203,134,203,155,182,155,視
﻿182,155,203,155,203,176,182,176,潘
﻿182,176,203,176,203,197,182,197,兼
﻿182,197,203,197,203,218,182,218,全
﻿182,218,203,218,203,239,182,239,等
﻿182,239,203,239,203,260,182,260,先
﻿182,260,203,260,203,281,182,281,進
﻿182,281,203,281,203,302,182,302,赴
﻿182,302,203,302,203,323,182,323,京
﻿182,323,203,323,203,344,182,344,以
﻿182,344,203,344,203,365,182,365,及
﻿182,365,203,365,203,386,182,386,試
﻿182,386,203,386,203,407,182,407,期
﻿151,30,174,30,174,51,151,51,扈
﻿151,51,174,51,174,72,151,72,從
﻿151,72,174,72,174,93,151,93,二
﻿151,93,174,93,174,114,151,114,十
﻿151,114,174,114,174,135,151,135,八
﻿151,135,174,135,174,156,151,156,日
﻿151,156,174,156,174,177,151,177,太
﻿151,177,174,177,174,198,151,198,尉
﻿151,198,174,198,174,219,151,219,宜
﻿151,219,174,219,174,240,151,240,國
﻿151,240,174,240,174,261,151,261,公
﻿151,261,174,261,174,282,151,282,鄭
﻿151,282,174,282,174,303,151,303,根
﻿151,303,174,303,174,324,151,324,至
﻿151,324,174,324,174,345,151,345,京
﻿151,345,174,345,174,366,151,366,詣
﻿151,366,174,366,174,387,151,387,殿
﻿151,387,174,387,174,408,151,408,庭
﻿121,32,144,32,144,52,121,52,󰥭
﻿121,52,144,52,144,73,121,73,謁
﻿121,73,144,73,144,94,121,94,帝
﻿121,94,144,94,144,114,121,114,歡
﻿121,114,144,114,144,135,121,135,悅
﻿121,135,144,135,144,156,121,156,慇
﻿121,156,144,156,144,177,121,177,懃
﻿121,177,144,177,144,197,121,197,奬
﻿121,197,144,197,144,218,121,218,勞
﻿121,218,144,218,144,239,121,239,及
﻿121,239,144,239,144,259,121,259,詣
﻿121,259,144,259,144,280,121,280,府
﻿121,280,144,280,144,301,121,301,中
﻿121,301,144,301,144,322,121,322,󰥭
﻿121,322,144,322,144,342,121,342,見
﻿121,342,144,342,144,363,121,363,王
﻿121,363,144,363,144,384,121,384,父
﻿121,384,144,384,144,405,121,405,王
﻿90,30,115,30,115,50,90,50,大
﻿90,50,115,50,115,71,90,71,喜
﻿90,71,115,71,115,92,90,92,慰
﻿90,92,115,92,115,113,90,113,以
﻿90,113,115,113,115,134,90,134,衝
﻿90,134,115,134,115,155,90,155,冐
﻿90,155,115,155,115,176,90,176,霜
﻿90,176,115,176,115,197,90,197,雪
﻿90,197,115,197,115,218,90,218,多
﻿90,218,115,218,115,239,90,239,年
﻿90,239,115,239,115,260,90,260,勸
﻿90,260,115,260,115,281,90,281,除
﻿90,281,115,281,115,302,90,302,逆
﻿90,302,115,302,115,323,90,323,賊
﻿90,323,115,323,115,344,90,344,收
﻿90,344,115,344,115,365,90,365,復
﻿90,365,115,365,115,386,90,386,境
﻿90,386,115,386,115,407,90,407,土
﻿60,33,85,33,85,55,60,55,不
﻿60,55,85,55,85,77,60,77,負
﻿60,77,85,77,85,99,60,99,委
﻿60,99,85,99,85,121,60,121,寄
﻿60,121,85,121,85,143,60,143,之
﻿60,143,85,143,85,165,60,165,重
﻿60,165,85,165,85,187,60,187,會
﻿60,187,85,187,85,209,60,209,試
﻿60,209,85,209,85,231,60,231,天
﻿60,231,85,231,85,253,60,253,下
﻿60,253,85,253,85,275,60,275,士
﻿60,275,85,275,85,297,60,297,人
﻿60,297,85,297,85,319,60,319,取
﻿60,319,85,319,85,341,60,341,中
﻿60,341,85,341,85,363,60,363,格
﻿60,363,85,363,85,385,60,385,陳
﻿60,385,85,385,85,408,60,408,春
﻿29,33,52,33,52,53,29,53,榜
﻿29,53,52,53,52,74,29,74,等
﻿29,74,52,74,52,94,29,94,十
﻿29,94,52,94,52,115,29,115,三
﻿29,115,52,115,52,135,29,135,名
﻿29,135,52,135,52,156,29,156,及
﻿29,156,52,156,52,176,29,176,殿
﻿29,176,52,176,52,197,29,197,試
﻿29,197,52,197,52,218,29,218,賜
﻿29,218,52,218,52,238,29,238,鄧
﻿29,238,52,238,52,259,29,259,公
﻿29,259,52,259,52,279,29,279,瓆
﻿29,279,52,279,52,300,29,300,陶
﻿29,300,52,300,52,320,29,320,公
﻿29,320,52,320,52,341,29,341,正
﻿29,341,52,341,52,361,29,361,吳
﻿29,361,52,361,52,382,29,382,珪
﻿29,382,52,382,52,403,29,403,三
﻿6,34,25,34,25,54,6,54,名
﻿6,54,25,54,25,75,6,75,進
﻿6,75,25,75,25,96,6,96,士
﻿6,96,25,96,25,117,6,117,及
﻿6,117,25,117,25,138,6,138,第
﻿6,138,25,138,25,159,6,159,陳
﻿6,159,25,159,25,179,6,179,春
﻿6,179,25,179,25,200,6,200,榜
﻿6,200,25,200,25,221,6,221,黎
﻿6,221,25,221,25,242,6,242,致
﻿6,242,25,242,25,263,6,263,平
﻿6,263,25,263,25,284,6,284,二
﻿6,284,25,284,25,304,6,304,名
﻿6,304,25,304,25,325,6,325,進
﻿6,325,25,325,25,346,6,346,士
﻿6,346,25,346,25,367,6,367,出
﻿6,367,25,367,25,388,6,388,身
﻿6,388,25,388,25,409,6,409,黎
