238,66,264,66,264,86,238,86,八
﻿238,86,264,86,264,107,238,107,十
﻿238,107,264,107,264,127,238,127,隻
﻿238,127,264,127,264,148,238,148,侵
﻿238,148,264,148,264,168,238,168,掠
﻿238,168,264,168,264,189,238,189,四
﻿238,189,264,189,264,209,238,209,岐
﻿238,209,264,209,264,230,238,230,永
﻿238,230,264,230,264,251,238,251,頼
﻿238,251,264,251,264,271,238,271,江
﻿238,271,264,271,264,292,238,292,三
﻿238,292,264,292,264,312,238,312,日
﻿238,312,264,312,264,333,238,333,至
﻿238,333,264,333,264,353,238,353,青
﻿238,353,264,353,264,374,238,374,林
﻿238,374,264,374,264,394,238,394,青
﻿238,394,264,394,264,415,238,415,河
﻿238,415,264,415,264,436,238,436,江
﻿208,66,231,66,231,86,208,86,𭁈
﻿208,86,231,86,231,107,208,107,潘
﻿208,107,231,107,231,127,208,127,彦
﻿208,127,231,127,231,148,208,148,兵
﻿208,148,231,148,231,169,208,169,戦
﻿208,169,231,169,231,189,208,189,自
﻿208,189,231,189,231,210,208,210,寅
﻿208,210,231,210,231,230,208,230,至
﻿208,230,231,230,231,251,208,251,午
﻿208,251,231,251,231,272,208,272,大
﻿208,272,231,272,231,292,208,292,擊
﻿208,292,231,292,231,313,208,313,于
﻿208,313,231,313,231,333,208,333,江
﻿208,333,231,333,231,354,208,354,中
﻿208,354,231,354,231,375,208,375,時
﻿208,375,231,375,231,395,208,395,潘
﻿208,395,231,395,231,416,208,416,彦
﻿208,416,231,416,231,437,208,437,馬
﻿176,66,200,66,200,92,176,92,未
﻿176,92,200,92,200,119,176,119,及
﻿176,119,200,119,200,145,176,145,鞍
﻿176,145,200,145,200,172,176,172,兵
﻿176,172,200,172,200,198,176,198,未
﻿176,198,200,198,200,225,176,225,及
﻿176,225,200,225,200,251,176,251,甲
﻿176,251,200,251,200,278,176,278,賊
﻿176,278,200,278,200,304,176,304,船
﻿176,304,200,304,200,331,176,331,已
﻿176,331,200,331,200,357,176,357,到
﻿176,357,200,357,200,384,176,384,營
﻿176,384,200,384,200,410,176,410,門
﻿176,410,200,410,200,437,176,437,軍
﻿146,65,170,65,170,89,146,89,皆
﻿146,89,170,89,170,114,146,114,失
﻿146,114,170,114,170,139,146,139,措
﻿146,139,170,139,170,164,146,164,潘
﻿146,164,170,164,170,189,146,189,彦
﻿146,189,170,189,170,214,146,214,出
﻿146,214,170,214,170,239,146,239,拒
﻿146,239,170,239,170,263,146,263,纔
﻿146,263,170,263,170,288,146,288,四
﻿146,288,170,288,170,313,146,313,十
﻿146,313,170,313,170,338,146,338,五
﻿146,338,170,338,170,363,146,363,人
﻿146,363,170,363,170,388,146,388,而
﻿146,388,170,388,170,413,146,413,已
﻿146,413,170,413,170,438,146,438,膠
﻿114,66,138,66,138,86,114,86,水
﻿114,86,138,86,138,107,114,107,将
﻿114,107,138,107,138,127,114,127,禮
﻿114,127,138,127,138,148,114,148,郡
﻿114,148,138,148,138,168,114,168,公
﻿114,168,138,168,138,189,114,189,見
﻿114,189,138,189,138,209,114,209,賊
﻿114,209,138,209,138,230,114,230,勢
﻿114,230,138,230,138,251,114,251,大
﻿114,251,138,251,138,271,114,271,自
﻿114,271,138,271,138,292,114,292,度
﻿114,292,138,292,138,312,114,312,軍
﻿114,312,138,312,138,333,114,333,少
﻿114,333,138,333,138,353,114,353,力
﻿114,353,138,353,138,374,114,374,不
﻿114,374,138,374,138,394,114,394,䏻
﻿114,394,138,394,138,415,114,415,支
﻿114,415,138,415,138,436,114,436,自
﻿85,66,110,66,110,86,85,86,率
﻿85,86,110,86,110,107,85,107,本
﻿85,107,110,107,110,128,85,128,船
﻿85,128,110,128,110,148,85,148,軍
﻿85,148,110,148,110,169,85,169,人
﻿85,169,110,169,110,190,85,190,先
﻿85,190,110,190,110,210,85,210,退
﻿85,210,110,210,110,231,85,231,潘
﻿85,231,110,231,110,252,85,252,彦
﻿85,252,110,252,110,272,85,272,以
﻿85,272,110,272,110,293,85,293,爲
﻿85,293,110,293,110,314,85,314,恇
﻿85,314,110,314,110,334,85,334,怯
﻿85,334,110,334,110,355,85,355,斬
﻿85,355,110,355,110,376,85,376,之
﻿85,376,110,376,110,396,85,396,以
﻿85,396,110,396,110,417,85,417,徇
﻿85,417,110,417,110,438,85,438,󰕛
﻿54,66,78,66,78,86,54,86,於
﻿54,86,78,86,78,107,54,107,是
﻿54,107,78,107,78,127,54,127,人
﻿54,127,78,127,78,148,54,148,人
﻿54,148,78,148,78,168,54,168,殊
﻿54,168,78,168,78,189,54,189,死
﻿54,189,78,189,78,209,54,209,又
﻿54,209,78,209,78,230,54,230,得
﻿54,230,78,230,78,250,54,250,西
﻿54,250,78,250,78,271,54,271,真
﻿54,271,78,271,78,291,54,291,一
﻿54,291,78,291,78,312,54,312,水
﻿54,312,78,312,78,332,54,332,隊
﻿54,332,78,332,78,353,54,353,輕
﻿54,353,78,353,78,373,54,373,船
﻿54,373,78,373,78,394,54,394,突
﻿54,394,78,394,78,414,54,414,進
﻿54,414,78,414,78,435,54,435,賊
﻿25,67,46,67,46,87,25,87,将
﻿25,87,46,87,46,107,25,107,疑
﻿25,107,46,107,46,128,25,128,救
﻿25,128,46,128,46,148,25,148,兵
﻿25,148,46,148,46,169,25,169,至
﻿25,169,46,169,46,189,25,189,乃
﻿25,189,46,189,46,210,25,210,大
﻿25,210,46,210,46,230,25,230,潰
﻿25,230,46,230,46,251,25,251,棄
﻿25,251,46,251,46,271,25,271,船
﻿25,271,46,271,46,291,25,291,下
﻿25,291,46,291,46,312,25,312,水
﻿25,312,46,312,46,332,25,332,迯
﻿25,332,46,332,46,353,25,353,生
﻿25,353,46,353,46,373,25,373,潘
﻿25,373,46,373,46,394,25,394,彦
﻿25,394,46,394,46,414,25,414,乃
﻿25,414,46,414,46,435,25,435,手
﻿2,67,19,67,19,87,2,87,招
﻿2,87,19,87,19,108,2,108,本
﻿2,108,19,108,19,128,2,128,兵
﻿2,128,19,128,19,149,2,149,大
﻿2,149,19,149,19,169,2,169,小
﻿2,169,19,169,19,190,2,190,船
﻿2,190,19,190,19,210,2,210,一
﻿2,210,19,210,19,231,2,231,齊
﻿2,231,19,231,19,251,2,251,突
﻿2,251,19,251,19,272,2,272,戦
﻿2,272,19,272,19,292,2,292,奮
﻿2,292,19,292,19,313,2,313,擊
﻿2,313,19,313,19,333,2,333,中
﻿2,333,19,333,19,354,2,354,流
﻿2,354,19,354,19,374,2,374,斬
﻿2,374,19,374,19,395,2,395,賊
﻿2,395,19,395,19,415,2,415,将
﻿2,415,19,415,19,436,2,436,莅
