251,43,281,43,281,63,251,63,我
﻿251,63,281,63,281,83,251,83,交
﻿251,83,281,83,281,103,251,103,州
﻿251,103,281,103,281,123,251,123,城
﻿251,123,281,123,281,144,251,144,溪
﻿251,144,281,144,281,164,251,164,洞
﻿251,164,281,164,281,184,251,184,夷
﻿251,184,281,184,281,204,251,204,獠
﻿251,204,281,204,281,224,251,224,無
﻿251,224,281,224,281,245,251,245,遠
﻿251,245,281,245,281,265,251,265,近
﻿251,265,281,265,281,285,251,285,皆
﻿251,285,281,285,281,305,251,305,降
﻿251,305,281,305,281,325,251,325,之
﻿251,325,281,325,281,346,251,346,南
﻿251,346,281,346,281,366,251,366,詔
﻿251,366,281,366,281,386,251,386,以
﻿251,386,281,386,281,406,251,406,其
﻿251,406,281,406,281,427,251,427,属
﻿224,43,250,43,250,63,224,63,段
﻿224,63,250,63,250,83,224,83,酋
﻿224,83,250,83,250,104,224,104,遷
﻿224,104,250,104,250,124,224,124,領
﻿224,124,250,124,250,144,224,144,我
﻿224,144,250,144,250,165,224,165,府
﻿224,165,250,165,250,185,224,185,節
﻿224,185,250,185,250,205,224,205,度
﻿224,205,250,205,250,226,224,226,使
﻿224,226,250,226,250,246,224,246,唐
﻿224,246,250,246,250,267,224,267,帝
﻿224,267,250,267,250,287,224,287,詔
﻿224,287,250,287,250,307,224,307,召
﻿224,307,250,307,250,328,224,328,還
﻿224,328,250,328,250,348,224,348,諸
﻿224,348,250,348,250,368,224,368,道
﻿224,368,250,368,250,389,224,389,援
﻿224,389,250,389,250,409,224,409,兵
﻿224,409,250,409,250,430,224,430,分
﻿194,42,223,42,223,62,194,62,保
﻿194,62,223,62,223,82,194,82,嶺
﻿194,82,223,82,223,103,194,103,南
﻿194,103,223,103,223,123,194,123,西
﻿194,123,223,123,223,144,194,144,道
﻿194,144,223,144,223,164,194,164,六
﻿194,164,223,164,223,184,194,184,月
﻿194,184,223,184,223,205,194,205,廢
﻿194,205,223,205,223,225,194,225,安
﻿194,225,223,225,223,246,194,246,南
﻿194,246,223,246,223,266,194,266,都
﻿194,266,223,266,223,287,194,287,護
﻿194,287,223,287,223,307,194,307,府
﻿194,307,223,307,223,327,194,327,置
﻿194,327,223,327,223,348,194,348,行
﻿194,348,223,348,223,368,194,368,交
﻿194,368,223,368,223,389,194,389,州
﻿194,389,223,389,223,409,194,409,於
﻿194,409,223,409,223,430,194,430,海
﻿162,41,192,41,192,61,162,61,門
﻿162,61,192,61,192,81,162,81,鎮
﻿162,81,192,81,192,102,162,102,以
﻿162,102,192,102,192,122,162,122,右
﻿162,122,192,122,192,143,162,143,監
﻿162,143,192,143,192,163,162,163,門
﻿162,163,192,163,192,183,162,183,衛
﻿162,183,192,183,192,204,162,204,將
﻿162,204,192,204,192,224,162,224,軍
﻿162,224,192,224,192,245,162,245,宋
﻿162,245,192,245,192,265,162,265,戎
﻿162,265,192,265,192,286,162,286,行
﻿162,286,192,286,192,306,162,306,交
﻿162,306,192,306,192,326,162,326,州
﻿162,326,192,326,192,347,162,347,刺
﻿162,347,192,347,192,367,162,367,史
﻿162,367,192,367,192,388,162,388,以
﻿162,388,192,388,192,408,162,408,武
﻿162,408,192,408,192,429,162,429,義
﻿132,41,160,41,160,61,132,61,節
﻿132,61,160,61,160,81,132,81,度
﻿132,81,160,81,160,102,132,102,使
﻿132,102,160,102,160,122,132,122,康
﻿132,122,160,122,160,142,132,142,承
﻿132,142,160,142,160,163,132,163,訓
﻿132,163,160,163,160,183,132,183,兼
﻿132,183,160,183,160,203,132,203,嶺
﻿132,203,160,203,160,224,132,224,南
﻿132,224,160,224,160,244,132,244,及
﻿132,244,160,244,160,265,132,265,諸
﻿132,265,160,265,160,285,132,285,軍
﻿132,285,160,285,160,305,132,305,行
﻿132,305,160,305,160,326,132,326,營
﻿132,326,160,326,160,346,132,346,秋
﻿132,346,160,346,160,366,132,366,七
﻿132,366,160,366,160,387,132,387,月
﻿132,387,160,387,160,407,132,407,復
﻿132,407,160,407,160,428,132,428,置
﻿103,39,131,39,131,59,103,59,安
﻿103,59,131,59,131,79,103,79,南
﻿103,79,131,79,131,100,103,100,都
﻿103,100,131,100,131,120,103,120,護
﻿103,120,131,120,131,140,103,140,府
﻿103,140,131,140,131,161,103,161,於
﻿103,161,131,161,131,181,103,181,行
﻿103,181,131,181,131,201,103,201,交
﻿103,201,131,201,131,222,103,222,州
﻿103,222,131,222,131,242,103,242,以
﻿103,242,131,242,131,263,103,263,宋
﻿103,263,131,263,131,283,103,283,戎
﻿103,283,131,283,131,303,103,303,為
﻿103,303,131,303,131,324,103,324,泾
﻿103,324,131,324,131,344,103,344,畧
﻿103,344,131,344,131,364,103,364,使
﻿103,364,131,364,131,385,103,385,𭛁
﻿103,385,131,385,131,405,103,405,山
﻿103,405,131,405,131,426,103,426,東
﻿71,40,99,40,99,60,71,60,兵
﻿71,60,99,60,99,80,71,80,萬
﻿71,80,99,80,99,100,71,100,人
﻿71,100,99,100,99,120,71,120,以
﻿71,120,99,120,99,141,71,141,鎮
﻿71,141,99,141,99,161,71,161,之
﻿71,161,99,161,99,181,71,181,時
﻿71,181,99,181,99,201,71,201,唐
﻿71,201,99,201,99,221,71,221,諸
﻿71,221,99,221,99,242,71,242,道
﻿71,242,99,242,99,262,71,262,兵
﻿71,262,99,262,99,282,71,282,来
﻿71,282,99,282,99,302,71,302,援
﻿71,302,99,302,99,322,71,322,者
﻿71,322,99,322,99,343,71,343,屯
﻿71,343,99,343,99,363,71,363,嶺
﻿71,363,99,363,99,383,71,383,南
﻿71,383,99,383,99,403,71,403,不
﻿71,403,99,403,99,424,71,424,進
﻿43,41,69,41,69,61,43,61,虚
﻿43,61,69,61,69,81,43,81,費
﻿43,81,69,81,69,101,43,101,餽
﻿43,101,69,101,69,121,43,121,運
﻿43,121,69,121,69,141,43,141,潤
﻿43,141,69,141,69,161,43,161,州
﻿43,161,69,161,69,182,43,182,人
﻿43,182,69,182,69,202,43,202,陳
﻿43,202,69,202,69,222,43,222,磻
﻿43,222,69,222,69,242,43,242,石
﻿43,242,69,242,69,262,43,262,上
﻿43,262,69,262,69,282,43,282,言
﻿43,282,69,282,69,303,43,303,請
﻿43,303,69,303,69,323,43,323,造
﻿43,323,69,323,69,343,43,343,千
﻿43,343,69,343,69,363,43,363,斛
﻿43,363,69,363,69,383,43,383,?
﻿43,383,69,383,69,403,43,403,舟
﻿43,403,69,403,69,424,43,424,自
﻿11,39,41,39,41,59,11,59,福
﻿11,59,41,59,41,79,11,79,建
﻿11,79,41,79,41,100,11,100,運
﻿11,100,41,100,41,120,11,120,来
﻿11,120,41,120,41,141,11,141,泛
﻿11,141,41,141,41,161,11,161,海
﻿11,161,41,161,41,182,11,182,不
﻿11,182,41,182,41,202,11,202,一
﻿11,202,41,202,41,223,11,223,月
﻿11,223,41,223,41,243,11,243,至
﻿11,243,41,243,41,264,11,264,廣
﻿11,264,41,264,41,284,11,284,州
﻿11,284,41,284,41,305,11,305,從
﻿11,305,41,305,41,325,11,325,之
﻿11,325,41,325,41,346,11,346,軍
﻿11,346,41,346,41,366,11,366,食
﻿11,366,41,366,41,387,11,387,以
﻿11,387,41,387,41,407,11,407,足
﻿11,407,41,407,41,428,11,428,然
