259,11,282,11,282,32,259,32,有
﻿259,32,282,32,282,53,259,53,名
﻿259,53,282,53,282,74,259,74,于
﻿259,74,282,74,282,95,259,95,時
﻿259,95,282,95,282,117,259,117,然
﻿259,117,282,117,282,138,259,138,而
﻿259,138,282,138,282,159,259,159,宗
﻿259,159,282,159,282,180,259,180,正
﻿259,180,282,180,282,201,259,201,大
﻿259,201,282,201,282,223,259,223,卿
﻿259,223,282,223,282,244,259,244,黎
﻿259,244,282,244,282,265,259,265,居
﻿259,265,282,265,282,286,259,286,仁
﻿259,286,282,286,282,307,259,307,嘗
﻿259,307,282,307,282,329,259,329,目
﻿259,329,282,329,282,350,259,350,為
﻿259,350,282,350,282,371,259,371,村
﻿259,371,282,371,282,392,259,392,毬
﻿259,392,282,392,282,414,259,414,脚
﻿230,12,253,12,253,33,230,33,盖
﻿230,33,253,33,253,54,230,54,村
﻿230,54,253,54,253,75,230,75,人
﻿230,75,253,75,253,96,230,96,蹴
﻿230,96,253,96,253,117,230,117,毬
﻿230,117,253,117,253,138,230,138,多
﻿230,138,253,138,253,159,230,159,不
﻿230,159,253,159,253,180,230,180,中
﻿230,180,253,180,253,201,230,201,以
﻿230,201,253,201,253,222,230,222,比
﻿230,222,253,222,253,243,230,243,漢
﻿230,243,253,243,253,264,230,264,超
﻿230,264,253,264,253,285,230,285,料
﻿230,285,253,285,253,306,230,306,理
﻿230,306,253,306,253,327,230,327,多
﻿230,327,253,327,253,348,230,348,不
﻿230,348,253,348,253,369,230,369,當
﻿230,369,253,369,253,390,230,390,也
﻿230,390,253,390,253,411,230,411,而
﻿198,11,224,11,224,32,198,32,輕
﻿198,32,224,32,224,53,198,53,鄙
﻿198,53,224,53,224,74,198,74,同
﻿198,74,224,74,224,96,198,96,列
﻿198,96,224,96,224,117,198,117,不
﻿198,117,224,117,224,138,198,138,與
﻿198,138,224,138,224,159,198,159,交
﻿198,159,224,159,224,181,198,181,遊
﻿198,181,224,181,224,202,198,202,與
﻿198,202,224,202,224,223,198,223,中
﻿198,223,224,223,224,244,198,244,官
﻿198,244,224,244,224,266,198,266,范
﻿198,266,224,266,224,287,198,287,堯
﻿198,287,224,287,224,308,198,308,咨
﻿198,308,224,308,224,329,198,329,軰
﻿198,329,224,329,224,351,198,351,友
﻿198,351,224,351,224,372,198,372,善
﻿198,372,224,372,224,393,198,393,遇
﻿198,393,224,393,224,415,198,415,醫
﻿170,12,193,12,193,33,170,33,官
﻿170,33,193,33,193,54,170,54,者
﻿170,54,193,54,193,75,170,75,必
﻿170,75,193,75,193,96,170,96,嘲
﻿170,96,193,96,193,118,170,118,謔
﻿170,118,193,118,193,139,170,139,笑
﻿170,139,193,139,193,160,170,160,談
﻿170,160,193,160,193,181,170,181,皆
﻿170,181,193,181,193,202,170,202,非
﻿170,202,193,202,193,224,170,224,其
﻿170,224,193,224,193,245,170,245,𩔗
﻿170,245,193,245,193,266,170,266,也
﻿170,266,193,266,193,287,170,287,及
﻿170,287,193,287,193,308,170,308,領
﻿170,308,193,308,193,330,170,330,两
﻿170,330,193,330,193,351,170,351,江
﻿170,351,193,351,193,372,170,372,則
﻿170,372,193,372,193,393,170,393,嫁
﻿170,393,193,393,193,415,170,415,女
﻿138,10,163,10,163,31,138,31,與
﻿138,31,163,31,163,52,138,52,本
﻿138,52,163,52,163,73,138,73,江
﻿138,73,163,73,163,95,138,95,酋
﻿138,95,163,95,163,116,138,116,長
﻿138,116,163,116,163,137,138,137,儂
﻿138,137,163,137,163,159,138,159,益
﻿138,159,163,159,163,180,138,180,問
﻿138,180,163,180,163,201,138,201,監
﻿138,201,163,201,163,223,138,223,瓊
﻿138,223,163,223,163,244,138,244,林
﻿138,244,163,244,163,265,138,265,寺
﻿138,265,163,265,163,287,138,287,則
﻿138,287,163,287,163,308,138,308,嫁
﻿138,308,163,308,163,329,138,329,女
﻿138,329,163,329,163,351,138,351,與
﻿138,351,163,351,163,372,138,372,三
﻿138,372,163,372,163,393,138,393,寶
﻿138,393,163,393,163,414,138,414,奴
﻿108,12,134,12,134,34,108,34,阮
﻿108,34,134,34,134,56,108,56,制
﻿108,56,134,56,134,79,108,79,皆
﻿108,79,134,79,134,101,108,101,慕
﻿108,101,134,101,134,124,108,124,其
﻿108,124,134,124,134,146,108,146,富
﻿108,146,134,146,134,169,108,169,也
﻿108,169,134,169,134,191,108,191,黎
﻿108,191,134,191,134,214,108,214,居
﻿108,214,134,214,134,236,108,236,仁
﻿108,236,134,236,134,258,108,258,卒
﻿108,258,134,258,134,281,108,281,居
﻿108,281,134,281,134,303,108,303,仁
﻿108,303,134,303,134,326,108,326,在
﻿108,326,134,326,134,348,108,348,明
﻿108,348,134,348,134,371,108,371,宗
﻿108,371,134,371,134,393,108,393,當
﻿108,393,134,393,134,416,108,416,卸
﻿77,11,101,11,101,32,77,32,時
﻿77,32,101,32,101,53,77,53,爲
﻿77,53,101,53,101,74,77,74,内
﻿77,74,101,74,101,96,77,96,𡧸
﻿77,96,101,96,101,117,77,117,官
﻿77,117,101,117,101,138,77,138,兼
﻿77,138,101,138,101,159,77,159,審
﻿77,159,101,159,101,181,77,181,刑
﻿77,181,101,181,101,202,77,202,事
﻿77,202,101,202,101,223,77,223,勘
﻿77,223,101,223,101,244,77,244,獄
﻿77,244,101,244,101,266,77,266,於
﻿77,266,101,266,101,287,77,287,家
﻿77,287,101,287,101,308,77,308,為
﻿77,308,101,308,101,329,77,329,中
﻿77,329,101,329,101,351,77,351,尉
﻿77,351,101,351,101,372,77,372,郭
﻿77,372,101,372,101,393,77,393,牢
﻿77,393,101,393,101,415,77,415,所
﻿46,11,70,11,70,32,46,32,劾
﻿46,32,70,32,70,53,46,53,明
﻿46,53,70,53,70,74,46,74,宗
﻿46,74,70,74,70,95,46,95,問
﻿46,95,70,95,70,116,46,116,曰
﻿46,116,70,116,70,137,46,137,何
﻿46,137,70,137,70,158,46,158,不
﻿46,158,70,158,70,179,46,179,回
﻿46,179,70,179,70,200,46,200,互
﻿46,200,70,200,70,221,46,221,違
﻿46,221,70,221,70,242,46,242,避
﻿46,242,70,242,70,263,46,263,對
﻿46,263,70,263,70,284,46,284,曰
﻿46,284,70,284,70,305,46,305,臣
﻿46,305,70,305,70,326,46,326,寕
﻿46,326,70,326,70,347,46,347,受
﻿46,347,70,347,70,368,46,368,罪
﻿46,368,70,368,70,389,46,389,責
﻿46,389,70,389,70,411,46,411,不
﻿15,11,37,11,37,32,15,32,敢
﻿15,32,37,32,37,53,15,53,欺
﻿15,53,37,53,37,74,15,74,妄
﻿15,74,37,74,37,95,15,95,居
﻿15,95,37,95,37,116,15,116,官
﻿15,116,37,116,37,137,15,137,而
﻿15,137,37,137,37,158,15,158,欺
﻿15,158,37,158,37,179,15,179,妄
﻿15,179,37,179,37,200,15,200,何
﻿15,200,37,200,37,221,15,221,以
﻿15,221,37,221,37,242,15,242,率
﻿15,242,37,242,37,263,15,263,僚
﻿15,263,37,263,37,284,15,284,属
﻿15,284,37,284,37,305,15,305,哉
﻿15,305,37,305,37,326,15,326,觀
﻿15,326,37,326,37,347,15,347,居
﻿15,347,37,347,37,368,15,368,仁
﻿15,368,37,368,37,389,15,389,非
﻿15,389,37,389,37,410,15,410,人
