256,65,282,65,282,87,256,87,宗
﻿256,87,282,87,282,109,256,109,十
﻿256,109,282,109,282,131,256,131,八
﻿256,131,282,131,282,153,256,153,日
﻿256,153,282,153,282,175,256,175,丙
﻿256,175,282,175,282,197,256,197,子
﻿256,197,282,197,282,219,256,219,追
﻿256,219,282,219,282,241,256,241,尊
﻿256,241,282,241,282,263,256,263,生
﻿256,263,282,263,282,285,256,285,母
﻿256,285,282,285,282,307,256,307,阮
﻿256,307,282,307,282,329,256,329,氏
﻿256,329,282,329,282,351,256,351,爲
﻿256,351,282,351,282,373,256,373,昭
﻿256,373,282,373,282,395,256,395,仁
﻿256,395,282,395,282,417,256,417,弘
﻿256,417,282,417,282,439,256,439,懿
﻿230,65,253,65,253,87,230,87,皇
﻿230,87,253,87,253,110,230,110,太
﻿230,110,253,110,253,133,230,133,后
﻿230,133,253,133,253,155,230,155,會
﻿230,155,253,155,253,178,230,178,試
﻿230,178,253,178,253,201,230,201,天
﻿230,201,253,201,253,223,230,223,下
﻿230,223,253,223,253,246,230,246,󰁮
﻿230,246,253,246,253,269,230,269,人
﻿230,269,253,269,253,291,230,291,取
﻿230,291,253,291,253,314,230,314,黎
﻿230,314,253,314,253,337,230,337,鼐
﻿240,339,252,339,252,358,240,358,唐
﻿240,358,252,358,252,377,240,377,安
﻿240,377,252,377,252,396,240,396,擇
﻿227,338,239,338,239,355,227,355,人
﻿227,355,239,355,239,372,227,372,慕
﻿228,397,248,397,248,417,228,417,等
﻿228,417,248,417,248,438,228,438,五
﻿199,63,222,63,222,83,199,83,十
﻿199,83,222,83,222,104,199,104,五
﻿199,104,222,104,222,125,199,125,人
﻿199,125,222,125,222,146,199,146,廷
﻿199,146,222,146,222,167,199,167,試
﻿199,167,222,167,222,188,199,188,賜
﻿199,188,222,188,222,209,199,209,第
﻿199,209,222,209,222,230,199,230,一
﻿199,230,222,230,222,250,199,250,甲
﻿199,250,222,250,222,271,199,271,黎
﻿199,271,222,271,222,292,199,292,鼐
﻿199,292,222,292,222,313,199,313,裴
﻿199,313,222,313,222,334,199,334,𠃔
﻿199,334,222,334,222,355,199,355,文
﻿199,355,222,355,222,376,199,376,陳
﻿199,376,222,376,222,397,199,397,棐
﻿208,399,223,399,223,417,208,417,彰
﻿208,417,223,417,223,435,208,435,德
﻿195,400,207,400,207,417,195,417,芝
﻿195,417,207,417,207,435,195,435,泥
﻿182,64,196,64,196,84,182,84,人
﻿182,84,196,84,196,104,182,104,啓
﻿169,66,181,66,181,83,169,83,之
﻿169,83,181,83,181,100,169,100,子
﻿168,107,192,107,192,127,168,127,三
﻿168,127,192,127,192,148,168,148,名
﻿168,148,192,148,192,169,168,169,進
﻿168,169,192,169,192,190,168,190,士
﻿168,190,192,190,192,210,168,210,及
﻿168,210,192,210,192,231,168,231,第
﻿168,231,192,231,192,252,168,252,第
﻿168,252,192,252,192,273,168,273,二
﻿168,273,192,273,192,293,168,293,甲
﻿168,293,192,293,192,314,168,314,阮
﻿168,314,192,314,192,335,168,335,肖
﻿168,335,192,335,192,356,168,356,象
﻿168,356,192,356,192,376,168,376,陳
﻿168,376,192,376,192,397,168,397,磊
﻿168,397,192,397,192,418,168,418,等
﻿168,418,192,418,192,439,168,439,十
﻿138,64,164,64,164,84,138,84,六
﻿138,84,164,84,164,105,138,105,名
﻿138,105,164,105,164,125,138,125,進
﻿138,125,164,125,164,146,138,146,士
﻿138,146,164,146,164,167,138,167,出
﻿138,167,164,167,164,187,138,187,身
﻿138,187,164,187,164,208,138,208,第
﻿138,208,164,208,164,228,138,228,三
﻿138,228,164,228,164,249,138,249,甲
﻿138,249,164,249,164,270,138,270,范
﻿138,270,164,270,164,290,138,290,󰦛
﻿138,290,164,290,164,311,138,311,碏
﻿138,311,164,311,164,331,138,331,阮
﻿138,331,164,331,164,352,138,352,胥
﻿138,352,164,352,164,373,138,373,等
﻿138,373,164,373,164,393,138,393,三
﻿138,393,164,393,164,414,138,414,十
﻿138,414,164,414,164,435,138,435,六
﻿105,64,133,64,133,85,105,85,名
﻿105,85,133,85,133,107,105,107,同
﻿105,107,133,107,133,129,105,129,進
﻿105,129,133,129,133,151,105,151,士
﻿105,151,133,151,133,173,105,173,出
﻿105,173,133,173,133,195,105,195,身
﻿105,195,133,195,133,217,105,217,三
﻿105,217,133,217,133,239,105,239,月
﻿105,239,133,239,133,260,105,260,肅
﻿105,260,133,260,133,282,105,282,宗
﻿105,282,133,282,133,304,105,304,皇
﻿105,304,133,304,133,326,105,326,帝
﻿105,326,133,326,133,348,105,348,梓
﻿105,348,133,348,133,370,105,370,宫
﻿105,370,133,370,133,392,105,392,𭛁
﻿105,392,133,392,133,414,105,414,引
﻿105,414,133,414,133,436,105,436,回
﻿77,64,103,64,103,84,77,84,西
﻿77,84,103,84,103,105,77,105,京
﻿77,105,103,105,103,126,77,126,癸
﻿77,126,103,126,103,147,77,147,卯
﻿77,147,103,147,103,168,77,168,塟
﻿77,168,103,168,103,189,77,189,于
﻿77,189,103,189,103,209,77,209,敬
﻿77,209,103,209,103,230,77,230,陵
﻿77,230,103,230,103,251,77,251,禮
﻿77,251,103,251,103,272,77,272,官
﻿77,272,103,272,103,293,77,293,奏
﻿77,293,103,293,103,314,77,314,請
﻿77,314,103,314,103,334,77,334,立
﻿77,334,103,334,103,355,77,355,碑
﻿77,355,103,355,103,376,77,376,帝
﻿77,376,103,376,103,397,77,397,可
﻿77,397,103,397,103,418,77,418,其
﻿77,418,103,418,103,439,77,439,奏
﻿46,62,74,62,74,83,46,83,命
﻿46,83,74,83,74,105,46,105,覃
﻿46,105,74,105,74,127,46,127,文
﻿46,127,74,127,74,148,46,148,禮
﻿46,148,74,148,74,170,46,170,阮
﻿46,170,74,170,74,192,46,192,人
﻿46,192,74,192,74,213,46,213,浹
﻿46,213,74,213,74,235,46,235,范
﻿46,235,74,235,74,257,46,257,盛
﻿46,257,74,257,74,279,46,279,程
﻿46,279,74,279,74,300,46,300,志
﻿46,300,74,300,74,322,46,322,森
﻿46,322,74,322,74,344,46,344,等
﻿46,344,74,344,74,365,46,365,󰱇
﻿46,365,74,365,74,387,46,387,碑
﻿46,387,74,387,74,409,46,409,文
﻿46,409,74,409,74,431,46,431,二
﻿17,63,40,63,40,83,17,83,十
﻿17,83,40,83,40,104,17,104,二
﻿17,104,40,104,40,125,17,125,日
﻿17,125,40,125,40,146,17,146,太
﻿17,146,40,146,40,167,17,167,皇
﻿17,167,40,167,40,188,17,188,太
﻿17,188,40,188,40,208,17,208,后
﻿17,208,40,208,40,229,17,229,阮
﻿17,229,40,229,40,250,17,250,氏
﻿17,250,40,250,40,271,17,271,暴
﻿17,271,40,271,40,292,17,292,崩
﻿17,292,40,292,40,313,17,313,于
﻿17,313,40,313,40,333,17,333,長
﻿17,333,40,333,40,354,17,354,樂
﻿17,354,40,354,40,375,17,375,殿
﻿17,375,40,375,40,396,17,396,正
﻿17,396,40,396,40,417,17,417,寝
﻿17,417,40,417,40,438,17,438,年
