255,17,280,17,280,40,255,40,交
﻿255,40,280,40,280,63,255,63,趾
﻿255,63,280,63,280,86,255,86,郡
﻿255,86,280,86,280,109,255,109,王
﻿255,109,280,109,280,132,255,132,十
﻿255,132,280,132,280,155,255,155,一
﻿255,155,280,155,280,178,255,178,月
﻿255,178,280,178,280,201,255,201,占
﻿255,201,280,201,280,224,255,224,城
﻿255,224,280,224,280,247,255,247,來
﻿255,247,280,247,280,270,255,270,貢
﻿255,270,280,270,280,293,255,293,十
﻿255,293,280,293,280,316,255,316,二
﻿255,316,280,316,280,339,255,339,月
﻿255,339,280,339,280,362,255,362,帝
﻿255,362,280,362,280,385,255,385,擊
﻿255,385,280,385,280,409,255,409,毬
﻿225,17,253,17,253,37,225,37,于
﻿225,37,253,37,253,58,225,58,龍
﻿225,58,253,58,253,79,225,79,墀
﻿225,79,253,79,253,99,225,99,令
﻿225,99,253,99,253,120,225,120,占
﻿225,120,253,120,253,141,225,141,使
﻿225,141,253,141,253,162,225,162,入
﻿225,162,253,162,253,182,225,182,侍
﻿225,182,253,182,253,203,225,203,觀
﻿225,203,253,203,253,224,225,224,之
﻿225,224,253,224,253,245,225,245,設
﻿225,245,253,245,253,265,225,265,慶
﻿225,265,253,265,253,286,225,286,成
﻿225,286,253,286,253,307,225,307,廣
﻿225,307,253,307,253,328,225,328,嚴
﻿225,328,253,328,253,348,225,348,資
﻿225,348,253,348,253,369,225,369,聖
﻿225,369,253,369,253,390,225,390,寺
﻿225,390,253,390,253,411,225,411,會
﻿196,15,222,15,222,35,196,35,赦
﻿196,35,222,35,222,56,196,56,罪
﻿196,56,222,56,222,77,196,77,人
﻿196,77,222,77,222,97,196,97,遣
﻿196,97,222,97,222,118,196,118,員
﻿196,118,222,118,222,139,196,139,外
﻿196,139,222,139,222,160,196,160,郎
﻿196,160,222,160,222,180,196,180,李
﻿196,180,222,180,222,201,196,201,奉
﻿196,201,222,201,222,222,196,222,恩
﻿196,222,222,222,222,243,196,243,令
﻿196,243,222,243,222,263,196,263,書
﻿196,263,222,263,222,284,196,284,家
﻿196,284,222,284,222,305,196,305,尹
﻿196,305,222,305,222,326,196,326,英
﻿196,326,222,326,222,346,196,346,槩
﻿196,346,222,346,222,367,196,367,如
﻿196,367,222,367,222,388,196,388,宋
﻿196,388,222,388,222,409,196,409,報
﻿172,16,192,16,192,37,172,37,聘
﻿140,16,163,16,163,35,140,35,辛
﻿140,35,163,35,163,55,140,55,亥
﻿140,55,163,55,163,75,140,75,四
﻿140,75,163,75,163,95,140,95,年
﻿152,97,164,97,164,116,152,116,宋
﻿152,116,164,116,164,136,152,136,紹
﻿152,136,164,136,164,156,152,156,興
﻿138,98,151,98,151,117,138,117,元
﻿138,117,151,117,151,137,138,137,年
﻿135,157,162,157,162,179,135,179,春
﻿135,179,162,179,162,201,135,201,正
﻿135,201,162,201,162,224,135,224,月
﻿135,224,162,224,162,246,135,246,起
﻿135,246,162,246,162,268,135,268,二
﻿135,268,162,268,162,291,135,291,閣
﻿135,291,162,291,162,313,135,313,于
﻿135,313,162,313,162,335,135,335,延
﻿135,335,162,335,162,358,135,358,和
﻿135,358,162,358,162,380,135,380,内
﻿135,380,162,380,162,403,135,403,三
﻿110,16,131,16,131,35,110,35,月
﻿110,35,131,35,131,54,110,54,皇
﻿110,54,131,54,131,74,110,74,弟
﻿110,74,131,74,131,93,110,93,星
﻿110,93,131,93,131,113,110,113,卒
﻿121,117,134,117,134,136,121,136,崇
﻿121,136,134,136,134,156,121,156,賢
﻿121,156,134,156,134,176,121,176,侯
﻿108,118,120,118,120,137,108,137,之
﻿108,137,120,137,120,156,108,156,子
﻿108,156,120,156,120,175,108,175,也
﻿105,181,130,181,130,203,105,203,夏
﻿105,203,130,203,130,226,105,226,四
﻿105,226,130,226,130,249,105,249,月
﻿105,249,130,249,130,271,105,271,詔
﻿105,271,130,271,130,294,105,294,王
﻿105,294,130,294,130,317,105,317,侯
﻿105,317,130,317,130,339,105,339,公
﻿105,339,130,339,130,362,105,362,主
﻿105,362,130,362,130,385,105,385,百
﻿105,385,130,385,130,408,105,408,官
﻿73,15,103,15,103,36,73,36,家
﻿73,36,103,36,103,58,73,58,奴
﻿73,58,103,58,103,80,73,80,不
﻿73,80,103,80,103,102,73,102,得
﻿73,102,103,102,103,123,73,123,娶
﻿73,123,103,123,103,145,73,145,官
﻿73,145,103,145,103,167,73,167,職
﻿73,167,103,167,103,189,73,189,都
﻿73,189,103,189,103,211,73,211,百
﻿73,211,103,211,103,232,73,232,姓
﻿73,232,103,232,103,254,73,254,女
﻿73,254,103,254,103,276,73,276,禁
﻿73,276,103,276,103,298,73,298,人
﻿73,298,103,298,103,319,73,319,間
﻿73,319,103,319,103,341,73,341,女
﻿73,341,103,341,103,363,73,363,不
﻿73,363,103,363,103,385,73,385,得
﻿73,385,103,385,103,407,73,407,效
﻿43,16,71,16,71,39,43,39,宫
﻿43,39,71,39,71,62,43,62,䯻
﻿43,62,71,62,71,85,43,85,粧
﻿43,85,71,85,71,108,43,108,樣
﻿43,108,71,108,71,131,43,131,五
﻿43,131,71,131,71,154,43,154,月
﻿43,154,71,154,71,177,43,177,旱
﻿43,177,71,177,71,200,43,200,祈
﻿43,200,71,200,71,223,43,223,得
﻿43,223,71,223,71,246,43,246,大
﻿43,246,71,246,71,269,43,269,雨
﻿43,269,71,269,71,292,43,292,染
﻿43,292,71,292,71,315,43,315,宏
﻿43,315,71,315,71,338,43,338,主
﻿43,338,71,338,71,361,43,361,都
﻿43,361,71,361,71,384,43,384,何
﻿43,384,71,384,71,407,43,407,兒
﻿13,13,39,13,39,36,13,36,献
﻿13,36,39,36,39,59,13,59,白
﻿13,59,39,59,39,82,13,82,雀
﻿13,82,39,82,39,106,13,106,起
﻿13,106,39,106,39,129,13,129,明
﻿13,129,39,129,39,152,13,152,空
﻿13,152,39,152,39,176,13,176,大
﻿13,176,39,176,39,199,13,199,師
﻿13,199,39,199,39,222,13,222,第
﻿13,222,39,222,39,245,13,245,秋
﻿13,245,39,245,39,269,13,269,七
﻿13,269,39,269,39,292,13,292,月
﻿13,292,39,292,39,315,13,315,群
﻿13,315,39,315,39,339,13,339,臣
﻿13,339,39,339,39,362,13,362,上
﻿13,362,39,362,39,385,13,385,表
﻿13,385,39,385,39,409,13,409,賀
