252,13,274,13,274,33,252,33,而
﻿252,33,274,33,274,54,252,54,下
﻿252,54,274,54,274,75,252,75,虜
﻿252,75,274,75,274,96,252,96,軍
﻿252,96,274,96,274,117,252,117,傅
﻿252,117,274,117,274,138,252,138,两
﻿252,138,274,138,274,159,252,159,岸
﻿252,159,274,159,274,180,252,180,邊
﻿252,180,274,180,274,201,252,201,追
﻿252,201,274,201,274,221,252,221,躡
﻿252,221,274,221,274,242,252,242,之
﻿252,242,274,242,274,263,252,263,日
﻿252,263,274,263,274,284,252,284,燏
﻿252,284,274,284,274,305,252,305,顧
﻿252,305,274,305,274,326,252,326,虜
﻿252,326,274,326,274,347,252,347,軍
﻿252,347,274,347,274,368,252,368,徐
﻿252,368,274,368,274,389,252,389,行
﻿252,389,274,389,274,410,252,410,謁
﻿218,12,244,12,244,32,218,32,士
﻿218,32,244,32,244,53,218,53,眾
﻿218,53,244,53,244,74,218,74,曰
﻿218,74,244,74,244,94,218,94,凣
﻿218,94,244,94,244,115,218,115,追
﻿218,115,244,115,244,136,218,136,則
﻿218,136,244,136,244,157,218,157,要
﻿218,157,244,157,244,177,218,177,速
﻿218,177,244,177,244,198,218,198,今
﻿218,198,244,198,244,219,218,219,徐
﻿218,219,244,219,244,240,218,240,徐
﻿218,240,244,240,244,260,218,260,然
﻿218,260,244,260,244,281,218,281,行
﻿218,281,244,281,244,302,218,302,恐
﻿218,302,244,302,244,323,218,323,有
﻿218,323,244,323,244,343,218,343,前
﻿218,343,244,343,244,364,218,364,軍
﻿218,364,244,364,244,385,218,385,把
﻿218,385,244,385,244,406,218,406,截
﻿186,13,212,13,212,33,186,33,亟
﻿186,33,212,33,212,54,186,54,遣
﻿186,54,212,54,212,75,186,75,人
﻿186,75,212,75,212,95,186,95,視
﻿186,95,212,95,212,116,186,116,之
﻿186,116,212,116,212,137,186,137,果
﻿186,137,212,137,212,158,186,158,見
﻿186,158,212,158,212,178,186,178,虜
﻿186,178,212,178,212,199,186,199,以
﻿186,199,212,199,212,220,186,220,横
﻿186,220,212,220,212,241,186,241,截
﻿186,241,212,241,212,261,186,261,下
﻿186,261,212,261,212,282,186,282,流
﻿186,282,212,282,212,303,186,303,登
﻿186,303,212,303,212,324,186,324,陸
﻿186,324,212,324,212,344,186,344,乃
﻿186,344,212,344,212,365,186,365,免
﻿186,365,212,365,212,386,186,386,其
﻿186,386,212,386,212,407,186,407,為
﻿157,12,180,12,180,32,157,32,為
﻿157,32,180,32,180,53,157,53,人
﻿157,53,180,53,180,74,157,74,雅
﻿157,74,180,74,180,94,157,94,量
﻿157,94,180,94,180,115,157,115,喜
﻿157,115,180,115,180,136,157,136,怒
﻿157,136,180,136,180,157,157,157,不
﻿157,157,180,157,180,177,157,177,形
﻿157,177,180,177,180,198,157,198,於
﻿157,198,180,198,180,219,157,219,色
﻿157,219,180,219,180,240,157,240,家
﻿157,240,180,240,180,260,157,260,未
﻿157,260,180,260,180,281,157,281,嘗
﻿157,281,180,281,180,302,157,302,鞭
﻿157,302,180,302,180,323,157,323,以
﻿157,323,180,323,180,343,157,343,以
﻿157,343,180,343,180,364,157,364,笞
﻿157,364,180,364,180,385,157,385,奴
﻿157,385,180,385,180,406,157,406,隷
﻿127,11,149,11,149,31,127,31,或
﻿127,31,149,31,149,52,127,52,笞
﻿127,52,149,52,149,72,127,72,之
﻿127,72,149,72,149,93,127,93,則
﻿127,93,149,93,149,114,127,114,數
﻿127,114,149,114,149,134,127,134,其
﻿127,134,149,134,149,155,127,155,過
﻿127,155,149,155,149,176,127,176,失
﻿127,176,149,176,149,196,127,196,然
﻿127,196,149,196,149,217,127,217,後
﻿127,217,149,217,149,237,127,237,行
﻿127,237,149,237,149,258,127,258,笞
﻿127,258,149,258,149,279,127,279,嘗
﻿127,279,149,279,149,299,127,299,命
﻿127,299,149,299,149,320,127,320,家
﻿127,320,149,320,149,341,127,341,僮
﻿127,341,149,341,149,361,127,361,守
﻿127,361,149,361,149,382,127,382,舟
﻿127,382,149,382,149,403,127,403,國
﻿93,12,119,12,119,32,93,32,父
﻿93,32,119,32,119,53,93,53,家
﻿93,53,119,53,119,74,93,74,僮
﻿93,74,119,74,119,94,93,94,敺
﻿93,94,119,94,119,115,93,115,之
﻿93,115,119,115,119,136,93,136,其
﻿93,136,119,136,119,156,93,156,人
﻿93,156,119,156,119,177,93,177,馳
﻿93,177,119,177,119,198,93,198,吿
﻿93,198,119,198,119,218,93,218,日
﻿93,218,119,218,119,239,93,239,燏
﻿93,239,119,239,119,260,93,260,曰
﻿93,260,119,260,119,280,93,280,死
﻿93,280,119,280,119,301,93,301,亡
﻿93,301,119,301,119,322,93,322,耶
﻿93,322,119,322,119,342,93,342,曰
﻿93,342,119,342,119,363,93,363,但
﻿93,363,119,363,119,384,93,384,敺
﻿93,384,119,384,119,405,93,405,傷
﻿64,14,87,14,87,34,64,34,耳
﻿64,34,87,34,87,55,64,55,曰
﻿64,55,87,55,87,75,64,75,不
﻿64,75,87,75,87,96,64,96,死
﻿64,96,87,96,87,116,64,116,則
﻿64,116,87,116,87,137,64,137,已
﻿64,137,87,137,87,158,64,158,奚
﻿64,158,87,158,87,178,64,178,吿
﻿64,178,87,178,87,199,64,199,為
﻿64,199,87,199,87,219,64,219,又
﻿64,219,87,219,87,240,64,240,有
﻿64,240,87,240,87,260,64,260,人
﻿64,260,87,260,87,281,64,281,訟
﻿64,281,87,281,87,302,64,302,家
﻿64,302,87,302,87,322,64,322,婢
﻿64,322,87,322,87,343,64,343,於
﻿64,343,87,343,87,363,64,363,國
﻿64,363,87,363,87,384,64,384,父
﻿64,384,87,384,87,405,64,405,國
﻿34,12,57,12,57,32,34,32,父
﻿34,32,57,32,57,53,34,53,令
﻿34,53,57,53,57,74,34,74,家
﻿34,74,57,74,57,94,34,94,僮
﻿34,94,57,94,57,115,34,115,收
﻿34,115,57,115,57,136,34,136,捕
﻿34,136,57,136,57,156,34,156,婢
﻿34,156,57,156,57,177,34,177,走
﻿34,177,57,177,57,198,34,198,入
﻿34,198,57,198,57,218,34,218,府
﻿34,218,57,218,57,239,34,239,中
﻿34,239,57,239,57,260,34,260,捕
﻿34,260,57,260,57,280,34,280,者
﻿34,280,57,280,57,301,34,301,追
﻿34,301,57,301,57,322,34,322,至
﻿34,322,57,322,57,342,34,342,中
﻿34,342,57,342,57,363,34,363,堂
﻿34,363,57,363,57,384,34,384,擊
﻿34,384,57,384,57,405,34,405,捉
﻿4,11,27,11,27,31,4,31,喧
﻿4,31,27,31,27,52,4,52,閙
﻿4,52,27,52,27,72,4,72,夫
﻿4,72,27,72,27,93,4,93,人
﻿4,93,27,93,27,114,4,114,泣
﻿4,114,27,114,27,134,4,134,曰
﻿4,134,27,134,27,155,4,155,恩
﻿4,155,27,155,27,176,4,176,主
﻿4,176,27,176,27,196,4,196,宰
﻿4,196,27,196,27,217,4,217,相
﻿4,217,27,217,27,237,4,237,也
﻿4,237,27,237,27,258,4,258,平
﻿4,258,27,258,27,279,4,279,章
﻿4,279,27,279,27,299,4,299,亦
﻿4,299,27,299,27,320,4,320,宰
﻿4,320,27,320,27,341,4,341,相
﻿4,341,27,341,27,361,4,361,也
﻿4,361,27,361,27,382,4,382,縁
﻿4,382,27,382,27,403,4,403,恩
