254,65,282,65,282,85,254,85,追
﻿254,85,282,85,282,106,254,106,帝
﻿254,106,282,106,282,127,254,127,四
﻿254,127,282,127,282,148,254,148,世
﻿254,148,282,148,282,168,254,168,盖
﻿254,168,282,168,282,189,254,189,以
﻿254,189,282,189,282,210,254,210,祖
﻿254,210,282,210,282,231,254,231,宗
﻿254,231,282,231,282,252,254,252,積
﻿254,252,282,252,282,272,254,272,功
﻿254,272,282,272,282,293,254,293,累
﻿254,293,282,293,282,314,254,314,仁
﻿254,314,282,314,282,335,254,335,以
﻿254,335,282,335,282,355,254,355,至
﻿254,355,282,355,282,376,254,376,有
﻿254,376,282,376,282,397,254,397,天
﻿254,397,282,397,282,418,254,418,下
﻿254,418,282,418,282,439,254,439,則
﻿222,61,251,61,251,81,222,81,尊
﻿222,81,251,81,251,102,222,102,號
﻿222,102,251,102,251,123,222,123,響
﻿222,123,251,123,251,144,222,144,廟
﻿222,144,251,144,251,165,222,165,在
﻿222,165,251,165,251,186,222,186,所
﻿222,186,251,186,251,207,222,207,當
﻿222,207,251,207,251,228,222,228,㥯
﻿222,228,251,228,251,249,222,249,陳
﻿222,249,251,249,251,269,222,269,氏
﻿222,269,251,269,251,290,222,290,有
﻿222,290,251,290,251,311,222,311,天
﻿222,311,251,311,251,332,222,332,下
﻿222,332,251,332,251,353,222,353,身
﻿222,353,251,353,251,374,222,374,履
﻿222,374,251,374,251,395,222,395,帝
﻿222,395,251,395,251,416,222,416,位
﻿222,416,251,416,251,437,222,437,而
﻿190,62,219,62,219,82,190,82,追
﻿190,82,219,82,219,103,190,103,封
﻿190,103,219,103,219,124,190,124,三
﻿190,124,219,124,219,145,190,145,祖
﻿190,145,219,145,219,166,190,166,以
﻿190,166,219,166,219,187,190,187,王
﻿190,187,219,187,219,208,190,208,爵
﻿190,208,219,208,219,229,190,229,既
﻿190,229,219,229,219,250,190,250,非
﻿190,250,219,250,219,271,190,271,人
﻿190,271,219,271,219,292,190,292,心
﻿190,292,219,292,219,313,190,313,所
﻿190,313,219,313,219,334,190,334,安
﻿190,334,219,334,219,355,190,355,至
﻿190,355,219,355,219,376,190,376,是
﻿190,376,219,376,219,397,190,397,始
﻿190,397,219,397,219,418,190,418,追
﻿190,418,219,418,219,439,190,439,尊
﻿164,62,188,62,188,83,164,83,帝
﻿164,83,188,83,188,104,164,104,號
﻿164,104,188,104,188,125,164,125,又
﻿164,125,188,125,188,146,164,146,失
﻿164,146,188,146,188,167,164,167,之
﻿164,167,188,167,188,188,164,188,緩
﻿164,188,188,188,188,209,164,209,矣
﻿134,44,158,44,158,64,134,64,癸
﻿134,64,158,64,158,85,134,85,丑
﻿134,85,158,85,158,105,134,105,二
﻿134,105,158,105,158,126,134,126,十
﻿134,126,158,126,158,146,134,146,一
﻿134,146,158,146,158,167,134,167,年
﻿144,170,159,170,159,189,144,189,元
﻿144,189,159,189,159,208,144,208,皇
﻿144,208,159,208,159,227,144,227,慶
﻿131,169,143,169,143,187,131,187,二
﻿131,187,143,187,143,206,131,206,年
﻿131,230,155,230,155,251,131,251,春
﻿131,251,155,251,155,272,131,272,正
﻿131,272,155,272,155,293,131,293,月
﻿131,293,155,293,155,314,131,314,尊
﻿131,314,155,314,155,335,131,335,寧
﻿131,335,155,335,155,356,131,356,祖
﻿131,356,155,356,155,377,131,377,夫
﻿131,377,155,377,155,398,131,398,人
﻿131,398,155,398,155,419,131,419,為
﻿131,419,155,419,155,441,131,441,寧
﻿99,42,128,42,128,63,99,63,慈
﻿99,63,128,63,128,85,99,85,皇
﻿99,85,128,85,128,107,99,107,后
﻿99,107,128,107,128,129,99,129,穆
﻿99,129,128,129,128,150,99,150,祖
﻿99,150,128,150,128,172,99,172,夫
﻿99,172,128,172,128,194,99,194,人
﻿99,194,128,194,128,216,99,216,為
﻿99,216,128,216,128,238,99,238,穆
﻿99,238,128,238,128,259,99,259,慈
﻿99,259,128,259,128,281,99,281,皇
﻿99,281,128,281,128,303,99,303,后
﻿99,303,128,303,128,325,99,325,二
﻿99,325,128,325,128,346,99,346,月
﻿99,346,128,346,128,368,99,368,效
﻿99,368,128,368,128,390,99,390,順
﻿99,390,128,390,128,412,99,412,王
﻿99,412,128,412,128,434,99,434,制
﻿67,43,95,43,95,64,67,64,至
﻿67,64,95,64,95,86,67,86,至
﻿67,86,95,86,95,108,67,108,嘉
﻿67,108,95,108,95,130,67,130,林
﻿67,130,95,130,95,152,67,152,行
﻿67,152,95,152,95,174,67,174,宫
﻿67,174,95,174,95,196,67,196,死
﻿67,196,95,196,95,218,67,218,火
﻿67,218,95,218,95,240,67,240,塟
﻿67,240,95,240,95,262,67,262,之
﻿67,262,95,262,95,284,67,284,三
﻿67,284,95,284,95,306,67,306,月
﻿67,306,95,306,95,328,67,328,彗
﻿67,328,95,328,95,350,67,350,星
﻿67,350,95,350,95,372,67,372,見
﻿67,372,95,372,95,394,67,394,西
﻿67,394,95,394,95,416,67,416,方
﻿67,416,95,416,95,438,67,438,興
﻿37,42,65,42,65,63,37,63,讓
﻿37,63,65,63,65,85,37,85,王
﻿37,85,65,85,65,107,37,107,國
﻿37,107,65,107,65,129,37,129,顙
﻿37,129,65,129,65,151,37,151,卒
﻿37,151,65,151,65,173,37,173,复
﻿37,173,65,173,65,194,37,194,六
﻿37,194,65,194,65,216,37,216,月
﻿37,216,65,216,65,238,37,238,二
﻿37,238,65,238,65,260,37,260,十
﻿37,260,65,260,65,282,37,282,日
﻿37,282,65,282,65,304,37,304,雷
﻿37,304,65,304,65,325,37,325,震
﻿37,325,65,325,65,347,37,347,三
﻿37,347,65,347,65,369,37,369,司
﻿37,369,65,369,65,391,37,391,院
﻿37,391,65,391,65,413,37,413,災
﻿37,413,65,413,65,435,37,435,手
﻿10,44,36,44,36,64,10,64,分
﻿10,64,36,64,36,85,10,85,梁
﻿10,85,36,85,36,105,10,105,郎
﻿10,105,36,105,36,126,10,126,死
﻿10,126,36,126,36,146,10,146,令
﻿10,146,36,146,36,167,10,167,本
﻿10,167,36,167,36,187,10,187,司
﻿10,187,36,187,36,208,10,208,出
﻿10,208,36,208,36,228,10,228,錢
﻿10,228,36,228,36,249,10,249,醮
﻿10,249,36,249,36,269,10,269,謝
﻿10,269,36,269,36,290,10,290,舊
﻿10,290,36,290,36,310,10,310,禮
﻿10,310,36,310,36,331,10,331,雷
﻿10,331,36,331,36,351,10,351,震
﻿10,351,36,351,36,372,10,372,宫
﻿10,372,36,372,36,392,10,392,殿
﻿10,392,36,392,36,413,10,413,堂
﻿10,413,36,413,36,434,10,434,廡
