266,14,281,14,281,34,266,34,鉞
﻿266,34,281,34,281,55,266,55,經
﻿266,55,281,55,281,76,266,76,訪
﻿266,76,281,76,281,97,266,97,清
﻿266,97,281,97,281,118,266,118,化
﻿266,118,281,118,281,139,266,139,乂
﻿266,139,281,139,281,160,266,160,安
﻿266,160,281,160,281,181,266,181,吏
﻿266,181,281,181,281,202,266,202,民
﻿266,202,281,202,281,222,266,222,及
﻿266,222,281,222,281,243,266,243,親
﻿266,243,281,243,281,264,266,264,征
﻿266,264,281,264,281,285,266,285,占
﻿266,285,281,285,281,306,266,306,城
﻿266,306,281,306,281,327,266,327,以
﻿266,327,281,327,281,348,266,348,爲
﻿266,348,281,348,281,369,266,369,前
﻿266,369,281,369,281,390,266,390,鋒
﻿266,390,281,390,281,411,266,411,將
﻿253,15,265,15,265,35,253,35,得
﻿253,35,265,35,265,56,253,56,獲
﻿253,56,265,56,265,77,253,77,占
﻿253,77,265,77,265,98,253,98,主
﻿253,98,265,98,265,119,253,119,制
﻿253,119,265,119,265,140,253,140,矩
﻿253,140,265,140,265,161,253,161,以
﻿253,161,265,161,265,182,253,182,公
﻿253,182,265,182,265,203,253,203,拜
﻿253,203,265,203,265,223,253,223,輔
﻿253,223,265,223,265,244,253,244,國
﻿253,244,265,244,265,265,253,265,太
﻿253,265,265,265,265,286,253,286,傅
﻿253,286,265,286,265,307,253,307,遙
﻿253,307,265,307,265,328,253,328,授
﻿253,328,265,328,265,349,253,349,諸
﻿253,349,265,349,265,370,253,370,鎮
﻿253,370,265,370,265,391,253,391,節
﻿253,391,265,391,265,412,253,412,度
﻿240,15,252,15,252,35,240,35,同
﻿240,35,252,35,252,56,240,56,中
﻿240,56,252,56,252,77,240,77,書
﻿240,77,252,77,252,98,240,98,門
﻿240,98,252,98,252,118,240,118,下
﻿240,118,252,118,252,139,240,139,上
﻿240,139,252,139,252,160,240,160,柱
﻿240,160,252,160,252,181,240,181,國
﻿240,181,252,181,252,202,240,202,天
﻿240,202,252,202,252,222,240,222,子
﻿240,222,252,222,252,243,240,243,義
﻿240,243,252,243,252,264,240,264,弟
﻿240,264,252,264,252,285,240,285,輔
﻿240,285,252,285,252,306,240,306,國
﻿225,16,239,16,239,37,225,37,上
﻿225,37,239,37,239,58,225,58,将
﻿225,58,239,58,239,79,225,79,軍
﻿225,79,239,79,239,100,225,100,開
﻿225,100,239,100,239,121,225,121,國
﻿225,121,239,121,239,142,225,142,公
﻿225,142,239,142,239,163,225,163,復
﻿225,163,239,163,239,184,225,184,以
﻿225,184,239,184,239,205,225,205,公
﻿225,205,239,205,239,226,225,226,拜
﻿225,226,239,226,239,247,225,247,太
﻿225,247,239,247,239,268,225,268,尉
﻿225,268,239,268,239,290,225,290,卒
﻿228,307,247,307,247,333,228,333,秋
﻿228,333,247,333,247,359,228,359,九
﻿228,359,247,359,247,385,228,385,月
﻿228,385,247,385,247,411,228,411,作
﻿197,15,222,15,222,35,197,35,白
﻿197,35,222,35,222,56,197,56,薨
﻿197,56,222,56,222,77,197,77,㙮
﻿197,77,222,77,222,98,197,98,於
﻿197,98,222,98,222,119,197,119,延
﻿197,119,222,119,222,140,197,140,祐
﻿197,140,222,140,222,161,197,161,寺
﻿197,161,222,161,222,182,197,182,二
﻿197,182,222,182,222,203,197,203,作
﻿197,203,222,203,222,223,197,223,石
﻿197,223,222,223,222,244,197,244,薨
﻿197,244,222,244,222,265,197,265,㙮
﻿197,265,222,265,222,286,197,286,於
﻿197,286,222,286,222,307,197,307,覧
﻿197,307,222,307,222,328,197,328,山
﻿197,328,222,328,222,349,197,349,寺
﻿197,349,222,349,222,370,197,370,三
﻿197,370,222,370,222,391,197,391,時
﻿197,391,222,391,222,412,197,412,帝
﻿166,16,194,16,194,36,166,36,重
﻿166,36,194,36,194,57,166,57,修
﻿166,57,194,57,194,78,166,78,延
﻿166,78,194,78,194,99,166,99,祐
﻿166,99,194,99,194,120,166,120,寺
﻿166,120,194,120,194,141,166,141,增
﻿166,141,194,141,194,162,166,162,於
﻿166,162,194,162,194,183,166,183,舊
﻿166,183,194,183,194,204,166,204,貫
﻿166,204,194,204,194,224,166,224,浚
﻿166,224,194,224,194,245,166,245,蓮
﻿166,245,194,245,194,266,166,266,花
﻿166,266,194,266,194,287,166,287,臺
﻿166,287,194,287,194,308,166,308,池
﻿166,308,194,308,194,329,166,329,名
﻿166,329,194,329,194,350,166,350,曰
﻿166,350,194,350,194,371,166,371,靈
﻿166,371,194,371,194,392,166,392,沼
﻿166,392,194,392,194,413,166,413,池
﻿137,15,160,15,160,35,137,35,池
﻿137,35,160,35,160,56,137,56,之
﻿137,56,160,56,160,77,137,77,外
﻿137,77,160,77,160,98,137,98,繚
﻿137,98,160,98,160,118,137,118,以
﻿137,118,160,118,160,139,137,139,畫
﻿137,139,160,139,160,160,137,160,廊
﻿137,160,160,160,160,181,137,181,廊
﻿137,181,160,181,160,202,137,202,之
﻿137,202,160,202,160,222,137,222,外
﻿137,222,160,222,160,243,137,243,又
﻿137,243,160,243,160,264,137,264,疏
﻿137,264,160,264,160,285,137,285,碧
﻿137,285,160,285,160,306,137,306,池
﻿137,306,160,306,160,326,137,326,並
﻿137,326,160,326,160,347,137,347,架
﻿137,347,160,347,160,368,137,368,𢒎
﻿137,368,160,368,160,389,137,389,橋
﻿137,389,160,389,160,410,137,410,以
﻿105,15,131,15,131,35,105,35,通
﻿105,35,131,35,131,56,105,56,之
﻿105,56,131,56,131,77,105,77,庭
﻿105,77,131,77,131,97,105,97,前
﻿105,97,131,97,131,118,105,118,立
﻿105,118,131,118,131,139,105,139,寳
﻿105,139,131,139,131,160,105,160,㙮
﻿105,160,131,160,131,180,105,180,以
﻿105,180,131,180,131,201,105,201,月
﻿105,201,131,201,131,222,105,222,之
﻿105,222,131,222,131,243,105,243,朔
﻿105,243,131,243,131,263,105,263,望
﻿105,263,131,263,131,284,105,284,及
﻿105,284,131,284,131,305,105,305,夏
﻿105,305,131,305,131,326,105,326,之
﻿105,326,131,326,131,346,105,346,四
﻿105,346,131,346,131,367,105,367,月
﻿105,367,131,367,131,388,105,388,八
﻿105,388,131,388,131,409,105,409,日
﻿75,13,99,13,99,34,75,34,車
﻿75,34,99,34,99,55,75,55,駕
﻿75,55,99,55,99,76,75,76,臨
﻿75,76,99,76,99,97,75,97,幸
﻿75,97,99,97,99,118,75,118,設
﻿75,118,99,118,99,139,75,139,祈
﻿75,139,99,139,99,160,75,160,祚
﻿75,160,99,160,99,181,75,181,之
﻿75,181,99,181,99,202,75,202,儀
﻿75,202,99,202,99,223,75,223,陳
﻿75,223,99,223,99,244,75,244,浴
﻿75,244,99,244,99,265,75,265,佛
﻿75,265,99,265,99,286,75,286,之
﻿75,286,99,286,99,307,75,307,式
﻿75,307,99,307,99,328,75,328,歲
﻿75,328,99,328,99,349,75,349,以
﻿75,349,99,349,99,370,75,370,爲
﻿75,370,99,370,99,392,75,392,常
﻿46,13,73,13,73,33,46,33,丙
﻿46,33,73,33,73,54,46,54,戌
﻿46,54,73,54,73,75,46,75,六
﻿46,75,73,75,73,96,46,96,年
﻿59,99,73,99,73,118,59,118,宋
﻿59,118,73,118,73,138,59,138,崇
﻿59,138,73,138,73,158,59,158,寕
﻿44,99,57,99,57,114,44,114,五
﻿44,114,57,114,57,130,44,130,年
﻿45,159,68,159,68,181,45,181,春
﻿45,181,68,181,68,204,45,204,正
﻿45,204,68,204,68,227,45,227,月
﻿45,227,68,227,68,249,45,249,彗
﻿45,249,68,249,68,272,45,272,星
﻿45,272,68,272,68,295,45,295,見
﻿45,295,68,295,68,318,45,318,西
﻿45,318,68,318,68,340,45,340,方
﻿45,340,68,340,68,363,45,363,長
﻿45,363,68,363,68,386,45,386,竟
﻿45,386,68,386,68,409,45,409,天
﻿17,12,39,12,39,33,17,33,太
﻿17,33,39,33,39,54,17,54,白
﻿17,54,39,54,39,75,17,75,晝
﻿17,75,39,75,39,96,17,96,見
﻿17,96,39,96,39,118,17,118,赦
﻿17,118,39,118,39,139,17,139,除
﻿17,139,39,139,39,160,17,160,逆
﻿17,160,39,160,39,181,17,181,黨
﻿17,181,39,181,39,203,17,203,人
