252,63,273,63,273,84,252,84,仁
﻿252,84,273,84,273,105,252,105,傑
﻿252,105,273,105,273,127,252,127,等
﻿252,127,273,127,273,148,252,148,八
﻿252,148,273,148,273,170,252,170,名
﻿252,170,273,170,273,191,252,191,同
﻿252,191,273,191,273,212,252,212,進
﻿252,212,273,212,273,234,252,234,士
﻿252,234,273,234,273,255,252,255,出
﻿252,255,273,255,273,277,252,277,身
﻿252,277,273,277,273,298,252,298,夏
﻿252,298,273,298,273,319,252,319,四
﻿252,319,273,319,273,341,252,341,月
﻿252,341,273,341,273,362,252,362,論
﻿252,362,273,362,273,384,252,384,平
﻿252,384,273,384,273,405,252,405,賊
﻿252,405,273,405,273,427,252,427,收
﻿223,60,244,60,244,80,223,80,復
﻿223,80,244,80,244,100,223,100,境
﻿223,100,244,100,244,121,223,121,土
﻿223,121,244,121,244,141,223,141,功
﻿223,141,244,141,244,161,223,161,陞
﻿223,161,244,161,244,182,223,182,黎
﻿223,182,244,182,244,202,223,202,時
﻿223,202,244,202,244,222,223,222,憲
﻿223,222,244,222,244,243,223,243,爲
﻿223,243,244,243,244,263,223,263,副
﻿223,263,244,263,244,283,223,283,将
﻿223,283,244,283,244,304,223,304,少
﻿223,304,244,304,244,324,223,324,尉
﻿223,324,244,324,244,344,223,344,開
﻿223,344,244,344,244,365,223,365,營
﻿223,365,244,365,244,385,223,385,號
﻿223,385,244,385,244,405,223,405,左
﻿223,405,244,405,244,426,223,426,中
﻿194,61,218,61,218,81,194,81,軍
﻿194,81,218,81,218,101,194,101,頒
﻿194,101,218,101,218,122,194,122,營
﻿194,122,218,122,218,142,194,142,印
﻿194,142,218,142,218,163,194,163,黄
﻿194,163,218,163,218,183,194,183,義
﻿194,183,218,183,218,204,194,204,膠
﻿194,204,218,204,218,224,194,224,爲
﻿194,224,218,224,218,245,194,245,副
﻿194,245,218,245,218,265,194,265,将
﻿194,265,218,265,218,285,194,285,左
﻿194,285,218,285,218,306,194,306,都
﻿194,306,218,306,218,326,194,326,督
﻿194,326,218,326,218,347,194,347,又
﻿194,347,218,347,218,367,194,367,以
﻿194,367,218,367,218,388,194,388,陳
﻿194,388,218,388,218,408,194,408,文
﻿194,408,218,408,218,429,194,429,󰱇
﻿165,63,188,63,188,83,165,83,阮
﻿165,83,188,83,188,103,165,103,能
﻿165,103,188,103,188,124,165,124,紹
﻿165,124,188,124,188,144,165,144,潘
﻿165,144,188,144,188,164,165,164,兼
﻿165,164,188,164,188,185,165,185,全
﻿165,185,188,185,188,205,165,205,等
﻿165,205,188,205,188,225,165,225,參
﻿165,225,188,225,188,246,165,246,謀
﻿165,246,188,246,188,266,165,266,籌
﻿165,266,188,266,188,286,165,286,畫
﻿165,286,188,286,188,307,165,307,有
﻿165,307,188,307,188,327,165,327,功
﻿165,327,188,327,188,347,165,347,陞
﻿165,347,188,347,188,368,165,368,文
﻿165,368,188,368,188,388,165,388,󰱇
﻿165,388,188,388,188,408,165,408,爲
﻿165,408,188,408,188,429,165,429,御
﻿136,61,159,61,159,81,136,81,史
﻿136,81,159,81,159,101,136,101,󰱑
﻿136,101,159,101,159,122,136,122,都
﻿136,122,159,122,159,142,136,142,御
﻿136,142,159,142,159,162,136,162,史
﻿136,162,159,162,159,183,136,183,川
﻿136,183,159,183,159,203,136,203,郡
﻿136,203,159,203,159,223,136,223,公
﻿136,223,159,223,159,244,136,244,䏻
﻿136,244,159,244,159,264,136,264,紹
﻿136,264,159,264,159,284,136,284,爲
﻿136,284,159,284,159,305,136,305,御
﻿136,305,159,305,159,325,136,325,史
﻿136,325,159,325,159,345,136,345,󰱑
﻿136,345,159,345,159,366,136,366,副
﻿136,366,159,366,159,386,136,386,都
﻿136,386,159,386,159,406,136,406,御
﻿136,406,159,406,159,427,136,427,史
﻿107,63,129,63,129,83,107,83,陽
﻿107,83,129,83,129,103,107,103,郡
﻿107,103,129,103,129,123,107,123,公
﻿107,123,129,123,129,143,107,143,兼
﻿107,143,129,143,129,164,107,164,全
﻿107,164,129,164,129,184,107,184,爲
﻿107,184,129,184,129,204,107,204,吏
﻿107,204,129,204,129,224,107,224,部
﻿107,224,129,224,129,245,107,245,右
﻿107,245,129,245,129,265,107,265,侍
﻿107,265,129,265,129,285,107,285,郎
﻿107,285,129,285,129,305,107,305,瑞
﻿107,305,129,305,129,325,107,325,郡
﻿107,325,129,325,129,346,107,346,公
﻿107,346,129,346,129,366,107,366,又
﻿107,366,129,366,129,386,107,386,以
﻿107,386,129,386,129,406,107,406,黎
﻿107,406,129,406,129,427,107,427,仕
﻿77,61,99,61,99,81,77,81,澈
﻿77,81,99,81,99,101,77,101,奉
﻿77,101,99,101,99,122,77,122,差
﻿77,122,99,122,99,142,77,142,參
﻿77,142,99,142,99,163,77,163,視
﻿77,163,99,163,99,183,77,183,有
﻿77,183,99,183,99,204,77,204,功
﻿77,204,99,204,99,224,77,224,陞
﻿77,224,99,224,99,245,77,245,爲
﻿77,245,99,245,99,265,77,265,户
﻿77,265,99,265,99,285,77,285,部
﻿77,285,99,285,99,306,77,306,左
﻿77,306,99,306,99,326,77,326,侍
﻿77,326,99,326,99,347,77,347,郎
﻿77,347,99,347,99,367,77,367,桂
﻿77,367,99,367,99,388,77,388,海
﻿77,388,99,388,99,408,77,408,侯
﻿77,408,99,408,99,429,77,429,其
﻿47,62,70,62,70,82,47,82,餘
﻿47,82,70,82,70,102,47,102,属
﻿47,102,70,102,70,122,47,122,将
﻿47,122,70,122,70,143,47,143,黎
﻿47,143,70,143,70,163,47,163,文
﻿47,163,70,163,70,183,47,183,隆
﻿47,183,70,183,70,203,47,203,黎
﻿47,203,70,203,70,224,47,224,文
﻿47,224,70,224,70,244,47,244,進
﻿47,244,70,244,70,264,47,264,劉
﻿47,264,70,264,70,285,47,285,世
﻿47,285,70,285,70,305,47,305,賡
﻿47,305,70,305,70,325,47,325,陳
﻿47,325,70,325,70,345,47,345,公
﻿47,345,70,345,70,366,47,366,衛
﻿47,366,70,366,70,386,47,386,等
﻿47,386,70,386,70,406,47,406,二
﻿47,406,70,406,70,427,47,427,十
﻿17,61,41,61,41,81,17,81,六
﻿17,81,41,81,41,101,17,101,員
﻿17,101,41,101,41,122,17,122,並
﻿17,122,41,122,41,142,17,142,陞
﻿17,142,41,142,41,163,17,163,職
﻿17,163,41,163,41,183,17,183,爵
﻿17,183,41,183,41,204,17,204,賞
﻿17,204,41,204,41,224,17,224,給
﻿17,224,41,224,41,245,17,245,民
﻿17,245,41,245,41,265,17,265,禄
﻿17,265,41,265,41,285,17,285,有
﻿17,285,41,285,41,306,17,306,差
﻿17,306,41,306,41,326,17,326,又
﻿17,326,41,326,41,347,17,347,以
﻿17,347,41,347,41,367,17,367,鄭
﻿17,367,41,367,41,388,17,388,棟
﻿17,388,41,388,41,408,17,408,鄭
﻿17,408,41,408,41,429,17,429,榩
