241,15,268,15,268,35,241,35,戊
﻿241,35,268,35,268,56,241,56,戌
﻿241,56,268,56,268,77,241,77,二
﻿241,77,268,77,268,97,241,97,十
﻿241,97,268,97,268,118,241,118,一
﻿241,118,268,118,268,139,241,139,年
﻿252,140,267,140,267,159,252,159,明
﻿252,159,267,159,267,178,252,178,萬
﻿252,178,267,178,267,198,252,198,曆
﻿239,140,251,140,251,155,239,155,正
﻿239,155,251,155,251,170,239,170,二
﻿239,170,251,170,251,185,239,185,十
﻿239,185,251,185,251,201,239,201,六
﻿239,204,266,204,266,224,239,224,年
﻿239,224,266,224,266,244,239,244,月
﻿239,244,266,244,266,264,239,264,十
﻿239,264,266,264,266,285,239,285,六
﻿239,285,266,285,266,305,239,305,日
﻿239,305,266,305,266,325,239,325,頒
﻿239,325,266,325,266,346,239,346,大
﻿239,346,266,346,266,366,239,366,赦
﻿239,366,266,366,266,386,239,386,布
﻿239,386,266,386,266,407,239,407,誥
﻿211,37,234,37,234,58,211,58,天
﻿211,58,234,58,234,80,211,80,下
﻿211,80,234,80,234,101,211,101,一
﻿211,101,234,101,234,123,211,123,切
﻿211,123,234,123,234,144,211,144,盗
﻿211,144,234,144,234,166,211,166,刼
﻿211,166,234,166,234,188,211,188,迯
﻿211,188,234,188,234,209,211,209,囚
﻿211,209,234,209,234,231,211,231,及
﻿211,231,234,231,234,252,211,252,經
﻿211,252,234,252,234,274,211,274,年
﻿211,274,234,274,234,296,211,296,賦
﻿211,296,234,296,234,317,211,317,税
﻿211,317,234,317,234,339,211,339,並
﻿211,339,234,339,234,360,211,360,皆
﻿211,360,234,360,234,382,211,382,赦
﻿211,382,234,382,234,404,211,404,免
﻿181,36,202,36,202,56,181,56,二
﻿181,56,202,56,202,77,181,77,月
﻿181,77,202,77,202,97,181,97,詔
﻿181,97,202,97,202,118,181,118,陞
﻿181,118,202,118,202,138,181,138,公
﻿181,138,202,138,202,159,181,159,子
﻿181,159,202,159,202,179,181,179,鄭
﻿181,179,202,179,202,200,181,200,𭫨
﻿181,200,202,200,202,221,181,221,為
﻿181,221,202,221,202,241,181,241,平
﻿181,241,202,241,202,262,181,262,郡
﻿181,262,202,262,202,282,181,282,公
﻿181,282,202,282,202,303,181,303,使
﻿181,303,202,303,202,323,181,323,督
﻿181,323,202,323,202,344,181,344,率
﻿181,344,202,344,202,364,181,364,兵
﻿181,364,202,364,202,385,181,385,馬
﻿181,385,202,385,202,406,181,406,以
﻿150,37,172,37,172,58,150,58,防
﻿150,58,172,58,172,80,150,80,盗
﻿150,80,172,80,172,101,150,101,賊
﻿150,101,172,101,172,123,150,123,三
﻿150,123,172,123,172,145,150,145,月
﻿150,145,172,145,172,166,150,166,旱
﻿150,166,172,166,172,188,150,188,西
﻿150,188,172,188,172,210,150,210,北
﻿150,210,172,210,172,231,150,231,多
﻿150,231,172,231,172,253,150,253,風
﻿150,253,172,253,172,275,150,275,起
﻿150,275,172,275,172,296,150,296,禾
﻿150,296,172,296,172,318,150,318,榖
﻿150,318,172,318,172,340,150,340,草
﻿150,340,172,340,172,361,150,361,木
﻿150,361,172,361,172,383,150,383,枯
﻿150,383,172,383,172,405,150,405,死
﻿119,37,138,37,138,58,119,58,節
﻿119,58,138,58,138,80,119,80,制
﻿119,80,138,80,138,102,119,102,鄭
﻿119,102,138,102,138,124,119,124,松
﻿119,124,138,124,138,146,119,146,使
﻿119,146,138,146,138,168,119,168,右
﻿119,168,138,168,138,190,119,190,将
﻿119,190,138,190,138,212,119,212,黄
﻿119,212,138,212,138,234,119,234,廷
﻿119,234,138,234,138,256,119,256,爱
﻿119,256,138,256,138,278,119,278,将
﻿119,278,138,278,138,300,119,300,兵
﻿119,300,138,300,138,322,119,322,攻
﻿119,322,138,322,138,344,119,344,畧
﻿119,344,138,344,138,366,119,366,陸
﻿119,366,138,366,138,388,119,388,岸
﻿119,388,138,388,138,410,119,410,󰱐
﻿88,35,110,35,110,55,88,55,䧺
﻿88,55,110,55,110,76,88,76,禮
﻿88,76,110,76,110,97,88,97,之
﻿88,97,110,97,110,118,88,118,子
﻿88,118,110,118,110,138,88,138,莫
﻿88,138,110,138,110,159,88,159,敬
﻿88,159,110,159,110,180,88,180,倫
﻿88,180,110,180,110,201,88,201,并
﻿88,201,110,201,110,222,88,222,馬
﻿88,222,110,222,110,242,88,242,三
﻿88,242,110,242,110,263,88,263,十
﻿88,263,110,263,110,284,88,284,五
﻿88,284,110,284,110,305,88,305,匹
﻿88,305,110,305,110,325,88,325,及
﻿88,325,110,325,110,346,88,346,噐
﻿88,346,110,346,110,367,88,367,械
﻿88,367,110,367,110,388,88,388,而
﻿88,388,110,388,110,409,88,409,還
﻿58,35,79,35,79,56,58,56,節
﻿58,56,79,56,79,78,58,78,制
﻿58,78,79,78,79,100,58,100,鄭
﻿58,100,79,100,79,122,58,122,松
﻿58,122,79,122,79,144,58,144,又
﻿58,144,79,144,79,166,58,166,使
﻿58,166,79,166,79,188,58,188,太
﻿58,188,79,188,79,210,58,210,尉
﻿58,210,79,210,79,231,58,231,阮
﻿58,231,79,231,79,253,58,253,黄
﻿58,253,79,253,79,275,58,275,領
﻿58,275,79,275,79,297,58,297,水
﻿58,297,79,297,79,319,58,319,軍
﻿58,319,79,319,79,341,58,341,畧
﻿58,341,79,341,79,363,58,363,定
﻿58,363,79,363,79,385,58,385,海
﻿58,385,79,385,79,407,58,407,陽
﻿30,35,49,35,49,55,30,55,攻
﻿30,55,49,55,49,76,30,76,破
﻿30,76,49,76,49,96,30,96,水
﻿30,96,49,96,49,117,30,117,郡
﻿30,117,49,117,49,138,30,138,父
﻿30,138,49,138,49,158,30,158,子
﻿30,158,49,158,49,179,30,179,及
﻿30,179,49,179,49,199,30,199,徒
﻿30,199,49,199,49,220,30,220,黨
﻿30,220,49,220,49,241,30,241,水
﻿30,241,49,241,49,261,30,261,郡
﻿30,261,49,261,49,282,30,282,走
﻿30,282,49,282,49,302,30,302,入
﻿30,302,49,302,49,323,30,323,水
﻿30,323,49,323,49,344,30,344,棠
﻿30,344,49,344,49,364,30,364,㨿
﻿30,364,49,364,49,385,30,385,山
﻿30,385,49,385,49,406,30,406,峙
﻿3,34,20,34,20,54,3,54,官
﻿3,54,20,54,20,75,3,75,軍
﻿3,75,20,75,20,96,3,96,乃
﻿3,96,20,96,20,117,3,117,還
﻿3,117,20,117,20,138,3,138,水
﻿3,138,20,138,20,159,3,159,郡
﻿3,159,20,159,20,180,3,180,使
﻿3,180,20,180,20,201,3,201,其
﻿3,201,20,201,20,222,3,222,黨
﻿3,222,20,222,20,242,3,242,瑞
﻿3,242,20,242,20,263,3,263,郡
﻿3,263,20,263,20,284,3,284,瓊
﻿3,284,20,284,20,305,3,305,郡
﻿3,305,20,305,20,326,3,326,侵
﻿3,326,20,326,20,347,3,347,掠
﻿3,347,20,347,20,368,3,368,青
﻿3,368,20,368,20,389,3,389,林
﻿3,389,20,389,20,410,3,410,青
