236,65,258,65,258,85,236,85,光
﻿236,85,258,85,258,106,236,106,華
﻿236,106,258,106,258,127,236,127,等
﻿236,127,258,127,258,147,236,147,二
﻿236,147,258,147,258,168,236,168,人
﻿236,168,258,168,258,189,236,189,同
﻿236,189,258,189,258,209,236,209,進
﻿236,209,258,209,258,230,236,230,士
﻿236,230,258,230,258,251,236,251,出
﻿236,251,258,251,258,272,236,272,身
﻿204,63,229,63,229,83,204,83,九
﻿204,83,229,83,229,104,204,104,月
﻿204,104,229,104,229,125,204,125,流
﻿204,125,229,125,229,145,204,145,星
﻿204,145,229,145,229,166,204,166,大
﻿204,166,229,166,229,187,204,187,作
﻿204,187,229,187,229,207,204,207,聲
﻿204,207,229,207,229,228,204,228,如
﻿204,228,229,228,229,249,204,249,巨
﻿204,249,229,249,229,269,204,269,雷
﻿204,269,229,269,229,290,204,290,又
﻿204,290,229,290,229,311,204,311,有
﻿204,311,229,311,229,331,204,331,彗
﻿204,331,229,331,229,352,204,352,星
﻿204,352,229,352,229,373,204,373,出
﻿173,64,197,64,197,84,173,84,十
﻿173,84,197,84,197,104,173,104,月
﻿173,104,197,104,197,125,173,125,莫
﻿173,125,197,125,197,145,173,145,敬
﻿173,145,197,145,197,166,173,166,典
﻿173,166,197,166,197,186,173,186,卒
﻿173,186,197,186,197,207,173,207,敬
﻿173,207,197,207,197,227,173,227,典
﻿173,227,197,227,197,248,173,248,仁
﻿173,248,197,248,197,268,173,268,厚
﻿173,268,197,268,197,288,173,288,勇
﻿173,288,197,288,197,309,173,309,畧
﻿173,309,197,309,197,329,173,329,聰
﻿173,329,197,329,197,350,173,350,慧
﻿173,350,197,350,197,370,173,370,敏
﻿173,370,197,370,197,391,173,391,達
﻿173,391,197,391,197,411,173,411,履
﻿173,411,197,411,197,432,173,432,歷
﻿145,64,171,64,171,84,145,84,艱
﻿145,84,171,84,171,104,145,104,險
﻿145,104,171,104,171,125,145,125,勤
﻿145,125,171,125,171,145,145,145,勞
﻿145,145,171,145,171,165,145,165,忠
﻿145,165,171,165,171,186,145,186,誠
﻿145,186,171,186,171,206,145,206,生
﻿145,206,171,206,171,226,145,226,子
﻿145,226,171,226,171,247,145,247,九
﻿145,247,171,247,171,267,145,267,人
﻿145,267,171,267,171,287,145,287,長
﻿145,287,171,287,171,308,145,308,敬
﻿145,308,171,308,171,328,145,328,止
﻿145,328,171,328,171,348,145,348,封
﻿145,348,171,348,171,369,145,369,唐
﻿145,369,171,369,171,389,145,389,安
﻿145,389,171,389,171,409,145,409,王
﻿145,409,171,409,171,430,145,430,副
﻿114,64,139,64,139,84,114,84,總
﻿114,84,139,84,139,104,114,104,帥
﻿114,104,139,104,139,124,114,124,次
﻿114,124,139,124,139,145,114,145,敬
﻿114,145,139,145,139,165,114,165,直
﻿114,165,139,165,139,185,114,185,封
﻿114,185,139,185,139,205,114,205,忠
﻿114,205,139,205,139,226,114,226,謹
﻿114,226,139,226,139,246,114,246,公
﻿114,246,139,246,139,266,114,266,錦
﻿114,266,139,266,139,287,114,287,衣
﻿114,287,139,287,139,307,114,307,衛
﻿114,307,139,307,139,327,114,327,掌
﻿114,327,139,327,139,347,114,347,衛
﻿114,347,139,347,139,368,114,368,事
﻿114,368,139,368,139,388,114,388,敬
﻿114,388,139,388,139,408,114,408,敷
﻿114,408,139,408,139,429,114,429,封
﻿83,65,110,65,110,85,83,85,端
﻿83,85,110,85,110,105,83,105,亮
﻿83,105,110,105,110,126,83,126,公
﻿83,126,110,126,110,146,83,146,興
﻿83,146,110,146,110,166,83,166,國
﻿83,166,110,166,110,187,83,187,衛
﻿83,187,110,187,110,207,83,207,掌
﻿83,207,110,207,110,227,83,227,衛
﻿83,227,110,227,110,248,83,248,事
﻿83,248,110,248,110,268,83,268,敬
﻿83,268,110,268,110,288,83,288,簡
﻿83,288,110,288,110,309,83,309,封
﻿83,309,110,309,110,329,83,329,惠
﻿83,329,110,329,110,349,83,349,成
﻿83,349,110,349,110,370,83,370,公
﻿83,370,110,370,110,390,83,390,昭
﻿83,390,110,390,110,410,83,410,武
﻿83,410,110,410,110,431,83,431,衛
﻿55,62,80,62,80,82,55,82,掌
﻿55,82,80,82,80,102,55,102,衛
﻿55,102,80,102,80,123,55,123,事
﻿55,123,80,123,80,143,55,143,敬
﻿55,143,80,143,80,163,55,163,遵
﻿55,163,80,163,80,184,55,184,封
﻿55,184,80,184,80,204,55,204,勇
﻿55,204,80,204,80,225,55,225,義
﻿55,225,80,225,80,245,55,245,公
﻿55,245,80,245,80,265,55,265,朝
﻿55,265,80,265,80,286,55,286,東
﻿55,286,80,286,80,306,55,306,衛
﻿55,306,80,306,80,327,55,327,掌
﻿55,327,80,327,80,347,55,347,衛
﻿55,347,80,347,80,367,55,367,事
﻿55,367,80,367,80,388,55,388,敬
﻿55,388,80,388,80,408,55,408,慎
﻿55,408,80,408,80,429,55,429,封
﻿27,66,52,66,52,86,27,86,達
﻿27,86,52,86,52,106,27,106,禮
﻿27,106,52,106,52,126,27,126,公
﻿27,126,52,126,52,146,27,146,敬
﻿27,146,52,146,52,166,27,166,恭
﻿27,166,52,166,52,187,27,187,封
﻿27,187,52,187,52,207,27,207,󰦛
﻿27,207,52,207,52,227,27,227,厚
﻿27,227,52,227,52,247,27,247,公
﻿27,247,52,247,52,267,27,267,敬
﻿27,267,52,267,52,287,27,287,體
﻿27,287,52,287,52,308,27,308,封
﻿27,308,52,308,52,328,27,328,匡
﻿27,328,52,328,52,348,27,348,輔
﻿27,348,52,348,52,368,27,368,公
﻿27,368,52,368,52,388,27,388,敬
﻿27,388,52,388,52,408,27,408,邦
﻿27,408,52,408,52,429,27,429,未
﻿2,68,25,68,25,87,2,87,得
﻿2,87,25,87,25,107,2,107,封
﻿2,107,25,107,25,127,2,127,女
﻿2,127,25,127,25,147,2,147,九
﻿2,147,25,147,25,167,2,167,人
﻿2,167,25,167,25,187,2,187,長
﻿2,187,25,187,25,207,2,207,玉
﻿2,207,25,207,25,227,2,227,󱗵
﻿2,227,25,227,25,247,2,247,封
﻿2,247,25,247,25,267,2,267,良
﻿2,267,25,267,25,287,2,287,郡
﻿2,287,25,287,25,307,2,307,上
﻿2,307,25,307,25,327,2,327,主
﻿2,327,25,327,25,347,2,347,次
﻿2,347,25,347,25,367,2,367,玉
﻿2,367,25,367,25,387,2,387,琯
﻿2,387,25,387,25,407,2,407,封
﻿2,407,25,407,25,427,2,427,宜
