255,59,281,59,281,79,255,79,民
﻿255,79,281,79,281,100,255,100,如
﻿255,100,281,100,281,121,255,121,傷
﻿255,121,281,121,281,142,255,142,不
﻿255,142,281,142,281,163,255,163,興
﻿255,163,281,163,281,183,255,183,土
﻿255,183,281,183,281,204,255,204,木
﻿255,204,281,204,281,225,255,225,不
﻿255,225,281,225,281,246,255,246,事
﻿255,246,281,246,281,267,255,267,逰
﻿255,267,281,267,281,288,255,288,畋
﻿255,288,281,288,281,308,255,308,不
﻿255,308,281,308,281,329,255,329,邇
﻿255,329,281,329,281,350,255,350,聲
﻿255,350,281,350,281,371,255,371,色
﻿255,371,281,371,281,392,255,392,不
﻿255,392,281,392,281,413,255,413,󰱏
﻿228,56,253,56,253,77,228,77,財
﻿228,77,253,77,253,98,228,98,貨
﻿228,98,253,98,253,119,228,119,厚
﻿228,119,253,119,253,140,228,140,往
﻿228,140,253,140,253,161,228,161,簿
﻿228,161,253,161,253,182,228,182,來
﻿228,182,253,182,253,203,228,203,内
﻿228,203,253,203,253,224,228,224,寧
﻿228,224,253,224,253,245,228,245,外
﻿228,245,253,245,253,266,228,266,撫
﻿228,266,253,266,253,287,228,287,戒
﻿228,287,253,287,253,308,228,308,劾
﻿228,308,253,308,253,329,228,329,邉
﻿228,329,253,329,253,350,228,350,将
﻿228,350,253,350,253,371,228,371,勿
﻿228,371,253,371,253,392,228,392,開
﻿228,392,253,392,253,413,228,413,釁
﻿197,57,222,57,222,77,197,77,隙
﻿197,77,222,77,222,98,197,98,及
﻿197,98,222,98,222,119,197,119,占
﻿197,119,222,119,222,140,197,140,城
﻿197,140,222,140,222,161,197,161,再
﻿197,161,222,161,222,182,197,182,㓂
﻿197,182,222,182,222,203,197,203,化
﻿197,203,222,203,222,224,197,224,州
﻿197,224,222,224,222,244,197,244,乃
﻿197,244,222,244,222,265,197,265,命
﻿197,265,222,265,222,286,197,286,將
﻿197,286,222,286,222,307,197,307,出
﻿197,307,222,307,222,328,197,328,師
﻿197,328,222,328,222,349,197,349,擒
﻿197,349,222,349,222,370,197,370,其
﻿197,370,222,370,222,391,197,391,主
﻿197,391,222,391,222,412,197,412,賁
﻿166,55,193,55,193,75,166,75,該
﻿166,75,193,75,193,96,166,96,大
﻿166,96,193,96,193,117,166,117,󰘊
﻿166,117,193,117,193,138,166,138,畏
﻿166,138,193,138,193,159,166,159,威
﻿166,159,193,159,193,180,166,180,小
﻿166,180,193,180,193,201,166,201,󰘊
﻿166,201,193,201,193,222,166,222,懷
﻿166,222,193,222,193,243,166,243,德
﻿166,243,193,243,193,264,166,264,凡
﻿166,264,193,264,193,285,166,285,政
﻿166,285,193,285,193,306,166,306,事
﻿166,306,193,306,193,327,166,327,率
﻿166,327,193,327,193,348,166,348,由
﻿166,348,193,348,193,369,166,369,舊
﻿166,369,193,369,193,390,166,390,章
﻿166,390,193,390,193,411,166,411,皆
﻿135,53,162,53,162,74,135,74,有
﻿135,74,162,74,162,95,135,95,成
﻿135,95,162,95,162,116,135,116,憲
﻿135,116,162,116,162,137,135,137,命
﻿135,137,162,137,162,158,135,158,廷
﻿135,158,162,158,162,179,135,179,臣
﻿135,179,162,179,162,200,135,200,󰍶
﻿135,200,162,200,162,221,135,221,會
﻿135,221,162,221,162,243,135,243,議
﻿135,243,162,243,162,264,135,264,當
﻿135,264,162,264,162,285,135,285,然
﻿135,285,162,285,162,306,135,306,後
﻿135,306,162,306,162,327,135,327,施
﻿135,327,162,327,162,348,135,348,行
﻿135,348,162,348,162,369,135,369,故
﻿135,369,162,369,162,390,135,390,善
﻿135,390,162,390,162,412,135,412,政
﻿105,53,130,53,130,74,105,74,善
﻿105,74,130,74,130,95,105,95,教
﻿105,95,130,95,130,116,105,116,敷
﻿105,116,130,116,130,137,105,137,于
﻿105,137,130,137,130,158,105,158,四
﻿105,158,130,158,130,179,105,179,海
﻿105,179,130,179,130,200,105,200,群
﻿105,200,130,200,130,221,105,221,生
﻿105,221,130,221,130,243,105,243,仰
﻿105,243,130,243,130,264,105,264,德
﻿105,264,130,264,130,285,105,285,世
﻿105,285,130,285,130,306,105,306,用
﻿105,306,130,306,130,327,105,327,丕
﻿105,327,130,327,130,348,105,348,平
﻿105,348,130,348,130,369,105,369,暴
﻿105,369,130,369,130,390,105,390,崩
﻿105,390,130,390,130,412,105,412,之
﻿72,55,99,55,99,75,72,75,?
﻿72,75,99,75,99,96,72,96,百
﻿72,96,99,96,99,117,72,117,姓
﻿72,117,99,117,99,138,72,138,若
﻿72,138,99,138,99,159,72,159,䘮
﻿72,159,99,159,99,180,72,180,考
﻿72,180,99,180,99,201,72,201,妣
﻿72,201,99,201,99,222,72,222,夫
﻿72,222,99,222,99,242,72,242,帝
﻿72,242,99,242,99,263,72,263,以
﻿72,263,99,263,99,284,72,284,如
﻿72,284,99,284,99,305,72,305,是
﻿72,305,99,305,99,326,72,326,之
﻿72,326,99,326,99,347,72,347,資
﻿72,347,99,347,99,368,72,368,而
﻿72,368,99,368,99,389,72,389,有
﻿72,389,99,389,99,410,72,410,如
﻿43,53,70,53,70,74,43,74,是
﻿43,74,70,74,70,95,43,95,之
﻿43,95,70,95,70,116,43,116,變
﻿43,116,70,116,70,137,43,137,𡸈
﻿43,137,70,137,70,158,43,158,非
﻿43,158,70,158,70,179,43,179,天
﻿43,179,70,179,70,200,43,200,地
﻿43,200,70,200,70,221,43,221,之
﻿43,221,70,221,70,243,43,243,大
﻿43,243,70,243,70,264,43,264,而
﻿43,264,70,264,70,285,43,285,人
﻿43,285,70,285,70,306,43,306,猶
﻿43,306,70,306,70,327,43,327,有
﻿43,327,70,327,70,348,43,348,所
﻿43,348,70,348,70,369,43,369,憾
﻿43,369,70,369,70,390,43,390,也
﻿43,390,70,390,70,412,43,412,歟
