211,32,221,32,221,43,211,43,#
﻿211,43,221,43,221,54,211,54,#
﻿211,54,221,54,221,66,211,66,#
﻿197,32,210,32,210,48,197,48,佺
﻿197,71,218,71,218,182,197,182,#
﻿197,182,218,182,218,293,197,293,#
﻿197,293,218,293,218,404,197,404,#
﻿166,31,188,31,188,52,166,52,為
﻿166,52,188,52,188,74,166,74,吏
﻿166,74,188,74,188,96,166,96,部
﻿166,96,188,96,188,118,166,118,尚
﻿166,118,188,118,188,140,166,140,書
﻿166,140,188,140,188,162,166,162,󰦛
﻿166,162,188,162,188,184,166,184,書
﻿166,184,188,184,188,206,166,206,伯
﻿166,206,188,206,188,227,166,227,清
﻿166,227,188,227,188,249,166,249,華
﻿166,249,188,249,188,271,166,271,參
﻿166,271,188,271,188,293,166,293,政
﻿166,293,188,293,188,315,166,315,阮
﻿166,315,188,315,188,337,166,337,時
﻿166,337,188,337,188,359,166,359,雍
﻿166,359,188,359,188,381,166,381,為
﻿166,381,188,381,188,403,166,403,御
﻿134,33,159,33,159,55,134,55,史
﻿134,55,159,55,159,77,134,77,󰱑
﻿134,77,159,77,159,99,134,99,都
﻿134,99,159,99,159,121,134,121,御
﻿134,121,159,121,159,143,134,143,史
﻿134,143,159,143,159,165,134,165,良
﻿134,165,159,165,159,187,134,187,文
﻿134,187,159,187,159,209,134,209,伯
﻿134,209,159,209,159,231,134,231,譚
﻿134,231,159,231,159,253,134,253,慎
﻿134,253,159,253,159,275,134,275,徽
﻿134,275,159,275,159,297,134,297,為
﻿134,297,159,297,159,319,134,319,刑
﻿134,319,159,319,159,341,134,341,部
﻿134,341,159,341,159,363,134,363,尚
﻿134,363,159,363,159,385,134,385,書
﻿134,385,159,385,159,407,134,407,翰
﻿105,32,129,32,129,53,105,53,林
﻿105,53,129,53,129,75,105,75,院
﻿105,75,129,75,129,97,105,97,侍
﻿105,97,129,97,129,119,105,119,讀
﻿105,119,129,119,129,140,105,140,參
﻿105,140,129,140,129,162,105,162,掌
﻿105,162,129,162,129,184,105,184,翰
﻿105,184,129,184,129,206,105,206,林
﻿105,206,129,206,129,227,105,227,院
﻿105,227,129,227,129,249,105,249,事
﻿105,249,129,249,129,271,105,271,梁
﻿105,271,129,271,129,293,105,293,得
﻿105,293,129,293,129,314,105,314,朋
﻿105,314,129,314,129,336,105,336,為
﻿105,336,129,336,129,358,105,358,吏
﻿105,358,129,358,129,380,105,380,部
﻿105,380,129,380,129,402,105,402,左
﻿74,33,98,33,98,56,74,56,侍
﻿74,56,98,56,98,79,74,79,郎
﻿74,79,98,79,98,102,74,102,議
﻿74,102,98,102,98,125,74,125,置
﻿74,125,98,125,98,148,74,148,提
﻿74,148,98,148,98,171,74,171,領
﻿74,171,98,171,98,194,74,194,官
﻿74,194,98,194,98,218,74,218,有
﻿74,218,98,218,98,241,74,241,掌
﻿74,241,98,241,98,264,74,264,提
﻿74,264,98,264,98,287,74,287,領
﻿74,287,98,287,98,310,74,310,同
﻿74,310,98,310,98,333,74,333,提
﻿74,333,98,333,98,356,74,356,領
﻿74,356,98,356,98,379,74,379,剛
﻿74,379,98,379,98,403,74,403,提
﻿44,32,65,32,65,53,44,53,領
﻿44,53,65,53,65,75,44,75,提
﻿44,75,65,75,65,97,44,97,領
﻿44,97,65,97,65,119,44,119,四
﻿44,119,65,119,65,141,44,141,城
﻿44,141,65,141,65,162,44,162,軍
﻿44,162,65,162,65,184,44,184,務
﻿44,184,65,184,65,206,44,206,事
﻿44,206,65,206,65,228,44,228,其
﻿44,228,65,228,65,250,44,250,職
﻿44,250,65,250,65,272,44,272,掌
﻿44,272,65,272,65,293,44,293,則
﻿44,293,65,293,65,315,44,315,巡
﻿44,315,65,315,65,337,44,337,警
﻿44,337,65,337,65,359,44,359,京
﻿44,359,65,359,65,381,44,381,師
﻿44,381,65,381,65,403,44,403,各
﻿12,32,35,32,35,53,12,53,處
﻿12,53,35,53,35,75,12,75,斥
﻿12,75,35,75,35,97,12,97,堠
﻿12,97,35,97,35,119,12,119,擒
﻿12,119,35,119,35,141,12,141,捕
﻿12,141,35,141,35,163,12,163,姦
﻿12,163,35,163,35,185,12,185,非
