249,11,269,11,269,32,249,32,報
﻿249,32,269,32,269,54,249,54,聘
﻿249,54,269,54,269,76,249,76,占
﻿249,76,269,76,269,98,249,98,城
﻿249,98,269,98,269,120,249,120,國
﻿249,120,269,120,269,142,249,142,王
﻿249,142,269,142,269,164,249,164,孫
﻿249,164,269,164,269,186,249,186,制
﻿249,186,269,186,269,208,249,208,荄
﻿249,208,269,208,269,230,249,230,入
﻿249,230,269,230,269,252,249,252,朝
﻿249,252,269,252,269,274,249,274,先
﻿249,274,269,274,269,296,249,296,是
﻿249,296,269,296,269,318,249,318,占
﻿249,318,269,318,269,340,249,340,城
﻿249,340,269,340,269,362,249,362,國
﻿249,362,269,362,269,384,249,384,使
﻿249,384,269,384,269,406,249,406,制
﻿219,13,242,13,242,33,219,33,冬
﻿219,33,242,33,242,54,219,54,献
﻿219,54,242,54,242,75,219,75,方
﻿219,75,242,75,242,95,219,95,物
﻿219,95,242,95,242,116,219,116,帝
﻿219,116,242,116,242,137,219,137,責
﻿219,137,242,137,242,157,219,157,其
﻿219,157,242,157,242,178,219,178,違
﻿219,178,242,178,242,199,219,199,禮
﻿219,199,242,199,242,219,219,219,拒
﻿219,219,242,219,242,240,219,240,之
﻿219,240,242,240,242,261,219,261,國
﻿219,261,242,261,242,281,219,281,王
﻿219,281,242,281,242,302,219,302,惧
﻿219,302,242,302,242,323,219,323,遣
﻿219,323,242,323,242,343,219,343,制
﻿219,343,242,343,242,364,219,364,荄
﻿219,364,242,364,242,385,219,385,入
﻿219,385,242,385,242,406,219,406,朝
﻿190,12,214,12,214,32,190,32,乙
﻿190,32,214,32,214,52,190,52,未
﻿190,52,214,52,214,72,190,72,二
﻿190,72,214,72,214,93,190,93,年
﻿202,94,217,94,217,112,202,112,宋
﻿202,112,217,112,217,131,202,131,至
﻿202,131,217,131,217,150,202,150,道
﻿189,95,201,95,201,114,189,114,元
﻿189,114,201,114,201,134,189,134,年
﻿191,153,215,153,215,174,191,174,封
﻿191,174,215,174,215,195,191,195,皇
﻿191,195,215,195,215,217,191,217,第
﻿191,217,215,217,215,238,191,238,十
﻿191,238,215,238,215,260,191,260,一
﻿191,260,215,260,215,281,191,281,子
﻿191,281,215,281,215,303,191,303,鍉
﻿204,308,217,308,217,323,204,323,即
﻿204,323,217,323,217,339,204,339,明
﻿188,304,203,304,203,322,188,322,提
﻿188,322,203,322,203,341,188,341,?
﻿191,343,213,343,213,363,191,363,爲
﻿191,363,213,363,213,384,191,384,行
﻿191,384,213,384,213,405,191,405,軍
﻿162,13,185,13,185,33,162,33,王
﻿162,33,185,33,185,54,162,54,居
﻿162,54,185,54,185,75,162,75,北
﻿162,75,185,75,185,96,162,96,岸
﻿162,96,185,96,185,117,162,117,古
﻿162,117,185,117,185,137,162,137,覽
﻿162,137,185,137,185,158,162,158,州
﻿162,158,185,158,185,179,162,179,義
﻿162,179,185,179,185,200,162,200,兒
﻿162,200,185,200,185,221,162,221,爲
﻿162,221,185,221,185,242,162,242,扶
﻿162,242,185,242,185,262,162,262,帶
﻿162,262,185,262,185,283,162,283,王
﻿162,283,185,283,185,304,162,304,居
﻿162,304,185,304,185,325,162,325,扶
﻿162,325,185,325,185,346,162,346,󰅾
﻿162,346,185,346,185,367,162,367,鄕
﻿132,33,155,33,155,53,132,53,史
﻿132,53,155,53,155,74,132,74,臣
﻿132,74,155,74,155,95,132,95,吳
﻿132,95,155,95,155,115,132,115,士
﻿132,115,155,115,155,136,132,136,連
﻿132,136,155,136,155,157,132,157,曰
﻿132,157,155,157,155,177,132,177,國
﻿132,177,155,177,155,198,132,198,君
﻿132,198,155,198,155,219,132,219,奉
﻿132,219,155,219,155,239,132,239,宗
﻿132,239,155,239,155,260,132,260,廟
﻿132,260,155,260,155,281,132,281,守
﻿132,281,155,281,155,301,132,301,社
﻿132,301,155,301,155,322,132,322,稷
﻿132,322,155,322,155,343,132,343,不
﻿132,343,155,343,155,363,132,363,幸
﻿132,363,155,363,155,384,132,384,無
﻿132,384,155,384,155,405,132,405,嗣
﻿102,31,125,31,125,51,102,51,則
﻿102,51,125,51,125,72,102,72,擇
﻿102,72,125,72,125,93,102,93,宗
﻿102,93,125,93,125,114,102,114,室
﻿102,114,125,114,125,135,102,135,子
﻿102,135,125,135,125,156,102,156,育
﻿102,156,125,156,125,176,102,176,爲
﻿102,176,125,176,125,197,102,197,以
﻿102,197,125,197,125,218,102,218,子
﻿102,218,125,218,125,239,102,239,將
﻿102,239,125,239,125,260,102,260,以
﻿102,260,125,260,125,281,102,281,傳
﻿102,281,125,281,125,301,102,301,之
﻿102,301,125,301,125,322,102,322,無
﻿102,322,125,322,125,343,102,343,窮
﻿102,343,125,343,125,364,102,364,則
﻿102,364,125,364,125,385,102,385,有
﻿102,385,125,385,125,406,102,406,之
﻿74,29,97,29,97,49,74,49,矣
﻿74,49,97,49,97,70,74,70,未
﻿74,70,97,70,97,91,74,91,聞
﻿74,91,97,91,97,112,74,112,有
﻿74,112,97,112,97,133,74,133,義
﻿74,133,97,133,97,154,74,154,兒
﻿74,154,97,154,97,175,74,175,也
﻿74,175,97,175,97,196,74,196,且
﻿74,196,97,196,97,217,74,217,帝
﻿74,217,97,217,97,237,74,237,有
﻿74,237,97,237,97,258,74,258,本
﻿74,258,97,258,97,279,74,279,支
﻿74,279,97,279,97,300,74,300,蕃
﻿74,300,97,300,97,321,74,321,矣
﻿74,321,97,321,97,342,74,342,又
﻿74,342,97,342,97,363,74,363,所
﻿74,363,97,363,97,384,74,384,謂
﻿74,384,97,384,97,405,74,405,義
﻿43,31,67,31,67,51,43,51,兒
﻿43,51,67,51,67,72,43,72,者
﻿43,72,67,72,67,93,43,93,不
﻿43,93,67,93,67,114,43,114,過
﻿43,114,67,114,67,134,43,134,育
﻿43,134,67,134,67,155,43,155,遂
﻿43,155,67,155,67,176,43,176,其
﻿43,176,67,176,67,197,43,197,寵
﻿43,197,67,197,67,218,43,218,愛
﻿43,218,67,218,67,238,43,238,之
﻿43,238,67,238,67,259,43,259,私
﻿43,259,67,259,67,280,43,280,於
﻿43,280,67,280,67,301,43,301,其
﻿43,301,67,301,67,321,43,321,人
﻿43,321,67,321,67,342,43,342,爾
﻿43,342,67,342,67,363,43,363,盍
﻿43,363,67,363,67,384,43,384,慮
﻿43,384,67,384,67,405,43,405,夫
﻿13,30,37,30,37,51,13,51,將
﻿13,51,37,51,37,72,13,72,啓
﻿13,72,37,72,37,93,13,93,篡
﻿13,93,37,93,37,115,13,115,奪
﻿13,115,37,115,37,136,13,136,之
﻿13,136,37,136,37,157,13,157,萌
﻿13,157,37,157,37,179,13,179,乎
