260,35,277,35,277,55,260,55,七
﻿260,55,277,55,277,76,260,76,月
﻿260,76,277,76,277,96,260,96,偽
﻿260,96,277,96,277,117,260,117,春
﻿260,117,277,117,277,137,260,137,山
﻿260,137,277,137,277,158,260,158,自
﻿260,158,277,158,277,178,260,178,稱
﻿260,178,277,178,277,199,260,199,保
﻿260,199,277,199,277,220,260,220,國
﻿260,220,277,220,277,240,260,240,公
﻿260,240,277,240,277,261,260,261,率
﻿260,261,277,261,277,281,260,281,賊
﻿260,281,277,281,277,302,260,302,黨
﻿260,302,277,302,277,322,260,322,攻
﻿260,322,277,322,277,343,260,343,掠
﻿260,343,277,343,277,363,260,363,普
﻿260,363,277,363,277,384,260,384,安
﻿260,384,277,384,277,405,260,405,縣
﻿233,35,252,35,252,56,233,56,節
﻿233,56,252,56,252,78,233,78,制
﻿233,78,252,78,252,100,233,100,鄭
﻿233,100,252,100,252,122,233,122,松
﻿233,122,252,122,252,144,233,144,差
﻿233,144,252,144,252,165,233,165,兵
﻿233,165,252,165,252,187,233,187,擊
﻿233,187,252,187,252,209,233,209,破
﻿233,209,252,209,252,231,233,231,之
﻿233,231,252,231,252,253,233,253,󰱐
﻿233,253,252,253,252,275,233,275,馬
﻿233,275,252,275,252,296,233,296,四
﻿233,296,252,296,252,318,233,318,匹
﻿233,318,252,318,252,340,233,340,銅
﻿233,340,252,340,252,362,233,362,印
﻿233,362,252,362,252,384,233,384,一
﻿233,384,252,384,252,406,233,406,顆
﻿202,33,224,33,224,55,202,55,賊
﻿202,55,224,55,224,77,202,77,遂
﻿202,77,224,77,224,99,202,99,奔
﻿202,99,224,99,224,121,202,121,潰
﻿202,121,224,121,224,143,202,143,又
﻿202,143,224,143,224,165,202,165,命
﻿202,165,224,165,224,187,202,187,頼
﻿202,187,224,187,224,209,202,209,世
﻿202,209,224,209,224,231,202,231,貴
﻿202,231,224,231,224,253,202,253,将
﻿202,253,224,253,224,275,202,275,兵
﻿202,275,224,275,224,297,202,297,攻
﻿202,297,224,297,224,319,202,319,破
﻿202,319,224,319,224,341,202,341,太
﻿202,341,224,341,224,363,202,363,原
﻿202,363,224,363,224,385,202,385,髙
﻿202,385,224,385,224,407,202,407,平
﻿171,36,193,36,193,57,171,57,等
﻿171,57,193,57,193,78,171,78,處
﻿171,78,193,78,193,99,171,99,俘
﻿171,99,193,99,193,121,171,121,獲
﻿171,121,193,121,193,142,171,142,偽
﻿171,142,193,142,193,163,171,163,将
﻿171,163,193,163,193,184,171,184,祈
﻿171,184,193,184,193,206,171,206,山
﻿171,206,193,206,193,227,171,227,王
﻿171,227,193,227,193,248,171,248,福
﻿171,248,193,248,193,270,171,270,王
﻿182,271,194,271,194,292,182,292,並
﻿182,292,194,292,194,313,182,313,名
﻿168,273,179,273,179,296,168,296,缺
﻿169,314,193,314,193,337,169,337,等
﻿169,337,193,337,193,360,169,360,併
﻿169,360,193,360,193,383,169,383,殺
﻿169,383,193,383,193,407,169,407,之
﻿139,36,163,36,163,56,139,56,十
﻿139,56,163,56,163,77,139,77,三
﻿139,77,163,77,163,97,139,97,日
﻿139,97,163,97,163,118,139,118,甲
﻿139,118,163,118,163,138,139,138,申
﻿139,138,163,138,163,159,139,159,天
﻿139,159,163,159,163,179,139,179,無
﻿139,179,163,179,163,200,139,200,雲
﻿139,200,163,200,163,220,139,220,而
﻿139,220,163,220,163,241,139,241,雷
﻿139,241,163,241,163,261,139,261,忽
﻿139,261,163,261,163,282,139,282,震
﻿139,282,163,282,163,302,139,302,宫
﻿139,302,163,302,163,323,139,323,柱
﻿139,323,163,323,163,343,139,343,其
﻿139,343,163,343,163,364,139,364,夜
﻿139,364,163,364,163,384,139,384,月
﻿139,384,163,384,163,405,139,405,又
﻿109,36,134,36,134,57,109,57,入
﻿109,57,134,57,134,79,109,79,心
﻿109,79,134,79,134,101,109,101,度
﻿109,101,134,101,134,122,109,122,内
﻿109,122,134,122,134,144,109,144,後
﻿109,144,134,144,134,166,109,166,暈
﻿109,166,134,166,134,187,109,187,歳
﻿109,187,134,187,134,209,109,209,星
﻿109,209,134,209,134,231,109,231,二
﻿109,231,134,231,134,253,109,253,十
﻿109,253,134,253,134,274,109,274,三
﻿109,274,134,274,134,296,109,296,日
﻿109,296,134,296,134,318,109,318,甲
﻿109,318,134,318,134,339,109,339,午
﻿109,339,134,339,134,361,109,361,大
﻿109,361,134,361,134,383,109,383,會
﻿109,383,134,383,134,405,109,405,文
﻿80,33,101,33,101,53,80,53,武
﻿80,53,101,53,101,74,80,74,百
﻿80,74,101,74,101,95,80,95,官
﻿80,95,101,95,101,116,80,116,誓
﻿80,116,101,116,101,136,80,136,于
﻿80,136,101,136,101,157,80,157,昇
﻿80,157,101,157,101,178,80,178,龍
﻿80,178,101,178,101,199,80,199,城
﻿80,199,101,199,101,220,80,220,之
﻿80,220,101,220,101,240,80,240,南
﻿80,240,101,240,101,261,80,261,門
﻿80,261,101,261,101,282,80,282,左
﻿80,282,101,282,101,303,80,303,街
﻿80,303,101,303,101,323,80,323,二
﻿80,323,101,323,101,344,80,344,十
﻿80,344,101,344,101,365,80,365,五
﻿80,365,101,365,101,386,80,386,日
﻿80,386,101,386,101,407,80,407,偽
﻿48,36,74,36,74,57,48,57,春
﻿48,57,74,57,74,79,48,79,山
﻿48,79,74,79,74,101,48,101,㱕
﻿48,101,74,101,74,122,48,122,降
﻿48,122,74,122,74,144,48,144,赴
﻿48,144,74,144,74,166,48,166,京
﻿48,166,74,166,74,187,48,187,請
﻿48,187,74,187,74,209,48,209,罪
﻿48,209,74,209,74,231,48,231,付
﻿48,231,74,231,74,253,48,253,㱕
﻿48,253,74,253,74,274,48,274,本
﻿48,274,74,274,74,296,48,296,属
﻿48,296,74,296,74,318,48,318,将
﻿48,318,74,318,74,339,48,339,後
﻿48,339,74,339,74,361,48,361,執
﻿48,361,74,361,74,383,48,383,殺
﻿48,383,74,383,74,405,48,405,之
﻿19,36,41,36,41,56,19,56,火
﻿19,56,41,56,41,76,19,76,犯
﻿19,76,41,76,41,96,19,96,昴
﻿19,96,41,96,41,116,19,116,分
﻿19,116,41,116,41,137,19,137,經
﻿19,137,41,137,41,157,19,157,歳
﻿19,157,41,157,41,177,19,177,不
﻿19,177,41,177,41,197,19,197,入
﻿19,197,41,197,41,218,19,218,垣
