253,35,279,35,279,55,253,55,後
﻿253,55,279,55,279,76,253,76,設
﻿253,76,279,76,279,97,253,97,礮
﻿253,97,279,97,279,118,253,118,禮
﻿253,118,279,118,279,138,253,138,篆
﻿253,138,279,138,279,159,253,159,用
﻿253,159,279,159,279,180,253,180,賊
﻿253,180,279,180,279,201,253,201,計
﻿253,201,279,201,279,222,253,222,擊
﻿253,222,279,222,279,242,253,242,賊
﻿253,242,279,242,279,263,253,263,令
﻿253,263,279,263,279,284,253,284,諸
﻿253,284,279,284,279,305,253,305,軍
﻿253,305,279,305,279,325,253,325,聞
﻿253,325,279,325,279,346,253,346,礮
﻿253,346,279,346,279,367,253,367,響
﻿253,367,279,367,279,388,253,388,潜
﻿253,388,279,388,279,409,253,409,伏
﻿223,38,245,38,245,58,223,58,不
﻿223,58,245,58,245,78,223,78,動
﻿223,78,245,78,245,99,223,99,賊
﻿223,99,245,99,245,119,223,119,以
﻿223,119,245,119,245,139,223,139,爲
﻿223,139,245,139,245,160,223,160,間
﻿223,160,245,160,245,180,223,180,道
﻿223,180,245,180,245,201,223,201,礮
﻿223,201,245,201,245,221,223,221,𭛁
﻿223,221,245,221,245,241,223,241,全
﻿223,241,245,241,245,262,223,262,軍
﻿223,262,245,262,245,282,223,282,深
﻿223,282,245,282,245,303,223,303,入
﻿223,303,245,303,245,323,223,323,未
﻿223,323,245,323,245,343,223,343,至
﻿223,343,245,343,245,364,223,364,安
﻿223,364,245,364,245,384,223,384,悅
﻿223,384,245,384,245,405,223,405,江
﻿192,38,215,38,215,58,192,58,數
﻿192,58,215,58,215,79,192,79,里
﻿192,79,215,79,215,99,192,99,伏
﻿192,99,215,99,215,120,192,120,兵
﻿192,120,215,120,215,141,192,141,三
﻿192,141,215,141,215,161,192,161,面
﻿192,161,215,161,215,182,192,182,並
﻿192,182,215,182,215,202,192,202,起
﻿192,202,215,202,215,223,192,223,奮
﻿192,223,215,223,215,244,192,244,擊
﻿192,244,215,244,215,264,192,264,於
﻿192,264,215,264,215,285,192,285,卒
﻿192,285,215,285,215,305,192,305,洞
﻿192,305,215,305,215,326,192,326,祝
﻿192,326,215,326,215,347,192,347,洞
﻿192,347,215,347,215,367,192,367,等
﻿192,367,215,367,215,388,192,388,處
﻿192,388,215,388,215,409,192,409,大
﻿162,36,183,36,183,56,162,56,破
﻿162,56,183,56,183,77,162,77,之
﻿162,77,183,77,183,98,162,98,斬
﻿162,98,183,98,183,118,162,118,尙
﻿162,118,183,118,183,139,162,139,書
﻿162,139,183,139,183,160,162,160,陳
﻿162,160,183,160,183,181,162,181,洽
﻿162,181,183,181,183,201,162,201,内
﻿162,201,183,201,183,222,162,222,官
﻿162,222,183,222,183,243,162,243,李
﻿162,243,183,243,183,263,162,263,亮
﻿162,263,183,263,183,284,162,284,及
﻿162,284,183,284,183,305,162,305,士
﻿162,305,183,305,183,326,162,326,卒
﻿162,326,183,326,183,346,162,346,五
﻿162,346,183,346,183,367,162,367,萬
﻿162,367,183,367,183,388,162,388,人
﻿162,388,183,388,183,409,162,409,溺
﻿130,38,154,38,154,58,130,58,死
﻿130,58,154,58,154,79,130,79,者
﻿130,79,154,79,154,99,130,99,甚
﻿130,99,154,99,154,120,130,120,眾
﻿130,120,154,120,154,140,130,140,寕
﻿130,140,154,140,154,161,130,161,橋
﻿130,161,154,161,154,181,130,181,之
﻿130,181,154,181,154,202,130,202,水
﻿130,202,154,202,154,223,130,223,爲
﻿130,223,154,223,154,243,130,243,之
﻿130,243,154,243,154,264,130,264,不
﻿130,264,154,264,154,284,130,284,流
﻿130,284,154,284,154,305,130,305,生
﻿130,305,154,305,154,325,130,325,擒
﻿130,325,154,325,154,346,130,346,萬
﻿130,346,154,346,154,366,130,366,餘
﻿130,366,154,366,154,387,130,387,人
﻿130,387,154,387,154,408,130,408,獲
﻿100,37,123,37,123,57,100,57,馬
﻿100,57,123,57,123,78,100,78,匹
﻿100,78,123,78,123,98,100,98,軍
﻿100,98,123,98,123,119,100,119,資
﻿100,119,123,119,123,139,100,139,噐
﻿100,139,123,139,123,160,100,160,械
﻿100,160,123,160,123,180,100,180,輜
﻿100,180,123,180,123,201,100,201,重
﻿100,201,123,201,123,222,100,222,簿
﻿100,222,123,222,123,242,100,242,書
﻿100,242,123,242,123,263,100,263,不
﻿100,263,123,263,123,283,100,283,可
﻿100,283,123,283,123,304,100,304,勝
﻿100,304,123,304,123,324,100,324,計
﻿100,324,123,324,123,345,100,345,方
﻿100,345,123,345,123,365,100,365,政
﻿100,365,123,365,123,386,100,386,從
﻿100,386,123,386,123,407,100,407,皷
﻿68,36,91,36,91,56,68,56,所
﻿68,56,91,56,91,77,68,77,渡
﻿68,77,91,77,91,98,68,98,遁
﻿68,98,91,98,91,118,68,118,㱕
﻿68,118,91,118,91,139,68,139,王
﻿68,139,91,139,91,160,68,160,通
﻿68,160,91,160,91,181,68,181,馬
﻿68,181,91,181,91,201,68,201,其
﻿68,201,91,201,91,222,68,222,等
﻿68,222,91,222,91,243,68,243,僅
﻿68,243,91,243,91,263,68,263,以
﻿68,263,91,263,91,284,68,284,身
﻿68,284,91,284,91,305,68,305,免
﻿68,305,91,305,91,326,68,326,走
﻿68,326,91,326,91,346,68,346,還
﻿68,346,91,346,91,367,68,367,東
﻿68,367,91,367,91,388,68,388,䦕
﻿68,388,91,388,91,409,68,409,城
﻿38,35,59,35,59,55,38,55,禮
﻿38,55,59,55,59,76,38,76,等
﻿38,76,59,76,59,97,38,97,乘
﻿38,97,59,97,59,118,38,118,勝
﻿38,118,59,118,59,138,38,138,進
﻿38,138,59,138,59,159,38,159,圍
﻿38,159,59,159,59,180,38,180,之
﻿38,180,59,180,59,201,38,201,捷
﻿38,201,59,201,59,222,38,222,報
﻿38,222,59,222,59,242,38,242,𤂬
﻿38,242,59,242,59,263,38,263,江
﻿38,263,59,263,59,284,38,284,行
﻿38,284,59,284,59,305,38,305,營
﻿38,305,59,305,59,325,38,325,時
﻿38,325,59,325,59,346,38,346,帝
﻿38,346,59,346,59,367,38,367,方
﻿38,367,59,367,59,388,38,388,駐
﻿38,388,59,388,59,409,38,409,營
﻿9,34,32,34,32,54,9,54,清
﻿9,54,32,54,32,75,9,75,化
﻿9,75,32,75,32,96,9,96,會
﻿9,96,32,96,32,117,9,117,海
﻿9,117,32,117,32,138,9,138,西
﻿9,138,32,138,32,159,9,159,诸
﻿9,159,32,159,32,179,9,179,軍
﻿9,179,32,179,32,200,9,200,及
﻿9,200,32,200,32,221,9,221,得
﻿9,221,32,221,32,242,9,242,禮
﻿9,242,32,242,32,263,9,263,等
﻿9,263,32,263,32,284,9,284,捷
﻿9,284,32,284,32,304,9,304,書
﻿9,304,32,304,32,325,9,325,乃
﻿9,325,32,325,32,346,9,346,親
﻿9,346,32,346,32,367,9,367,率
﻿9,367,32,367,32,388,9,388,大
﻿9,388,32,388,32,409,9,409,軍
