258,29,280,29,280,49,258,49,罔
﻿258,49,280,49,280,70,258,70,揮
﻿258,70,280,70,280,91,258,91,衛
﻿258,91,280,91,280,112,258,112,社
﻿258,112,280,112,280,133,258,133,之
﻿258,133,280,133,280,154,258,154,戈
﻿258,154,280,154,280,175,258,175,顧
﻿258,175,280,175,280,196,258,196,戀
﻿258,196,280,196,280,217,258,217,家
﻿258,217,280,217,280,237,258,237,貲
﻿258,237,280,237,280,258,258,258,則
﻿258,258,280,258,280,279,258,279,欲
﻿258,279,280,279,280,300,258,300,築
﻿258,300,280,300,280,321,258,321,藏
﻿258,321,280,321,280,342,258,342,金
﻿258,342,280,342,280,363,258,363,之
﻿258,363,280,363,280,384,258,384,塢
﻿258,384,280,384,280,405,258,405,旦
﻿230,31,254,31,254,51,230,51,旦
﻿230,51,254,51,254,72,230,72,敢
﻿230,72,254,72,254,93,230,93,忘
﻿230,93,254,93,254,114,230,114,於
﻿230,114,254,114,254,135,230,135,河
﻿230,135,254,135,254,156,230,156,誓
﻿230,156,254,156,254,177,230,177,昏
﻿230,177,254,177,254,198,230,198,昏
﻿230,198,254,198,254,219,230,219,便
﻿230,219,254,219,254,239,230,239,陷
﻿230,239,254,239,254,260,230,260,於
﻿230,260,254,260,254,281,230,281,虜
﻿230,281,254,281,254,302,230,302,庭
﻿230,302,254,302,254,323,230,323,臨
﻿230,323,254,323,254,344,230,344,變
﻿230,344,254,344,254,365,230,365,迷
﻿230,365,254,365,254,386,230,386,就
﻿230,386,254,386,254,407,230,407,子
﻿201,30,225,30,225,51,201,51,之
﻿201,51,225,51,225,72,201,72,方
﻿201,72,225,72,225,93,201,93,事
﻿201,93,225,93,225,114,201,114,讐
﻿201,114,225,114,225,135,201,135,忍
﻿201,135,225,135,225,156,201,156,偷
﻿201,156,225,156,225,177,201,177,生
﻿201,177,225,177,225,198,201,198,之
﻿201,198,225,198,225,219,201,219,恥
﻿201,219,225,219,225,240,201,240,低
﻿201,240,225,240,225,261,201,261,頭
﻿201,261,225,261,225,282,201,282,而
﻿201,282,225,282,225,303,201,303,拜
﻿201,303,225,303,225,324,201,324,逆
﻿201,324,225,324,225,345,201,345,賊
﻿201,345,225,345,225,366,201,366,深
﻿201,366,225,366,225,387,201,387,慚
﻿201,387,225,387,225,408,201,408,舞
﻿171,29,193,29,193,50,171,50,象
﻿171,50,193,50,193,71,171,71,之
﻿171,71,193,71,193,92,171,92,有
﻿171,92,193,92,193,113,171,113,知
﻿171,113,193,113,193,134,171,134,作
﻿171,134,193,134,193,155,171,155,俑
﻿171,155,193,155,193,176,171,176,而
﻿171,176,193,176,193,197,171,197,諭
﻿171,197,193,197,193,218,171,218,愚
﻿171,218,193,218,193,239,171,239,民
﻿171,239,193,239,193,260,171,260,殆
﻿171,260,193,260,193,281,171,281,甚
﻿171,281,193,281,193,302,171,302,屯
﻿171,302,193,302,193,323,171,323,蜂
﻿171,323,193,323,193,344,171,344,之
﻿171,344,193,344,193,365,171,365,凣
﻿171,365,193,365,193,386,171,386,蠢
﻿171,386,193,386,193,408,171,408,狺
﻿152,27,165,27,165,47,152,47,音
﻿152,47,165,47,165,67,152,67,狺
﻿152,67,165,67,165,87,152,87,犬
﻿137,31,151,31,151,51,137,51,爭
﻿137,51,151,51,151,72,137,72,声
﻿143,92,165,92,165,113,143,113,然
﻿143,113,165,113,165,135,143,135,反
﻿143,135,165,135,165,157,143,157,靣
﻿143,157,165,157,165,179,143,179,慻
﻿152,181,167,181,167,199,152,199,音
﻿152,199,167,199,167,217,152,217,眷
﻿152,217,167,217,167,236,152,236,回
﻿138,180,151,180,151,199,138,199,顧
﻿138,199,151,199,151,218,138,218,也
﻿143,240,163,240,163,261,143,261,爾
﻿143,261,163,261,163,282,143,282,噬
﻿143,282,163,282,163,303,143,303,臍
﻿143,303,163,303,163,324,143,324,况
﻿143,324,163,324,163,345,143,345,聖
﻿143,345,163,345,163,366,143,366,神
﻿143,366,163,366,163,387,143,387,將
﻿143,387,163,387,163,408,143,408,欲
﻿112,30,133,30,133,50,112,50,自
﻿112,50,133,50,133,71,112,71,新
﻿112,71,133,71,133,92,112,92,信
﻿112,92,133,92,133,113,112,113,厚
﻿112,113,133,113,133,134,112,134,屡
﻿112,134,133,134,133,155,112,155,頒
﻿112,155,133,155,133,176,112,176,於
﻿112,176,133,176,133,197,112,197,明
﻿112,197,133,197,133,218,112,218,詔
﻿112,218,133,218,133,238,112,238,胡
﻿112,238,133,238,133,259,112,259,小
﻿112,259,133,259,133,280,112,280,醜
﻿112,280,133,280,133,301,112,301,曾
﻿112,301,133,301,133,322,112,322,無
﻿112,322,133,322,133,343,112,343,念
﻿112,343,133,343,133,364,112,364,𦾔
﻿112,364,133,364,133,385,112,385,頑
﻿112,385,133,385,133,406,112,406,嚚
﻿82,31,105,31,105,51,82,51,滋
﻿82,51,105,51,105,72,82,72,長
﻿82,72,105,72,105,93,82,93,於
﻿82,93,105,93,105,114,82,114,邪
﻿82,114,105,114,105,135,82,135,謀
﻿82,135,105,135,105,156,82,156,負
﻿82,156,105,156,105,177,82,177,龐
﻿82,177,105,177,105,198,82,198,萌
﻿82,198,105,198,105,219,82,219,反
﻿82,219,105,219,105,240,82,240,漢
﻿82,240,105,240,105,261,82,261,之
﻿82,261,105,261,105,282,82,282,辜
﻿82,282,105,282,105,303,82,303,踵
﻿82,303,105,303,105,324,82,324,朱
﻿82,324,105,324,105,345,82,345,泚
﻿82,345,105,345,105,366,82,366,背
﻿82,366,105,366,105,387,82,387,唐
﻿82,387,105,387,105,408,82,408,之
﻿50,31,74,31,74,51,50,51,轍
﻿50,51,74,51,74,72,50,72,海
﻿50,72,74,72,74,93,50,93,而
﻿50,93,74,93,74,114,50,114,洗
﻿50,114,74,114,74,135,50,135,惡
﻿50,135,74,135,74,156,50,156,莫
﻿50,156,74,156,74,177,50,177,勝
﻿50,177,74,177,74,198,50,198,浩
﻿50,198,74,198,74,219,50,219,浩
﻿50,219,74,219,74,240,50,240,之
﻿50,240,74,240,74,261,50,261,波
﻿50,261,74,261,74,282,50,282,天
﻿50,282,74,282,74,303,50,303,𡸈
﻿50,303,74,303,74,324,50,324,容
﻿50,324,74,324,74,345,50,345,奸
﻿50,345,74,345,74,366,50,366,󰱩
﻿50,366,74,366,74,387,50,387,入
﻿50,387,74,387,74,408,50,408,恢
﻿22,31,45,31,45,52,22,52,恢
﻿22,52,45,52,45,73,22,73,之
﻿22,73,45,73,45,94,22,94,綱
﻿22,94,45,94,45,115,22,115,何
﻿22,115,45,115,45,136,22,136,靣
﻿22,136,45,136,45,157,22,157,目
﻿22,157,45,157,45,178,22,178,而
﻿22,178,45,178,45,199,22,199,見
﻿22,199,45,199,45,220,22,220,日
﻿22,220,45,220,45,241,22,241,月
﻿22,241,45,241,45,262,22,262,何
﻿22,262,45,262,45,283,22,283,信
﻿22,283,45,283,45,304,22,304,語
﻿22,304,45,304,45,325,22,325,而
﻿22,325,45,325,45,346,22,346,對
﻿22,346,45,346,45,367,22,367,冠
﻿22,367,45,367,45,388,22,388,紳
﻿22,388,45,388,45,410,22,410,忘
