240,100,267,100,267,121,240,121,進
﻿240,121,267,121,267,142,240,142,功
﻿240,142,267,142,267,163,240,163,郎
﻿240,163,267,163,267,184,240,184,昭
﻿240,184,267,184,267,205,240,205,文
﻿240,205,267,205,267,226,240,226,舘
﻿240,226,267,226,267,247,240,247,司
﻿240,247,267,247,267,268,240,268,訓
﻿240,268,267,268,267,289,240,289,臣
﻿240,289,267,289,267,310,240,310,陳
﻿240,310,267,310,267,331,240,331,附
﻿240,331,267,331,267,353,240,353,翼
﻿211,99,236,99,236,119,211,119,進
﻿211,119,236,119,236,139,211,139,功
﻿211,139,236,139,236,160,211,160,郎
﻿211,160,236,160,236,180,211,180,昭
﻿211,180,236,180,236,201,211,201,文
﻿211,201,236,201,236,221,211,221,舘
﻿211,221,236,221,236,241,211,241,司
﻿211,241,236,241,236,262,211,262,訓
﻿211,262,236,262,236,282,211,282,臣
﻿211,282,236,282,236,303,211,303,杜
﻿211,303,236,303,236,323,211,323,公
﻿211,323,236,323,236,344,211,344,弼
﻿180,98,205,98,205,118,180,118,内
﻿180,118,205,118,205,139,180,139,差
﻿180,139,205,139,205,159,180,159,特
﻿180,159,205,159,205,180,180,180,進
﻿180,180,205,180,205,200,180,200,金
﻿180,200,205,200,205,221,180,221,紫
﻿180,221,205,221,205,241,180,241,榮
﻿180,241,205,241,205,262,180,262,禄
﻿180,262,205,262,205,283,180,283,大
﻿180,283,205,283,205,303,180,303,夫
﻿180,303,205,303,205,324,180,324,司
﻿180,324,205,324,205,344,180,344,禮
﻿180,344,205,344,205,365,180,365,監
﻿180,365,205,365,205,385,180,385,總
﻿180,385,205,385,205,406,180,406,太
﻿180,406,205,406,205,427,180,427,監
﻿149,119,174,119,174,139,149,139,副
﻿149,139,174,139,174,160,149,160,知
﻿149,160,174,160,174,181,149,181,侍
﻿149,181,174,181,174,201,149,201,内
﻿149,201,174,201,174,222,149,222,書
﻿149,222,174,222,174,243,149,243,寫
﻿149,243,174,243,174,264,149,264,兵
﻿149,264,174,264,174,284,149,284,番
﻿149,284,174,284,174,305,149,305,寬
﻿149,305,174,305,174,326,149,326,海
﻿149,326,174,326,174,347,149,347,侯
﻿149,347,174,347,174,367,149,367,臣
﻿149,367,174,367,174,388,149,388,范
﻿149,388,174,388,174,409,149,409,廷
﻿149,409,174,409,174,430,149,430,僚
﻿121,120,146,120,146,141,121,141,奉
﻿121,141,146,141,146,163,121,163,監
﻿121,163,146,163,146,184,121,184,謄
﻿121,184,146,184,146,206,121,206,刊
﻿89,98,114,98,114,118,89,118,内
﻿89,118,114,118,114,138,89,138,差
﻿89,138,114,138,114,158,89,158,特
﻿89,158,114,158,114,179,89,179,進
﻿89,179,114,179,114,199,89,199,金
﻿89,199,114,199,114,219,89,219,紫
﻿89,219,114,219,114,239,89,239,榮
﻿89,239,114,239,114,260,89,260,禄
﻿89,260,114,260,114,280,89,280,大
﻿89,280,114,280,114,300,89,300,夫
﻿89,300,114,300,114,320,89,320,司
﻿89,320,114,320,114,341,89,341,禮
﻿89,341,114,341,114,361,89,361,監
﻿89,361,114,361,114,381,89,381,同
﻿89,381,114,381,114,401,89,401,知
﻿89,401,114,401,114,422,89,422,監
﻿59,121,85,121,85,140,59,140,事
﻿59,140,85,140,85,159,59,159,僉
﻿59,159,85,159,85,178,59,178,知
﻿59,178,85,178,85,197,59,197,歩
﻿59,197,85,197,85,216,59,216,兵
﻿59,216,85,216,85,236,59,236,書
﻿59,236,85,236,85,255,59,255,寫
﻿59,255,85,255,85,274,59,274,令
﻿59,274,85,274,85,293,59,293,史
﻿59,293,85,293,85,312,59,312,校
﻿59,312,85,312,85,332,59,332,義
﻿59,332,85,332,85,351,59,351,侯
﻿59,351,85,351,85,370,59,370,臣
﻿59,370,85,370,85,389,59,389,阮
﻿59,389,85,389,85,408,59,408,成
﻿59,408,85,408,85,428,59,428,名
﻿32,115,56,115,56,137,32,137,奉
﻿32,137,56,137,56,160,32,160,監
﻿32,160,56,160,56,183,32,183,謄
﻿32,183,56,183,56,206,32,206,刊
﻿2,97,26,97,26,117,2,117,内
﻿2,117,26,117,26,137,2,137,差
﻿2,137,26,137,26,158,2,158,特
﻿2,158,26,158,26,178,2,178,進
﻿2,178,26,178,26,199,2,199,金
﻿2,199,26,199,26,219,2,219,紫
﻿2,219,26,219,26,240,2,240,榮
﻿2,240,26,240,26,260,2,260,禄
﻿2,260,26,260,26,280,2,280,大
﻿2,280,26,280,26,301,2,301,夫
﻿2,301,26,301,26,321,2,321,司
﻿2,321,26,321,26,342,2,342,禮
﻿2,342,26,342,26,362,2,362,監
﻿2,362,26,362,26,383,2,383,左
﻿2,383,26,383,26,403,2,403,監
﻿2,403,26,403,26,424,2,424,丞
