251,46,275,46,275,66,251,66,五
﻿251,66,275,66,275,87,251,87,城
﻿251,87,275,87,275,107,251,107,自
﻿251,107,275,107,275,128,251,128,立
﻿251,128,275,128,275,148,251,148,爲
﻿251,148,275,148,275,169,251,169,王
﻿251,169,275,169,275,189,251,189,始
﻿251,189,275,189,275,210,251,210,稱
﻿251,210,275,210,275,230,251,230,徵
﻿251,230,275,230,275,251,251,251,姓
﻿251,251,275,251,275,272,251,272,焉
﻿222,43,244,43,244,64,222,64,辛
﻿222,64,244,64,244,85,222,85,丑
﻿222,85,244,85,244,106,222,106,二
﻿222,106,244,106,244,127,222,127,年
﻿233,129,247,129,247,148,233,148,漢
﻿233,148,247,148,247,168,233,168,建
﻿233,168,247,168,247,188,233,188,武
﻿220,129,232,129,232,149,220,149,十
﻿220,149,232,149,232,169,220,169,七
﻿220,169,232,169,232,189,220,189,年
﻿220,190,246,190,246,212,220,212,春
﻿220,212,246,212,246,234,220,234,二
﻿220,234,246,234,246,256,220,256,月
﻿220,256,246,256,246,278,220,278,晦
﻿220,278,246,278,246,300,220,300,日
﻿220,300,246,300,246,323,220,323,食
﻿220,323,246,323,246,345,220,345,漢
﻿220,345,246,345,246,367,220,367,以
﻿220,367,246,367,246,389,220,389,徵
﻿220,389,246,389,246,411,220,411,氏
﻿220,411,246,411,246,434,220,434,稱
﻿190,44,213,44,213,64,190,64,王
﻿190,64,213,64,213,85,190,85,舉
﻿190,85,213,85,213,105,190,105,兵
﻿190,105,213,105,213,126,190,126,攻
﻿190,126,213,126,213,147,190,147,陷
﻿190,147,213,147,213,167,190,167,城
﻿190,167,213,167,213,188,190,188,邑
﻿190,188,213,188,213,209,190,209,邊
﻿190,209,213,209,213,229,190,229,郡
﻿190,229,213,229,213,250,190,250,苦
﻿190,250,213,250,213,270,190,270,之
﻿190,270,213,270,213,291,190,291,乃
﻿190,291,213,291,213,312,190,312,命
﻿190,312,213,312,213,332,190,332,長
﻿190,332,213,332,213,353,190,353,沙
﻿190,353,213,353,213,374,190,374,合
﻿190,374,213,374,213,394,190,394,浦
﻿190,394,213,394,213,415,190,415,及
﻿190,415,213,415,213,436,190,436,我
﻿158,44,183,44,183,64,158,64,交
﻿158,64,183,64,183,85,158,85,州
﻿158,85,183,85,183,105,158,105,具
﻿158,105,183,105,183,126,158,126,車
﻿158,126,183,126,183,146,158,146,船
﻿158,146,183,146,183,167,158,167,修
﻿158,167,183,167,183,187,158,187,橋
﻿158,187,183,187,183,208,158,208,道
﻿158,208,183,208,183,228,158,228,通
﻿158,228,183,228,183,249,158,249,障
﻿158,249,183,249,183,269,158,269,溪
﻿158,269,183,269,183,290,158,290,儲
﻿158,290,183,290,183,310,158,310,粮
﻿158,310,183,310,183,331,158,331,榖
﻿158,331,183,331,183,351,158,351,拜
﻿158,351,183,351,183,372,158,372,馬
﻿158,372,183,372,183,392,158,392,援
﻿158,392,183,392,183,413,158,413,爲
﻿158,413,183,413,183,434,158,434,伏
﻿130,42,153,42,153,62,130,62,波
﻿130,62,153,62,153,83,130,83,將
﻿130,83,153,83,153,104,130,104,軍
﻿130,104,153,104,153,125,130,125,以
﻿130,125,153,125,153,146,130,146,扶
﻿130,146,153,146,153,167,130,167,樂
﻿130,167,153,167,153,188,130,188,侯
﻿130,188,153,188,153,209,130,209,刘
﻿130,209,153,209,153,230,130,230,隆
﻿130,230,153,230,153,251,130,251,爲
﻿130,251,153,251,153,272,130,272,副
﻿130,272,153,272,153,293,130,293,來
﻿130,293,153,293,153,314,130,314,侵
﻿101,44,121,44,121,64,101,64,壬
﻿101,64,121,64,121,84,101,84,寅
﻿101,84,121,84,121,104,101,104,三
﻿101,104,121,104,121,125,101,125,年
﻿111,127,123,127,123,147,111,147,漢
﻿111,147,123,147,123,167,111,167,建
﻿111,167,123,167,123,188,111,188,武
﻿98,127,110,127,110,147,98,147,十
﻿98,147,110,147,110,167,98,167,八
﻿98,167,110,167,110,188,98,188,年
﻿99,190,121,190,121,210,99,210,春
﻿99,210,121,210,121,230,99,230,正
﻿99,230,121,230,121,251,99,251,月
﻿99,251,121,251,121,271,99,271,馬
﻿99,271,121,271,121,291,99,291,援
﻿99,291,121,291,121,312,99,312,沿
﻿99,312,121,312,121,332,99,332,海
﻿99,332,121,332,121,352,99,352,而
﻿99,352,121,352,121,373,99,373,進
﻿99,373,121,373,121,393,99,393,隨
﻿99,393,121,393,121,413,99,413,山
﻿99,413,121,413,121,434,99,434,刊
﻿69,43,95,43,95,63,69,63,道
﻿69,63,95,63,95,83,69,83,千
﻿69,83,95,83,95,103,69,103,餘
﻿69,103,95,103,95,124,69,124,里
﻿69,124,95,124,95,144,69,144,至
﻿69,144,95,144,95,164,69,164,浪
﻿69,164,95,164,95,184,69,184,泊
﻿69,184,95,184,95,205,69,205,上
﻿80,208,96,208,96,228,80,228,羅
﻿80,228,96,228,96,248,80,248,城
﻿80,248,96,248,96,268,80,268,西
﻿80,268,96,268,96,288,80,288,街
﻿80,288,96,288,96,309,80,309,之
﻿66,209,78,209,78,228,66,228,西
﻿66,228,78,228,78,248,66,248,名
﻿66,248,78,248,78,268,66,268,浪
﻿66,268,78,268,78,288,66,288,泊
﻿69,311,92,311,92,332,69,332,與
﻿69,332,92,332,92,353,69,353,王
﻿69,353,92,353,92,374,69,374,戰
﻿69,374,92,374,92,395,69,395,王
﻿69,395,92,395,92,416,69,416,見
﻿69,416,92,416,92,437,69,437,虜
﻿39,43,63,43,63,63,39,63,󰟨
﻿39,63,63,63,63,84,39,84,大
﻿39,84,63,84,63,105,39,105,張
﻿39,105,63,105,63,126,39,126,自
﻿39,126,63,126,63,146,39,146,度
﻿39,146,63,146,63,167,39,167,烏
﻿39,167,63,167,63,188,39,188,合
﻿39,188,63,188,63,209,39,209,之
﻿39,209,63,209,63,229,39,229,󰕛
﻿39,229,63,229,63,250,39,250,恐
﻿39,250,63,250,63,271,39,271,不
﻿39,271,63,271,63,292,39,292,能
﻿39,292,63,292,63,312,39,312,支
﻿39,312,63,312,63,333,39,333,退
﻿39,333,63,333,63,354,39,354,保
﻿39,354,63,354,63,375,39,375,禁
﻿39,375,63,375,63,396,39,396,溪
﻿51,397,65,397,65,417,51,417,禁
﻿51,417,65,417,65,437,51,437,溪
﻿37,398,50,398,50,416,37,416,史
﻿37,416,50,416,50,435,37,435,作
﻿24,43,38,43,38,63,24,63,金
﻿9,43,23,43,23,64,9,64,溪
﻿12,65,35,65,35,85,12,85,󰕛
﻿12,85,35,85,35,106,12,106,亦
﻿12,106,35,106,35,126,12,126,以
﻿12,126,35,126,35,147,12,147,王
﻿12,147,35,147,35,167,12,167,女
﻿12,167,35,167,35,188,12,188,子
﻿12,188,35,188,35,208,12,208,慮
﻿12,208,35,208,35,229,12,229,不
﻿12,229,35,229,35,249,12,249,能
﻿12,249,35,249,35,270,12,270,勝
﻿12,270,35,270,35,290,12,290,敵
﻿12,290,35,290,35,311,12,311,遂
﻿12,311,35,311,35,331,12,331,走
﻿12,331,35,331,35,352,12,352,散
﻿12,352,35,352,35,372,12,372,國
﻿12,372,35,372,35,393,12,393,統
﻿12,393,35,393,35,413,12,413,復
﻿12,413,35,413,35,434,12,434,絶
