250,61,275,61,275,83,250,83,祖
﻿250,83,275,83,275,105,250,105,立
﻿250,105,275,105,275,127,250,127,極
﻿250,127,275,127,275,149,250,149,之
﻿250,149,275,149,275,171,250,171,圖
﻿250,171,275,171,275,193,250,193,弘
﻿250,193,275,193,275,215,250,215,聖
﻿250,215,275,215,275,237,250,237,宗
﻿250,237,275,237,275,259,250,259,觀
﻿250,259,275,259,275,281,250,281,文
﻿250,281,275,281,275,303,250,303,之
﻿250,303,275,303,275,325,250,325,治
﻿250,325,275,325,275,347,250,347,初
﻿250,347,275,347,275,369,250,369,設
﻿250,369,275,369,275,391,250,391,講
﻿250,391,275,391,275,414,250,414,筵
﻿219,62,245,62,245,84,219,84,留
﻿219,84,245,84,245,106,219,106,心
﻿219,106,245,106,245,128,219,128,典
﻿219,128,245,128,245,150,219,150,籍
﻿219,150,245,150,245,172,219,172,煥
﻿219,172,245,172,245,194,219,194,經
﻿219,194,245,194,245,216,219,216,天
﻿219,216,245,216,245,239,219,239,緯
﻿219,239,245,239,245,261,219,261,地
﻿219,261,245,261,245,283,219,283,之
﻿219,283,245,283,245,305,219,305,宸
﻿219,305,245,305,245,327,219,327,奎
﻿219,327,245,327,245,349,219,349,則
﻿219,349,245,349,245,371,219,371,有
﻿219,371,245,371,245,393,219,393,寶
﻿219,393,245,393,245,416,219,416,天
﻿188,61,213,61,213,83,188,83,青
﻿188,83,213,83,213,105,188,105,暇
﻿188,105,213,105,213,127,188,127,集
﻿188,127,213,127,213,149,188,149,廣
﻿188,149,213,149,213,171,188,171,酌
﻿188,171,213,171,213,193,188,193,古
﻿188,193,213,193,213,215,188,215,凖
﻿188,215,213,215,213,238,188,238,今
﻿188,238,213,238,213,260,188,260,之
﻿188,260,213,260,213,282,188,282,治
﻿188,282,213,282,213,304,188,304,鑑
﻿188,304,213,304,213,326,188,326,則
﻿188,326,213,326,213,348,188,348,有
﻿188,348,213,348,213,370,188,370,光
﻿188,370,213,370,213,392,188,392,天
﻿188,392,213,392,213,415,188,415,清
﻿157,62,180,62,180,83,157,83,暇
﻿157,83,180,83,180,105,157,105,集
﻿157,105,180,105,180,127,157,127,聖
﻿157,127,180,127,180,149,157,149,𭓇
﻿157,149,180,149,180,171,157,171,益
﻿157,171,180,171,180,193,157,193,以
﻿157,193,180,193,180,215,157,215,髙
﻿157,215,180,215,180,237,157,237,明
﻿157,237,180,237,180,259,157,259,聖
﻿157,259,180,259,180,281,157,281,德
﻿157,281,180,281,180,303,157,303,益
﻿157,303,180,303,180,325,157,325,以
﻿157,325,180,325,180,347,157,347,純
﻿157,347,180,347,180,369,157,369,粹
﻿157,369,180,369,180,391,157,391,尤
﻿157,391,180,391,180,413,157,413,且
﻿127,63,151,63,151,84,127,84,幸
﻿127,84,151,84,151,106,127,106,𭓇
﻿127,106,151,106,151,128,127,128,訪
﻿127,128,151,128,151,150,127,150,道
﻿127,150,151,150,151,172,127,172,臨
﻿127,172,151,172,151,193,127,193,軒
﻿127,193,151,193,151,215,127,215,策
﻿127,215,151,215,151,237,127,237,士
﻿127,237,151,237,151,259,127,259,其
﻿127,259,151,259,151,281,127,281,皷
﻿127,281,151,281,151,302,127,302,舞
﻿127,302,151,302,151,324,127,324,之
﻿127,324,151,324,151,346,127,346,機
﻿127,346,151,346,151,368,127,368,於
﻿127,368,151,368,151,390,127,390,是
﻿127,390,151,390,151,412,127,412,尤
﻿96,62,120,62,120,84,96,84,至
﻿96,84,120,84,120,106,96,106,既
﻿96,106,120,106,120,128,96,128,命
﻿96,128,120,128,120,150,96,150,官
﻿96,150,120,150,120,172,96,172,重
﻿96,172,120,172,120,194,96,194,脩
﻿96,194,120,194,120,216,96,216,國
﻿96,216,120,216,120,238,96,238,子
﻿96,238,120,238,120,260,96,260,監
﻿96,260,120,260,120,282,96,282,及
﻿96,282,120,282,120,304,96,304,新
﻿96,304,120,304,120,326,96,326,構
﻿96,326,120,326,120,348,96,348,碑
﻿96,348,120,348,120,370,96,370,室
﻿96,370,120,370,120,392,96,392,又
﻿96,392,120,392,120,415,96,415,慮
﻿65,64,88,64,88,85,65,85,乙
﻿65,85,88,85,88,107,65,107,丑
﻿65,107,88,107,88,129,65,129,戊
﻿65,129,88,129,88,151,65,151,辰
﻿65,151,88,151,88,173,65,173,二
﻿65,173,88,173,88,195,65,195,科
﻿65,195,88,195,88,217,65,217,未
﻿65,217,88,217,88,239,65,239,有
﻿65,239,88,239,88,260,65,260,立
﻿65,260,88,260,88,282,65,282,碑
﻿65,282,88,282,88,304,65,304,乃
﻿65,304,88,304,88,326,65,326,命
﻿65,326,88,326,88,348,65,348,官
﻿65,348,88,348,88,370,65,370,刻
﻿65,370,88,370,88,392,65,392,碑
﻿65,392,88,392,88,414,65,414,𢮪
﻿36,64,58,64,58,85,36,85,記
﻿36,85,58,85,58,107,36,107,以
﻿36,107,58,107,58,129,36,129,立
﻿36,129,58,129,58,151,36,151,之
﻿36,151,58,151,58,173,36,173,此
﻿36,173,58,173,58,195,36,195,可
﻿36,195,58,195,58,217,36,217,見
﻿36,217,58,217,58,239,36,239,󰦛
﻿36,239,58,239,58,261,36,261,崇
﻿36,261,58,261,58,283,36,283,褒
﻿36,283,58,283,58,305,36,305,奬
﻿36,305,58,305,58,327,36,327,之
﻿36,327,58,327,58,349,36,349,至
﻿36,349,58,349,58,371,36,371,意
﻿36,371,58,371,58,393,36,393,也
﻿36,393,58,393,58,415,36,415,歟
﻿9,18,31,18,31,40,9,40,壬
﻿9,40,31,40,31,62,9,62,申
﻿9,62,31,62,31,84,9,84,四
﻿9,84,31,84,31,107,9,107,年
﻿18,109,32,109,32,129,18,129,明
﻿18,129,32,129,32,150,18,150,正
﻿18,150,32,150,32,171,18,171,德
﻿7,109,17,109,17,131,7,131,七
﻿7,131,17,131,17,153,7,153,年
﻿8,172,30,172,30,193,8,193,春
﻿8,193,30,193,30,215,8,215,正
﻿8,215,30,215,30,237,8,237,月
﻿8,237,30,237,30,259,8,259,命
﻿8,259,30,259,30,281,8,281,武
﻿8,281,30,281,30,303,8,303,將
﻿8,303,30,303,30,325,8,325,統
﻿8,325,30,325,30,347,8,347,領
﻿8,347,30,347,30,369,8,369,兵
﻿8,369,30,369,30,391,8,391,象
﻿8,391,30,391,30,413,8,413,杜
