265,14,286,14,286,34,265,34,武
﻿265,34,286,34,286,55,265,55,衛
﻿265,55,286,55,286,76,265,76,黎
﻿265,76,286,76,286,97,265,97,伯
﻿265,97,286,97,286,118,265,118,玉
﻿265,118,286,118,286,139,265,139,爲
﻿265,139,286,139,286,159,265,159,太
﻿265,159,286,159,286,180,265,180,尉
﻿265,180,286,180,286,201,265,201,陞
﻿265,201,286,201,286,222,265,222,侯
﻿265,222,286,222,286,243,265,243,秩
﻿265,243,286,243,286,264,265,264,内
﻿265,264,286,264,286,284,265,284,人
﻿265,284,286,284,286,305,265,305,火
﻿265,305,286,305,286,326,265,326,頭
﻿265,326,286,326,286,347,265,347,劉
﻿265,347,286,347,286,368,265,368,波
﻿265,368,286,368,286,389,265,389,陽
﻿265,389,286,389,286,410,265,410,英
﻿235,15,259,15,259,35,235,35,珥
﻿235,35,259,35,259,56,235,56,爲
﻿235,56,259,56,259,77,235,77,太
﻿235,77,259,77,259,98,235,98,傅
﻿235,98,259,98,259,118,235,118,爵
﻿235,118,259,118,259,139,235,139,大
﻿235,139,259,139,259,160,235,160,僚
﻿235,160,259,160,259,181,235,181,𤤻
﻿235,181,259,181,259,202,235,202,中
﻿235,202,259,202,259,222,235,222,丞
﻿235,222,259,222,259,243,235,243,牟
﻿235,243,259,243,259,264,235,264,俞
﻿235,264,259,264,259,285,235,285,都
﻿235,285,259,285,259,306,235,306,爲
﻿235,306,259,306,259,326,235,326,諫
﻿235,326,259,326,259,347,235,347,議
﻿235,347,259,347,259,368,235,368,大
﻿235,368,259,368,259,389,235,389,夫
﻿235,389,259,389,259,410,235,410,迁
﻿205,16,228,16,228,36,205,36,諸
﻿205,36,228,36,228,57,205,57,衛
﻿205,57,228,57,228,77,205,77,秩
﻿205,77,228,77,228,98,205,98,内
﻿205,98,228,98,228,119,205,119,人
﻿205,119,228,119,228,139,205,139,火
﻿205,139,228,139,228,160,205,160,頭
﻿205,160,228,160,228,181,205,181,李
﻿205,181,228,181,228,201,205,201,慶
﻿205,201,228,201,228,222,205,222,阮
﻿205,222,228,222,228,242,205,242,福
﻿205,242,228,242,228,263,205,263,高
﻿205,263,228,263,228,284,205,284,依
﻿205,284,228,284,228,304,205,304,爲
﻿205,304,228,304,228,325,205,325,太
﻿205,325,228,325,228,346,205,346,保
﻿205,346,228,346,228,366,205,366,爵
﻿205,366,228,366,228,387,205,387,内
﻿205,387,228,387,228,408,205,408,上
﻿173,14,198,14,198,34,173,34,制
﻿173,34,198,34,198,55,173,55,内
﻿173,55,198,55,198,76,173,76,祗
﻿173,76,198,76,198,97,173,97,候
﻿173,97,198,97,198,118,173,118,管
﻿173,118,198,118,198,139,173,139,甲
﻿173,139,198,139,198,160,173,160,李
﻿173,160,198,160,198,181,173,181,山
﻿173,181,198,181,198,202,173,202,爲
﻿173,202,198,202,198,223,173,223,殿
﻿173,223,198,223,198,244,173,244,指
﻿173,244,198,244,198,265,173,265,?
﻿173,265,198,265,198,286,173,286,揮
﻿173,286,198,286,198,307,173,307,使
﻿173,307,198,307,198,328,173,328,爵
﻿173,328,198,328,198,349,173,349,大
﻿173,349,198,349,198,370,173,370,僚
﻿173,370,198,370,198,391,173,391,𤤻
﻿173,391,198,391,198,412,173,412,伶
﻿144,15,167,15,167,35,144,35,人
﻿144,35,167,35,167,56,144,56,吳
﻿144,56,167,56,167,77,144,77,碎
﻿144,77,167,77,167,98,144,98,爲
﻿144,98,167,98,167,119,144,119,上
﻿144,119,167,119,167,140,144,140,制
﻿144,140,167,140,167,160,144,160,御
﻿144,160,167,160,167,181,144,181,厙
﻿144,181,167,181,167,202,144,202,書
﻿144,202,167,202,167,223,144,223,家
﻿144,223,167,223,167,244,144,244,徐
﻿144,244,167,244,167,265,144,265,延
﻿144,265,167,265,167,285,144,285,爲
﻿144,285,167,285,167,306,144,306,員
﻿144,306,167,306,167,327,144,327,外
﻿144,327,167,327,167,348,144,348,郎
﻿144,348,167,348,167,369,144,369,又
﻿144,369,167,369,167,390,144,390,賜
﻿144,390,167,390,167,411,144,411,伯
﻿113,15,138,15,138,36,113,36,玉
﻿113,36,138,36,138,58,113,58,波
﻿113,58,138,58,138,80,113,80,俞
﻿113,80,138,80,138,102,113,102,都
﻿113,102,138,102,138,124,113,124,及
﻿113,124,138,124,138,146,113,146,官
﻿113,146,138,146,138,168,113,168,職
﻿113,168,138,168,138,190,113,190,都
﻿113,190,138,190,138,212,113,212,錢
﻿113,212,138,212,138,234,113,234,幣
﻿113,234,138,234,138,256,113,256,有
﻿113,256,138,256,138,278,113,278,差
﻿113,278,138,278,138,300,113,300,󰖶
﻿113,300,138,300,138,322,113,322,翼
﻿113,322,138,322,138,344,113,344,賛
﻿113,344,138,344,138,366,113,366,之
﻿113,366,138,366,138,388,113,388,功
﻿113,388,138,388,138,410,113,410,也
﻿81,14,107,14,107,34,81,34,壬
﻿81,34,107,34,107,55,81,55,寅
﻿81,55,107,55,107,76,81,76,使
﻿81,76,107,76,107,97,81,97,太
﻿81,97,107,97,107,118,81,118,傅
﻿81,118,107,118,107,139,81,139,劉
﻿81,139,107,139,107,160,81,160,波
﻿81,160,107,160,107,181,81,181,諫
﻿81,181,107,181,107,202,81,202,議
﻿81,202,107,202,107,222,81,222,大
﻿81,222,107,222,107,243,81,243,夫
﻿81,243,107,243,107,264,81,264,牟
﻿81,264,107,264,107,285,81,285,俞
﻿81,285,107,285,107,306,81,306,都
﻿81,306,107,306,107,327,81,327,賫
﻿81,327,107,327,107,348,81,348,仁
﻿81,348,107,348,107,369,81,369,宗
﻿81,369,107,369,107,390,81,390,賜
﻿81,390,107,390,107,411,81,411,崇
﻿53,12,75,12,75,34,53,34,賢
﻿53,34,75,34,75,56,53,56,侯
﻿53,56,75,56,75,78,53,78,禮
﻿53,78,75,78,75,100,53,100,物
﻿53,100,75,100,75,122,53,122,于
﻿53,122,75,122,75,144,53,144,其
﻿53,144,75,144,75,166,53,166,家
﻿53,166,75,166,75,188,53,188,癸
﻿53,188,75,188,75,210,53,210,卯
﻿53,210,75,210,75,232,53,232,遣
﻿53,232,75,232,75,254,53,254,和
﻿53,254,75,254,75,276,53,276,寨
﻿53,276,75,276,75,298,53,298,人
﻿53,298,75,298,75,320,53,320,訃
﻿53,320,75,320,75,342,53,342,于
﻿53,342,75,342,75,364,53,364,宋
﻿53,364,75,364,75,386,53,386,及
﻿53,386,75,386,75,408,53,408,吿
﻿23,13,43,13,43,32,23,32,即
﻿23,32,43,32,43,52,23,52,位
﻿32,55,46,55,46,75,32,75,時
﻿32,75,46,75,46,95,32,95,宋
﻿32,95,46,95,46,115,32,115,高
﻿32,115,46,115,46,135,32,135,宗
﻿32,135,46,135,46,155,32,155,避
﻿32,155,46,155,46,175,32,175,金
﻿32,175,46,175,46,195,32,195,人
﻿19,55,31,55,31,74,19,74,渡
﻿19,74,31,74,31,94,19,94,江
﻿19,94,31,94,31,114,19,114,都
﻿19,114,31,114,31,134,19,134,臨
﻿19,134,31,134,31,154,19,154,安
﻿19,154,31,154,31,174,19,174,府
﻿19,201,43,201,43,222,19,222,甲
﻿19,222,43,222,43,243,19,243,辰
﻿19,243,43,243,43,264,19,264,詔
﻿19,264,43,264,43,286,19,286,飛
﻿19,286,43,286,43,307,19,307,騎
﻿19,307,43,307,43,328,19,328,?
﻿19,328,43,328,43,350,19,350,賫
﻿19,350,43,350,43,371,19,371,仁
﻿19,371,43,371,43,392,19,392,宗
﻿19,392,43,392,43,414,19,414,遺
