245,31,271,31,271,52,245,52,化
﻿245,52,271,52,271,73,245,73,梯
﻿245,73,271,73,271,95,245,95,航
﻿245,95,271,95,271,116,245,116,奉
﻿245,116,271,116,271,137,245,137,職
﻿245,137,271,137,271,159,245,159,遠
﻿245,159,271,159,271,180,245,180,慕
﻿245,180,271,180,271,202,245,202,聲
﻿245,202,271,202,271,223,245,223,教
﻿245,223,271,223,271,244,245,244,之
﻿245,244,271,244,271,266,245,266,隆
﻿245,266,271,266,271,287,245,287,傾
﻿245,287,271,287,271,309,245,309,復
﻿245,309,271,309,271,330,245,330,納
﻿245,330,271,330,271,351,245,351,僞
﻿245,351,271,351,271,373,245,373,印
﻿245,373,271,373,271,394,245,394,以
﻿245,394,271,394,271,416,245,416,攄
﻿213,29,238,29,238,50,213,50,󰠐
﻿213,50,238,50,238,71,213,71,繳
﻿213,71,238,71,238,93,213,93,僞
﻿213,93,238,93,238,114,213,114,勑
﻿213,114,238,114,238,135,213,135,而
﻿213,135,238,135,238,157,213,157,效
﻿213,157,238,157,238,178,213,178,順
﻿213,178,238,178,238,200,213,200,念
﻿213,200,238,200,238,221,213,221,爾
﻿213,221,238,221,238,242,213,242,忠
﻿213,242,238,242,238,264,213,264,貞
﻿213,264,238,264,238,285,213,285,世
﻿213,285,238,285,238,307,213,307,篤
﻿213,307,238,307,238,328,213,328,久
﻿213,328,238,328,238,349,213,349,揚
﻿213,349,238,349,238,371,213,371,繼
﻿213,371,238,371,238,392,213,392,述
﻿213,392,238,392,238,414,213,414,於
﻿182,29,208,29,208,50,182,50,前
﻿182,50,208,50,208,71,182,71,徽
﻿182,71,208,71,208,93,182,93,譽
﻿182,93,208,93,208,114,182,114,命
﻿182,114,208,114,208,135,182,135,未
﻿182,135,208,135,208,157,182,157,光
﻿182,157,208,157,208,178,182,178,爱
﻿182,178,208,178,208,200,182,200,有
﻿182,200,208,200,208,221,182,221,編
﻿182,221,208,221,208,242,182,242,音
﻿182,242,208,242,208,264,182,264,之
﻿182,264,208,264,208,285,182,285,下
﻿182,285,208,285,208,307,182,307,逮
﻿182,307,208,307,208,328,182,328,特
﻿182,328,208,328,208,349,182,349,遣
﻿182,349,208,349,208,371,182,371,内
﻿182,371,208,371,208,392,182,392,國
﻿182,392,208,392,208,414,182,414,史
﻿153,28,176,28,176,49,153,49,院
﻿153,49,176,49,176,70,153,70,侍
﻿153,70,176,70,176,92,153,92,讀
﻿153,92,176,92,176,113,153,113,學
﻿153,113,176,113,176,135,153,135,士
﻿153,135,176,135,176,156,153,156,之
﻿153,156,176,156,176,178,153,178,從
﻿153,178,176,178,176,199,153,199,三
﻿153,199,176,199,176,221,153,221,品
﻿153,221,176,221,176,242,153,242,俸
﻿153,242,176,242,176,263,153,263,程
﻿153,263,176,263,176,285,153,285,芳
﻿153,285,176,285,176,306,153,306,朝
﻿153,306,176,306,176,328,153,328,禮
﻿153,328,176,328,176,349,153,349,部
﻿153,349,176,349,176,371,153,371,儀
﻿153,371,176,371,176,392,153,392,制
﻿153,392,176,392,176,414,153,414,司
﻿120,30,144,30,144,51,120,51,郎
﻿120,51,144,51,144,72,120,72,中
﻿120,72,144,72,144,94,120,94,張
﻿120,94,144,94,144,115,120,115,易
﻿120,115,144,115,144,136,120,136,賁
﻿120,136,144,136,144,158,120,158,封
﻿120,158,144,158,144,179,120,179,爾
﻿120,179,144,179,144,201,120,201,爲
﻿120,201,144,201,144,222,120,222,安
﻿120,222,144,222,144,243,120,243,南
﻿120,243,144,243,144,265,120,265,國
﻿120,265,144,265,144,286,120,286,王
﻿120,286,144,286,144,308,120,308,奄
﻿120,308,144,308,144,329,120,329,有
﻿120,329,144,329,144,350,120,350,属
﻿120,350,144,350,144,372,120,372,郡
﻿120,372,144,372,144,393,120,393,撫
﻿120,393,144,393,144,415,120,415,兹
﻿91,29,113,29,113,50,91,50,舊
﻿91,50,113,50,113,71,91,71,邦
﻿91,71,113,71,113,93,91,93,守
﻿91,93,113,93,113,114,91,114,職
﻿91,114,113,114,113,136,91,136,宣
﻿91,136,113,136,113,157,91,157,猷
﻿91,157,113,157,113,179,91,179,用
﻿91,179,113,179,113,200,91,200,永
﻿91,200,113,200,113,222,91,222,線
﻿91,222,113,222,113,243,91,243,夫
﻿91,243,113,243,113,264,91,264,󰅾
﻿91,264,113,264,113,286,91,286,礪
﻿91,286,113,286,113,307,91,307,制
﻿91,307,113,307,113,329,91,329,節
﻿91,329,113,329,113,350,91,350,謹
﻿91,350,113,350,113,372,91,372,度
﻿91,372,113,372,113,393,91,393,期
﻿91,393,113,393,113,415,91,415,報
﻿59,30,82,30,82,52,59,52,答
﻿59,52,82,52,82,75,59,75,於
﻿59,75,82,75,82,97,59,97,君
﻿59,97,82,97,82,120,59,120,親
﻿59,120,82,120,82,143,59,143,欽
﻿59,143,82,143,82,165,59,165,哉
﻿59,165,82,165,82,188,59,188,無
﻿59,188,82,188,82,211,59,211,替
﻿59,211,82,211,82,233,59,233,朕
﻿59,233,82,233,82,256,59,256,命
﻿59,256,82,256,82,279,59,279,夏
﻿59,279,82,279,82,301,59,301,四
﻿59,301,82,301,82,324,59,324,月
﻿59,324,82,324,82,347,59,347,殿
﻿59,347,82,347,82,369,59,369,試
﻿59,369,82,369,82,392,59,392,賜
﻿59,392,82,392,82,415,59,415,阮
﻿29,30,53,30,53,52,29,52,冠
﻿29,52,53,52,53,75,29,75,儒
﻿29,75,53,75,53,98,29,98,等
﻿29,98,53,98,53,120,29,120,三
﻿29,120,53,120,53,143,29,143,名
﻿29,143,53,143,53,166,29,166,同
﻿29,166,53,166,53,188,29,188,進
﻿29,188,53,188,53,211,29,211,士
﻿29,211,53,211,53,234,29,234,出
﻿29,234,53,234,53,257,29,257,身
﻿29,257,53,257,53,279,29,279,令
﻿29,279,53,279,53,302,29,302,旨
﻿29,302,53,302,53,325,29,325,乂
﻿29,325,53,325,53,347,29,347,安
﻿29,347,53,347,53,370,29,370,處
﻿29,370,53,370,53,393,29,393,南
﻿29,393,53,393,53,416,29,416,河
﻿2,29,24,29,24,50,2,50,諸
﻿2,50,24,50,24,71,2,71,縣
﻿2,71,24,71,24,93,2,93,社
﻿2,93,24,93,24,114,2,114,民
﻿2,114,24,114,24,135,2,135,人
﻿2,135,24,135,24,157,2,157,有
﻿2,157,24,157,24,178,2,178,以
﻿2,178,24,178,24,199,2,199,堅
﻿2,199,24,199,24,221,2,221,義
﻿2,221,24,221,24,242,2,242,功
﻿2,242,24,242,24,263,2,263,祇
﻿2,263,24,263,24,285,2,285,受
﻿2,285,24,285,24,306,2,306,勑
﻿2,306,24,306,24,327,2,327,命
﻿2,327,24,327,24,349,2,349,止
﻿2,349,24,349,24,370,2,370,復
﻿2,370,24,370,24,391,2,391,其
﻿2,391,24,391,24,413,2,413,身
