258,30,282,30,282,51,258,51,黎
﻿258,51,282,51,282,72,258,72,輔
﻿258,72,282,72,282,93,258,93,吏
﻿258,93,282,93,282,114,258,114,部
﻿258,114,282,114,282,135,258,135,尚
﻿258,135,282,135,282,156,258,156,書
﻿258,156,282,156,282,177,258,177,知
﻿258,177,282,177,282,198,258,198,昭
﻿258,198,282,198,282,220,258,220,文
﻿258,220,282,220,282,241,258,241,舘
﻿258,241,282,241,282,262,258,262,秀
﻿258,262,282,262,282,283,258,283,林
﻿258,283,282,283,282,304,258,304,局
﻿258,304,282,304,282,325,258,325,譚
﻿258,325,282,325,282,346,258,346,慎
﻿258,346,282,346,282,367,258,367,徽
﻿258,367,282,367,282,388,258,388,工
﻿258,388,282,388,282,410,258,410,部
﻿230,30,254,30,254,51,230,51,右
﻿230,51,254,51,254,72,230,72,侍
﻿230,72,254,72,254,93,230,93,郎
﻿230,93,254,93,254,114,230,114,黎
﻿230,114,254,114,254,135,230,135,賛
﻿230,135,254,135,254,156,230,156,襄
﻿230,156,254,156,254,177,230,177,少
﻿230,177,254,177,254,198,230,198,保
﻿230,198,254,198,254,219,230,219,禮
﻿230,219,254,219,254,240,230,240,部
﻿230,240,254,240,254,261,230,261,尚
﻿230,261,254,261,254,282,230,282,書
﻿230,282,254,282,254,303,230,303,由
﻿230,303,254,303,254,324,230,324,禮
﻿230,324,254,324,254,345,230,345,伯
﻿230,345,254,345,254,366,230,366,阮
﻿230,366,254,366,254,387,230,387,伯
﻿230,387,254,387,254,409,230,409,佺
﻿199,31,223,31,223,52,199,52,户
﻿199,52,223,52,223,73,199,73,部
﻿199,73,223,73,223,94,199,94,尚
﻿199,94,223,94,223,115,199,115,書
﻿199,115,223,115,223,136,199,136,知
﻿199,136,223,136,223,157,199,157,昭
﻿199,157,223,157,223,178,199,178,文
﻿199,178,223,178,223,199,199,199,舘
﻿199,199,223,199,223,221,199,221,秀
﻿199,221,223,221,223,242,199,242,林
﻿199,242,223,242,223,263,199,263,局
﻿199,263,223,263,223,284,199,284,謹
﻿199,284,223,284,223,305,199,305,禮
﻿199,305,223,305,223,326,199,326,男
﻿199,326,223,326,223,347,199,347,段
﻿199,347,223,347,223,368,199,368,懋
﻿199,368,223,368,223,389,199,389,少
﻿199,389,223,389,223,411,199,411,保
﻿169,31,193,31,193,52,169,52,禮
﻿169,52,193,52,193,73,169,73,部
﻿169,73,193,73,193,94,169,94,尚
﻿169,94,193,94,193,115,169,115,書
﻿169,115,193,115,193,136,169,136,東
﻿169,136,193,136,193,157,169,157,閣
﻿169,157,193,157,193,178,169,178,大
﻿169,178,193,178,193,199,169,199,𭓇
﻿169,199,193,199,193,220,169,220,士
﻿169,220,193,220,193,241,169,241,兼
﻿169,241,193,241,193,262,169,262,國
﻿169,262,193,262,193,283,169,283,子
﻿169,283,193,283,193,304,169,304,監
﻿169,304,193,304,193,325,169,325,祭
﻿169,325,193,325,193,346,169,346,酒
﻿169,346,193,346,193,367,169,367,知
﻿169,367,193,367,193,388,169,388,經
﻿169,388,193,388,193,409,169,409,筵
﻿137,29,162,29,162,50,137,50,事
﻿137,50,162,50,162,71,137,71,󰦛
﻿137,71,162,71,162,92,137,92,書
﻿137,92,162,92,162,113,137,113,伯
﻿137,113,162,113,162,134,137,134,黎
﻿137,134,162,134,162,155,137,155,嵩
﻿137,155,162,155,162,176,137,176,户
﻿137,176,162,176,162,197,137,197,部
﻿137,197,162,197,162,218,137,218,尚
﻿137,218,162,218,162,239,137,239,書
﻿137,239,162,239,162,260,137,260,東
﻿137,260,162,260,162,281,137,281,各
﻿137,281,162,281,162,302,137,302,大
﻿137,302,162,302,162,323,137,323,学
﻿137,323,162,323,162,344,137,344,士
﻿137,344,162,344,162,365,137,365,入
﻿137,365,162,365,162,386,137,386,侍
﻿137,386,162,386,162,408,137,408,經
﻿105,31,131,31,131,51,105,51,筵
﻿105,51,131,51,131,72,105,72,杜
﻿105,72,131,72,131,93,105,93,岳
﻿105,93,131,93,131,114,105,114,分
﻿105,114,131,114,131,135,105,135,董
﻿105,135,131,135,131,156,105,156,其
﻿105,156,131,156,131,177,105,177,事
﻿105,177,131,177,131,198,105,198,賜
﻿105,198,131,198,131,219,105,219,阮
﻿105,219,131,219,131,239,105,239,德
﻿105,239,131,239,131,260,105,260,亮
﻿105,260,131,260,131,281,105,281,阮
﻿105,281,131,281,131,302,105,302,昭
﻿105,302,131,302,131,323,105,323,訓
﻿105,323,131,323,131,344,105,344,黄
﻿105,344,131,344,131,365,105,365,明
﻿105,365,131,365,131,386,105,386,佐
﻿105,386,131,386,131,407,105,407,三
﻿76,30,98,30,98,51,76,51,名
﻿76,51,98,51,98,72,76,72,弟
﻿76,72,98,72,98,93,76,93,一
﻿76,93,98,93,98,114,76,114,甲
﻿76,114,98,114,98,135,76,135,進
﻿76,135,98,135,98,156,76,156,士
﻿76,156,98,156,98,177,76,177,及
﻿76,177,98,177,98,198,76,198,第
﻿76,198,98,198,98,219,76,219,阮
﻿76,219,98,219,98,240,76,240,瑀
﻿76,240,98,240,98,261,76,261,等
﻿76,261,98,261,98,282,76,282,二
﻿76,282,98,282,98,303,76,303,十
﻿76,303,98,303,98,324,76,324,名
﻿76,324,98,324,98,345,76,345,弟
﻿76,345,98,345,98,366,76,366,二
﻿76,366,98,366,98,387,76,387,甲
﻿76,387,98,387,98,408,76,408,進
﻿46,30,68,30,68,50,46,50,士
﻿46,50,68,50,68,71,46,71,出
﻿46,71,68,71,68,92,46,92,身
﻿46,92,68,92,68,113,46,113,阮
﻿46,113,68,113,68,134,46,134,秉
﻿46,134,68,134,68,155,46,155,彜
﻿46,155,68,155,68,176,46,176,等
﻿46,176,68,176,68,197,46,197,二
﻿46,197,68,197,68,218,46,218,十
﻿46,218,68,218,68,239,46,239,名
﻿46,239,68,239,68,260,46,260,第
﻿46,260,68,260,68,281,46,281,三
﻿46,281,68,281,68,302,46,302,甲
﻿46,302,68,302,68,323,46,323,同
﻿46,323,68,323,68,344,46,344,進
﻿46,344,68,344,68,365,46,365,士
﻿46,365,68,365,68,386,46,386,出
﻿46,386,68,386,68,407,46,407,身
﻿14,30,38,30,38,51,14,51,五
﻿14,51,38,51,38,72,14,72,月
﻿14,72,38,72,38,93,14,93,詔
﻿14,93,38,93,38,114,14,114,進
﻿14,114,38,114,38,135,14,135,士
﻿14,135,38,135,38,156,14,156,阮
﻿14,156,38,156,38,177,14,177,德
﻿14,177,38,177,38,198,14,198,亮
﻿14,198,38,198,38,219,14,219,等
﻿14,219,38,219,38,240,14,240,入
﻿14,240,38,240,38,261,14,261,天
﻿14,261,38,261,38,282,14,282,光
﻿14,282,38,282,38,303,14,303,殿
﻿14,303,38,303,38,324,14,324,應
﻿14,324,38,324,38,345,14,345,制
﻿14,345,38,345,38,366,14,366,命
﻿14,366,38,366,38,387,14,387,作
﻿14,387,38,387,38,408,14,408,天
