261,38,285,38,285,59,261,59,明
﻿261,59,285,59,285,80,261,80,人
﻿261,80,285,80,285,101,261,101,亦
﻿261,101,285,101,285,122,261,122,有
﻿261,122,285,122,285,143,261,143,奔
﻿261,143,285,143,285,164,261,164,逸
﻿261,164,285,164,285,185,261,185,者
﻿261,185,285,185,285,206,261,206,献
﻿261,206,285,206,285,227,261,227,捷
﻿261,227,285,227,285,248,261,248,󰍶
﻿261,248,285,248,285,269,261,269,鞠
﻿261,269,285,269,285,290,261,290,問
﻿261,290,285,290,285,311,261,311,添
﻿261,311,285,311,285,332,261,332,平
﻿261,332,285,332,285,353,261,353,是
﻿261,353,285,353,285,374,261,374,何
﻿261,374,285,374,285,395,261,395,宗
﻿261,395,285,395,285,416,261,416,派
﻿232,37,258,37,258,58,232,58,添
﻿232,58,258,58,258,79,232,79,平
﻿232,79,258,79,258,100,232,100,不
﻿232,100,258,100,258,121,232,121,以
﻿232,121,258,121,258,142,232,142,吿
﻿232,142,258,142,258,163,232,163,令
﻿232,163,258,163,258,184,232,184,諸
﻿232,184,258,184,258,205,232,205,人
﻿232,205,258,205,258,226,232,226,有
﻿232,226,258,226,258,247,232,247,䏻
﻿232,247,258,247,258,268,232,268,認
﻿232,268,258,268,258,289,232,289,識
﻿232,289,258,289,258,310,232,310,者
﻿232,310,258,310,258,331,232,331,賞
﻿232,331,258,331,258,352,232,352,爵
﻿232,352,258,352,258,373,232,373,一
﻿232,373,258,373,258,394,232,394,資
﻿232,394,258,394,258,415,232,415,無
﻿202,35,227,35,227,56,202,56,敢
﻿202,56,227,56,227,77,202,77,認
﻿202,77,227,77,227,98,202,98,者
﻿202,98,227,98,227,119,202,119,處
﻿202,119,227,119,227,140,202,140,陵
﻿202,140,227,140,227,161,202,161,遲
﻿202,161,227,161,227,182,202,182,罪
﻿202,182,227,182,227,203,202,203,添
﻿202,203,227,203,227,224,202,224,平
﻿202,224,227,224,227,245,202,245,陳
﻿202,245,227,245,227,266,202,266,元
﻿202,266,227,266,227,287,202,287,輝
﻿202,287,227,287,227,308,202,308,家
﻿202,308,227,308,227,329,202,329,奴
﻿202,329,227,329,227,350,202,350,即
﻿202,350,227,350,227,371,202,371,阮
﻿202,371,227,371,227,392,202,392,康
﻿202,392,227,392,227,414,202,414,也
﻿172,35,196,35,196,56,172,56,其
﻿172,56,196,56,196,77,172,77,俘
﻿172,77,196,77,196,98,172,98,囚
﻿172,98,196,98,196,119,172,119,兵
﻿172,119,196,119,196,140,172,140,𭛁
﻿172,140,196,140,196,161,172,161,居
﻿172,161,196,161,196,182,172,182,乂
﻿172,182,196,182,196,203,172,203,安
﻿172,203,196,203,196,224,172,224,種
﻿172,224,196,224,196,245,172,245,田
﻿172,245,196,245,196,266,172,266,官
﻿172,266,196,266,196,287,172,287,吏
﻿172,287,196,287,196,308,172,308,留
﻿172,308,196,308,196,329,172,329,在
﻿172,329,196,329,196,350,172,350,京
﻿172,350,196,350,196,371,172,371,付
﻿172,371,196,371,196,392,172,392,貴
﻿172,392,196,392,196,413,172,413,人
﻿142,35,165,35,165,57,142,57,家
﻿142,57,165,57,165,79,142,79,收
﻿142,79,165,79,165,101,142,101,養
﻿142,101,165,101,165,124,142,124,明
﻿142,124,165,124,165,146,142,146,内
﻿142,146,165,146,165,168,142,168,錦
﻿142,168,165,168,165,191,142,191,衣
﻿142,191,165,191,165,213,142,213,衛
﻿142,213,165,213,165,235,142,235,范
﻿142,235,165,235,165,257,142,257,質
﻿142,257,165,257,165,280,142,280,言
﻿142,280,165,280,165,302,142,302,於
﻿142,302,165,302,165,324,142,324,漢
﻿142,324,165,324,165,347,142,347,蒼
﻿142,347,165,347,165,369,142,369,曰
﻿142,369,165,369,165,391,142,391,劉
﻿142,391,165,391,165,414,142,414,光
﻿111,33,136,33,136,55,111,55,庭
﻿111,55,136,55,136,77,111,77,奉
﻿111,77,136,77,136,100,111,100,使
﻿111,100,136,100,136,122,111,122,到
﻿111,122,136,122,136,144,111,144,北
﻿111,144,136,144,136,167,111,167,京
﻿111,167,136,167,136,189,111,189,拜
﻿111,189,136,189,136,211,111,211,添
﻿111,211,136,211,136,234,111,234,平
﻿111,234,136,234,136,256,111,256,即
﻿111,256,136,256,136,278,111,278,日
﻿111,278,136,278,136,301,111,301,收
﻿111,301,136,301,136,323,111,323,光
﻿111,323,136,323,136,345,111,345,庭
﻿111,345,136,345,136,368,111,368,斬
﻿111,368,136,368,136,390,111,390,之
﻿111,390,136,390,136,413,111,413,漢
﻿80,33,106,33,106,54,80,54,蒼
﻿80,54,106,54,106,75,80,75,賞
﻿80,75,106,75,106,96,80,96,戰
﻿80,96,106,96,106,118,80,118,功
﻿80,118,106,118,106,139,80,139,爵
﻿80,139,106,139,106,160,80,160,名
﻿80,160,106,160,106,181,80,181,三
﻿80,181,106,181,106,203,80,203,資
﻿80,203,106,203,106,224,80,224,胡
﻿80,224,106,224,106,245,80,245,射
﻿80,245,106,245,106,267,80,267,以
﻿80,267,106,267,106,288,80,288,聽
﻿80,288,106,288,106,309,80,309,明
﻿80,309,106,309,106,330,80,330,人
﻿80,330,106,330,106,352,80,352,擒
﻿80,352,106,352,106,373,80,373,送
﻿80,373,106,373,106,394,80,394,添
﻿80,394,106,394,106,416,80,416,平
﻿47,34,75,34,75,54,47,54,之
﻿47,54,75,54,75,75,47,75,計
﻿47,75,75,75,75,96,47,96,𦤶
﻿47,96,75,96,75,117,47,117,黃
﻿47,117,75,117,75,138,47,138,中
﻿47,138,75,138,75,159,47,159,等
﻿47,159,75,159,75,180,47,180,奔
﻿47,180,75,180,75,201,47,201,逸
﻿47,201,75,201,75,222,47,222,而
﻿47,222,75,222,75,242,47,242,不
﻿47,242,75,242,75,263,47,263,得
﻿47,263,75,263,75,284,47,284,萬
﻿47,284,75,284,75,305,47,305,全
﻿47,305,75,305,75,326,47,326,射
﻿47,326,75,326,75,347,47,347,與
﻿47,347,75,347,75,368,47,368,其
﻿47,368,75,368,75,389,47,389,下
﻿47,389,75,389,75,410,47,410,止
﻿17,33,43,33,43,55,17,55,得
﻿17,55,43,55,43,77,17,77,二
﻿17,77,43,77,43,99,17,99,資
﻿17,99,43,99,43,121,17,121,内
﻿17,121,43,121,43,143,17,143,外
﻿17,143,43,143,43,166,17,166,文
﻿17,166,43,166,43,188,17,188,武
﻿17,188,43,188,43,210,17,210,表
﻿17,210,43,210,43,232,17,232,賀
﻿17,232,43,232,43,254,17,254,辝
﻿17,254,43,254,43,276,17,276,不
﻿17,276,43,276,43,299,17,299,受
﻿17,299,43,299,43,321,17,321,初
﻿17,321,43,321,43,343,17,343,明
﻿17,343,43,343,43,365,17,365,人
﻿17,365,43,365,43,387,17,387,之
﻿17,387,43,387,43,410,17,410,入
