263,31,285,31,285,52,263,52,藝
﻿263,52,285,52,285,73,263,73,因
﻿263,73,285,73,285,94,263,94,以
﻿263,94,285,94,285,115,263,115,多
﻿263,115,285,115,285,136,263,136,方
﻿263,136,285,136,285,158,263,158,為
﻿263,158,285,158,285,179,263,179,弟
﻿263,179,285,179,285,200,263,200,多
﻿263,200,285,200,285,221,263,221,方
﻿263,221,285,221,285,242,263,242,曾
﻿263,242,285,242,285,263,263,263,為
﻿263,263,285,263,285,285,263,285,占
﻿263,285,285,285,285,306,263,306,城
﻿263,306,285,306,285,327,263,327,所
﻿263,327,285,327,285,348,263,348,虜
﻿263,348,285,348,285,369,263,369,後
﻿263,369,285,369,285,390,263,390,迯
﻿263,390,285,390,285,412,263,412,㱕
﻿233,29,257,29,257,50,233,50,至
﻿233,50,257,50,257,71,233,71,是
﻿233,71,257,71,257,92,233,92,季
﻿233,92,257,92,257,113,233,113,犛
﻿233,113,257,113,257,135,233,135,薦
﻿233,135,257,135,257,156,233,156,之
﻿233,156,257,156,257,177,233,177,又
﻿233,177,257,177,257,198,233,198,有
﻿233,198,257,198,257,220,233,220,主
﻿233,220,257,220,257,241,233,241,書
﻿233,241,257,241,257,262,233,262,侍
﻿233,262,257,262,257,283,233,283,御
﻿233,283,257,283,257,304,233,304,史
﻿233,304,257,304,257,326,233,326,范
﻿233,326,257,326,257,347,233,347,巨
﻿233,347,257,347,257,368,233,368,論
﻿233,368,257,368,257,389,233,389,能
﻿233,389,257,389,257,411,233,411,謀
﻿204,29,226,29,226,50,204,50,畫
﻿204,50,226,50,226,71,204,71,季
﻿204,71,226,71,226,92,204,92,犛
﻿204,92,226,92,226,113,204,113,薦
﻿204,113,226,113,226,134,204,134,之
﻿204,134,226,134,226,156,204,156,為
﻿204,156,226,156,226,177,204,177,權
﻿204,177,226,177,226,198,204,198,都
﻿204,198,226,198,226,219,204,219,事
﻿204,219,226,219,226,240,204,240,時
﻿204,240,226,240,226,261,204,261,人
﻿204,261,226,261,226,283,204,283,謂
﻿204,283,226,283,226,304,204,304,季
﻿204,304,226,304,226,325,204,325,犛
﻿204,325,226,325,226,346,204,346,有
﻿204,346,226,346,226,367,204,367,方
﻿204,367,226,367,226,388,204,388,圓
﻿204,388,226,388,226,410,204,410,佐
﻿173,30,199,30,199,53,173,53,慮
﻿173,53,199,53,199,77,173,77,夏
﻿173,77,199,77,199,101,173,101,旱
﻿173,101,199,101,199,125,173,125,大
﻿173,125,199,125,199,149,173,149,饑
﻿173,149,199,149,199,173,173,173,秋
﻿173,173,199,173,199,197,173,197,八
﻿173,197,199,197,199,221,173,221,月
﻿173,221,199,221,199,245,173,245,北
﻿173,245,199,245,199,269,173,269,江
﻿173,269,199,269,199,293,173,293,路
﻿173,293,199,293,199,317,173,317,人
﻿173,317,199,317,199,341,173,341,阮
﻿173,341,199,341,199,365,173,365,補
﻿173,365,199,365,199,389,173,389,稱
﻿173,389,199,389,199,413,173,413,為
﻿143,29,167,29,167,51,143,51,唐
﻿143,51,167,51,167,73,143,73,郎
﻿143,73,167,73,167,96,143,96,紫
﻿143,96,167,96,167,118,143,118,衣
﻿143,118,167,118,167,141,143,141,以
﻿143,141,167,141,167,163,143,163,法
﻿143,163,167,163,167,186,143,186,術
﻿143,186,167,186,167,208,143,208,僣
﻿143,208,167,208,167,231,143,231,號
﻿143,231,167,231,167,253,143,253,稱
﻿143,253,167,253,167,276,143,276,王
﻿143,276,167,276,167,298,143,298,作
﻿143,298,167,298,167,321,143,321,亂
﻿143,321,167,321,167,343,143,343,伏
﻿143,343,167,343,167,366,143,366,誅
﻿143,366,167,366,167,388,143,388,九
﻿143,388,167,388,167,411,143,411,月
﻿113,29,138,29,138,50,113,50,令
﻿113,50,138,50,138,71,113,71,軍
﻿113,71,138,71,138,93,113,93,民
﻿113,93,138,93,138,114,113,114,󰰻
﻿113,114,138,114,138,136,113,136,運
﻿113,136,138,136,138,157,113,157,銅
﻿113,157,138,157,138,179,113,179,錢
﻿113,179,138,179,138,200,113,200,藏
﻿113,200,138,200,138,222,113,222,天
﻿113,222,138,222,138,243,113,243,健
﻿113,243,138,243,138,265,113,265,山
﻿125,267,140,267,140,287,125,287,天
﻿125,287,140,287,140,307,125,307,健
﻿125,307,140,307,140,328,125,328,前
﻿125,328,140,328,140,348,125,348,名
﻿125,348,140,348,140,369,125,369,地
﻿125,369,140,369,140,389,125,389,覲
﻿125,389,140,389,140,410,125,410,俗
﻿110,266,123,266,123,286,110,286,傳
﻿110,286,123,286,123,307,110,307,有
﻿110,307,123,307,123,328,110,328,古
﻿110,328,123,328,123,348,110,348,松
﻿110,348,123,348,123,369,110,369,能
﻿110,369,123,369,123,390,110,390,蟠
﻿110,390,123,390,123,411,110,411,其
﻿93,30,108,30,108,51,93,51,上
﻿93,51,108,51,108,72,93,72,陳
﻿93,72,108,72,108,93,93,93,太
﻿93,93,108,93,108,114,93,114,宗
﻿93,114,108,114,108,136,93,136,建
﻿80,31,92,31,92,51,80,51,行
﻿80,51,92,51,92,72,80,72,宫
﻿80,72,92,72,92,93,80,93,于
﻿80,93,92,93,92,114,80,114,此
﻿82,138,108,138,108,160,82,160,冬
﻿82,160,108,160,108,183,82,183,十
﻿82,183,108,183,108,205,82,205,月
﻿82,205,108,205,108,228,82,228,藏
﻿82,228,108,228,108,250,82,250,諒
﻿82,250,108,250,108,273,82,273,山
﻿82,273,108,273,108,295,82,295,可
﻿82,295,108,295,108,318,82,318,浪
﻿82,318,108,318,108,340,82,340,龕
﻿82,340,108,340,108,363,82,363,懲
﻿82,363,108,363,108,385,82,385,占
﻿82,385,108,385,108,408,82,408,人
﻿49,28,76,28,76,49,49,49,焚
﻿49,49,76,49,76,71,49,71,宫
﻿49,71,76,71,76,93,49,93,殿
﻿49,93,76,93,76,114,49,114,之
﻿49,114,76,114,76,136,49,136,變
﻿49,136,76,136,76,158,49,158,也
﻿19,50,44,50,44,71,19,71,史
﻿19,71,44,71,44,92,19,92,臣
﻿19,92,44,92,44,113,19,113,吳
﻿19,113,44,113,44,134,19,134,士
﻿19,134,44,134,44,156,19,156,連
﻿19,156,44,156,44,177,19,177,曰
﻿19,177,44,177,44,198,19,198,天
﻿19,198,44,198,44,219,19,219,子
﻿19,219,44,219,44,241,19,241,富
﻿19,241,44,241,44,262,19,262,有
﻿19,262,44,262,44,283,19,283,四
﻿19,283,44,283,44,304,19,304,海
﻿19,304,44,304,44,326,19,326,倉
﻿19,326,44,326,44,347,19,347,廪
﻿19,347,44,347,44,368,19,368,府
﻿19,368,44,368,44,389,19,389,庫
﻿19,389,44,389,44,411,19,411,莫
