265,55,285,55,285,75,265,75,眾
﻿265,75,285,75,285,96,265,96,𬢱
﻿265,96,285,96,285,116,265,116,賜
﻿265,116,285,116,285,137,265,137,死
﻿235,36,255,36,255,56,235,56,壬
﻿235,56,255,56,255,77,235,77,戌
﻿235,77,255,77,255,98,235,98,三
﻿235,98,255,98,255,119,235,119,年
﻿247,121,258,121,258,140,247,140,明
﻿247,140,258,140,258,160,247,160,正
﻿247,160,258,160,258,180,247,180,七
﻿235,123,246,123,246,139,235,139,年
﻿235,139,246,139,246,156,235,156,統
﻿235,182,257,182,257,204,235,204,春
﻿235,204,257,204,257,227,235,227,正
﻿235,227,257,227,257,250,235,250,月
﻿235,250,257,250,257,272,235,272,造
﻿235,272,257,272,257,295,235,295,殿
﻿235,295,257,295,257,318,235,318,宇
﻿235,318,257,318,257,341,235,341,三
﻿235,341,257,341,257,363,235,363,月
﻿235,363,257,363,257,386,235,386,會
﻿235,386,257,386,257,409,235,409,試
﻿235,409,257,409,257,432,235,432,天
﻿204,57,227,57,227,77,204,77,下
﻿204,77,227,77,227,98,204,98,士
﻿204,98,227,98,227,119,204,119,人
﻿204,119,227,119,227,139,204,139,賜
﻿204,139,227,139,227,160,204,160,阮
﻿204,160,227,160,227,181,204,181,直
﻿204,181,227,181,227,201,204,201,阮
﻿204,201,227,201,227,222,204,222,如
﻿204,222,227,222,227,243,204,243,堵
﻿204,243,227,243,227,263,204,263,梁
﻿204,263,227,263,227,284,204,284,如
﻿204,284,227,284,227,305,204,305,鵠
﻿204,305,227,305,227,325,204,325,三
﻿204,325,227,325,227,346,204,346,人
﻿204,346,227,346,227,367,204,367,進
﻿204,367,227,367,227,387,204,387,士
﻿204,387,227,387,227,408,204,408,及
﻿204,408,227,408,227,429,204,429,第
﻿173,54,199,54,199,74,173,74,陳
﻿173,74,199,74,199,95,173,95,文
﻿173,95,199,95,199,116,173,116,徽
﻿173,116,199,116,199,137,173,137,等
﻿173,137,199,137,199,158,173,158,七
﻿173,158,199,158,199,179,173,179,人
﻿173,179,199,179,199,199,173,199,進
﻿173,199,199,199,199,220,173,220,士
﻿173,220,199,220,199,241,173,241,出
﻿173,241,199,241,199,262,173,262,身
﻿173,262,199,262,199,283,173,283,吳
﻿173,283,199,283,199,304,173,304,士
﻿173,304,199,304,199,324,173,324,連
﻿173,324,199,324,199,345,173,345,等
﻿173,345,199,345,199,366,173,366,二
﻿173,366,199,366,199,387,173,387,十
﻿173,387,199,387,199,408,173,408,三
﻿173,408,199,408,199,429,173,429,人
﻿143,57,167,57,167,77,143,77,同
﻿143,77,167,77,167,98,143,98,進
﻿143,98,167,98,167,119,143,119,士
﻿143,119,167,119,167,139,143,139,出
﻿143,139,167,139,167,160,143,160,身
﻿143,160,167,160,167,181,143,181,仍
﻿143,181,167,181,167,202,143,202,命
﻿143,202,167,202,167,222,143,222,製
﻿143,222,167,222,167,243,143,243,文
﻿143,243,167,243,167,264,143,264,題
﻿143,264,167,264,167,284,143,284,名
﻿143,284,167,284,167,305,143,305,竪
﻿143,305,167,305,167,326,143,326,碑
﻿143,326,167,326,167,347,143,347,進
﻿143,347,167,347,167,367,143,367,士
﻿143,367,167,367,167,388,143,388,碑
﻿143,388,167,388,167,409,143,409,記
﻿143,409,167,409,167,430,143,430,自
﻿110,57,137,57,137,80,110,80,此
﻿110,80,137,80,137,103,110,103,始
﻿110,103,137,103,137,126,110,126,秋
﻿110,126,137,126,137,150,110,150,七
﻿110,150,137,150,137,173,110,173,月
﻿110,173,137,173,137,196,110,196,二
﻿110,196,137,196,137,219,110,219,十
﻿110,219,137,219,137,243,110,243,日
﻿110,243,137,243,137,266,110,266,皇
﻿110,266,137,266,137,289,110,289,子
﻿110,289,137,289,137,312,110,312,思
﻿110,312,137,312,137,336,110,336,誠
﻿110,336,137,336,137,359,110,359,生
﻿110,359,137,359,137,382,110,382,二
﻿110,382,137,382,137,405,110,405,十
﻿110,405,137,405,137,429,110,429,七
﻿80,58,105,58,105,78,80,78,日
﻿80,78,105,78,105,99,80,99,帝
﻿80,99,105,99,105,120,80,120,東
﻿80,120,105,120,105,141,80,141,巡
﻿80,141,105,141,105,161,80,161,閲
﻿80,161,105,161,105,182,80,182,武
﻿80,182,105,182,105,203,80,203,於
﻿80,203,105,203,105,224,80,224,至
﻿80,224,105,224,105,245,80,245,靈
﻿80,245,105,245,105,265,80,265,城
﻿80,265,105,265,105,286,80,286,阮
﻿80,286,105,286,105,307,80,307,廌
﻿80,307,105,307,105,328,80,328,邀
﻿80,328,105,328,105,348,80,348,駕
﻿80,348,105,348,105,369,80,369,幸
﻿80,369,105,369,105,390,80,390,廌
﻿80,390,105,390,105,411,80,411,鄕
﻿80,411,105,411,105,432,80,432,崑
﻿51,59,76,59,76,79,51,79,山
﻿51,79,76,79,76,100,51,100,寺
﻿51,100,76,100,76,121,51,121,帝
﻿51,121,76,121,76,142,51,142,𭛁
﻿51,142,76,142,76,162,51,162,東
﻿51,162,76,162,76,183,51,183,津
﻿51,183,76,183,76,204,51,204,入
﻿51,204,76,204,76,225,51,225,天
﻿51,225,76,225,76,246,51,246,德
﻿51,246,76,246,76,266,51,266,江
﻿51,266,76,266,76,287,51,287,經
﻿51,287,76,287,76,308,51,308,桂
﻿51,308,76,308,76,329,51,329,陽
﻿51,329,76,329,76,349,51,349,縣
﻿51,349,76,349,76,370,51,370,大
﻿51,370,76,370,76,391,51,391,蒜
﻿51,391,76,391,76,412,51,412,社
﻿51,412,76,412,76,433,51,433,󱖮
﻿15,59,45,59,45,79,15,79,橋
﻿15,79,45,79,45,100,15,100,白
﻿15,100,45,100,45,121,15,121,師
﻿15,121,45,121,45,142,15,142,墓
﻿15,142,45,142,45,163,15,163,御
﻿15,163,45,163,45,184,15,184,舟
﻿15,184,45,184,45,204,15,204,不
﻿15,204,45,204,45,225,15,225,能
﻿15,225,45,225,45,246,15,246,前
﻿15,246,45,246,45,267,15,267,諸
﻿15,267,45,267,45,288,15,288,軍
﻿15,288,45,288,45,309,15,309,尽
﻿15,309,45,309,45,329,15,329,力
﻿15,329,45,329,45,350,15,350,引
﻿15,350,45,350,45,371,15,371,䌫
﻿15,371,45,371,45,392,15,392,亦
﻿15,392,45,392,45,413,15,413,不
﻿15,413,45,413,45,434,15,434,摇
