248,35,274,35,274,56,248,56,裔
﻿248,56,274,56,274,77,248,77,德
﻿248,77,274,77,274,98,248,98,彌
﻿248,98,274,98,274,119,248,119,暎
﻿248,119,274,119,274,140,248,140,乾
﻿248,140,274,140,274,161,248,161,坤
﻿248,161,274,161,274,182,248,182,望
﻿248,182,274,182,274,203,248,203,久
﻿248,203,274,203,274,224,248,224,孚
﻿248,224,274,224,274,245,248,245,四
﻿248,245,274,245,274,266,248,266,海
﻿248,266,274,266,274,287,248,287,之
﻿248,287,274,287,274,308,248,308,心
﻿248,308,274,308,274,329,248,329,位
﻿248,329,274,329,274,350,248,350,當
﻿248,350,274,350,274,371,248,371,冠
﻿248,371,274,371,274,392,248,392,百
﻿248,392,274,392,274,413,248,413,僚
﻿217,39,242,39,242,59,217,59,之
﻿217,59,242,59,242,80,217,80,首
﻿217,80,242,80,242,101,217,101,特
﻿217,101,242,101,242,122,217,122,遣
﻿217,122,242,122,242,143,217,143,特
﻿217,143,242,143,242,164,217,164,進
﻿217,164,242,164,242,184,217,184,金
﻿217,184,242,184,242,205,217,205,紫
﻿217,205,242,205,242,226,217,226,榮
﻿217,226,242,226,242,247,217,247,祿
﻿217,247,242,247,242,268,217,268,大
﻿217,268,242,268,242,289,217,289,夫
﻿217,289,242,289,242,309,217,309,參
﻿217,309,242,309,242,330,217,330,從
﻿217,330,242,330,242,351,217,351,吏
﻿217,351,242,351,242,372,217,372,部
﻿217,372,242,372,242,393,217,393,尙
﻿217,393,242,393,242,414,217,414,書
﻿187,35,212,35,212,56,187,56,兼
﻿187,56,212,56,212,77,187,77,東
﻿187,77,212,77,212,98,187,98,閣
﻿187,98,212,98,212,119,187,119,大
﻿187,119,212,119,212,140,187,140,學
﻿187,140,212,140,212,161,187,161,士
﻿187,161,212,161,212,182,187,182,國
﻿187,182,212,182,212,203,187,203,老
﻿187,203,212,203,212,224,187,224,參
﻿187,224,212,224,212,245,187,245,預
﻿187,245,212,245,212,266,187,266,朝
﻿187,266,212,266,212,287,187,287,政
﻿187,287,212,287,212,308,187,308,掌
﻿187,308,212,308,212,329,187,329,六
﻿187,329,212,329,212,350,187,350,部
﻿187,350,212,350,212,371,187,371,事
﻿187,371,212,371,212,392,187,392,太
﻿187,392,212,392,212,414,187,414,保
﻿158,37,182,37,182,57,158,57,燕
﻿158,57,182,57,182,78,158,78,郡
﻿158,78,182,78,182,99,158,99,公
﻿158,99,182,99,182,119,158,119,范
﻿158,119,182,119,182,140,158,140,公
﻿158,140,182,140,182,161,158,161,著
﻿158,161,182,161,182,181,158,181,捧
﻿158,181,182,181,182,202,158,202,賫
﻿158,202,182,202,182,223,158,223,金
﻿158,223,182,223,182,243,158,243,󰀋
﻿158,243,182,243,182,264,158,264,玉
﻿158,264,182,264,182,285,158,285,章
﻿158,285,182,285,182,305,158,305,普
﻿158,305,182,305,182,326,158,326,封
﻿158,326,182,326,182,347,158,347,元
﻿158,347,182,347,182,367,158,367,帥
﻿158,367,182,367,182,388,158,388,典
﻿158,388,182,388,182,409,158,409,國
﻿126,36,151,36,151,56,126,56,政
﻿126,56,151,56,151,77,126,77,定
﻿126,77,151,77,151,98,126,98,南
﻿126,98,151,98,151,119,126,119,王
﻿126,119,151,119,151,140,126,140,榮
﻿126,140,151,140,151,161,126,161,如
﻿126,161,151,161,151,182,126,182,圭
﻿126,182,151,182,151,203,126,203,瓚
﻿126,203,151,203,151,224,126,224,用
﻿126,224,151,224,151,244,126,244,啓
﻿126,244,151,244,151,265,126,265,宇
﻿126,265,151,265,151,286,126,286,田
﻿126,286,151,286,151,307,126,307,尙
﻿126,307,151,307,151,328,126,328,其
﻿126,328,151,328,151,349,126,349,受
﻿126,349,151,349,151,370,126,370,命
﻿126,370,151,370,151,391,126,391,承
﻿126,391,151,391,151,412,126,412,休
﻿96,37,123,37,123,57,96,57,乘
﻿96,57,123,57,123,78,96,78,彛
﻿96,78,123,78,123,99,96,99,慎
﻿96,99,123,99,123,120,96,120,位
﻿96,120,123,120,123,141,96,141,政
﻿96,141,123,141,123,162,96,162,詳
﻿96,162,123,162,123,183,96,183,典
﻿96,183,123,183,123,204,96,204,章
﻿96,204,123,204,123,225,96,225,法
﻿96,225,123,225,123,245,96,245,度
﻿96,245,123,245,123,266,96,266,悋
﻿96,266,123,266,123,287,96,287,守
﻿96,287,123,287,123,308,96,308,成
﻿96,308,123,308,123,329,96,329,䂓
﻿96,329,123,329,123,350,96,350,德
﻿96,350,123,350,123,371,96,371,得
﻿96,371,123,371,123,392,96,392,位
﻿96,392,123,392,123,413,96,413,禄
﻿65,33,90,33,90,54,65,54,壽
﻿65,54,90,54,90,75,65,75,名
﻿65,75,90,75,90,96,65,96,誕
﻿65,96,90,96,90,117,65,117,膺
﻿65,117,90,117,90,138,65,138,申
﻿65,138,90,138,90,159,65,159,眷
﻿65,159,90,159,90,180,65,180,賛
﻿65,180,90,180,90,201,65,201,皇
﻿65,201,90,201,90,223,65,223,家
﻿65,223,90,223,90,244,65,244,緒
﻿65,244,90,244,90,265,65,265,綿
﻿65,265,90,265,90,286,65,286,於
﻿65,286,90,286,90,307,65,307,有
﻿65,307,90,307,90,328,65,328,永
﻿65,328,90,328,90,349,65,349,衍
﻿65,349,90,349,90,370,65,370,王
﻿65,370,90,370,90,391,65,391,室
﻿65,391,90,391,90,413,65,413,業
﻿36,39,60,39,60,61,36,61,保
﻿36,61,60,61,60,83,36,83,於
﻿36,83,60,83,60,105,36,105,無
﻿36,105,60,105,60,127,36,127,疆
﻿36,127,60,127,60,149,36,149,王
﻿36,149,60,149,60,171,36,171,其
﻿36,171,60,171,60,193,36,193,欽
﻿36,193,60,193,60,215,36,215,哉
﻿36,215,60,215,60,237,36,237,旨
﻿36,237,60,237,60,259,36,259,准
﻿36,259,60,259,60,281,36,281,目
﻿36,281,60,281,60,303,36,303,今
﻿36,303,60,303,60,325,36,325,王
﻿36,325,60,325,60,347,36,347,府
﻿36,347,60,347,60,369,36,369,領
﻿36,369,60,369,60,391,36,391,布
﻿36,391,60,391,60,413,36,413,命
﻿7,36,31,36,31,57,7,57,令
﻿7,57,31,57,31,78,7,78,曰
﻿7,78,31,78,31,99,7,99,令
﻿7,99,31,99,31,120,7,120,諭
﻿7,120,31,120,31,141,7,141,臣
﻿7,141,31,141,31,162,7,162,民
﻿7,162,31,162,31,183,7,183,進
﻿7,183,31,183,31,204,7,204,啓
﻿7,204,31,204,31,225,7,225,者
﻿7,225,31,225,31,246,7,246,曰
﻿7,246,31,246,31,267,7,267,謹
﻿7,267,31,267,31,288,7,288,啓
﻿7,288,31,288,31,309,7,309,聞
﻿7,309,31,309,31,330,7,330,副
﻿7,330,31,330,31,351,7,351,王
﻿7,351,31,351,31,372,7,372,府
﻿7,372,31,372,31,393,7,393,布
﻿7,393,31,393,31,414,7,414,令
