255,34,277,34,277,54,255,54,等
﻿255,54,277,54,277,74,255,74,領
﻿255,74,277,74,277,95,255,95,兵
﻿255,95,277,95,277,115,255,115,三
﻿255,115,277,115,277,135,255,135,千
﻿255,135,277,135,277,156,255,156,人
﻿255,156,277,156,277,176,255,176,象
﻿255,176,277,176,277,196,255,196,一
﻿255,196,277,196,277,217,255,217,隻
﻿255,217,277,217,277,237,255,237,出
﻿255,237,277,237,277,257,255,257,快
﻿255,257,277,257,277,278,255,278,江
﻿255,278,277,278,277,298,255,298,北
﻿255,298,277,298,277,318,255,318,江
﻿255,318,277,318,277,339,255,339,諒
﻿255,339,277,339,277,359,255,359,江
﻿255,359,277,359,277,379,255,379,以
﻿255,379,277,379,277,400,255,400,斷
﻿228,35,251,35,251,55,228,55,两
﻿228,55,251,55,251,75,228,75,廣
﻿228,75,251,75,251,95,228,95,援
﻿228,95,251,95,251,116,228,116,兵
﻿228,116,251,116,251,136,228,136,司
﻿228,136,251,136,251,156,228,156,空
﻿228,156,251,156,251,176,228,176,黎
﻿228,176,251,176,251,197,228,197,禮
﻿228,197,251,197,251,217,228,217,及
﻿228,217,251,217,251,237,228,237,黎
﻿228,237,251,237,251,258,228,258,熾
﻿228,258,251,258,251,278,228,278,等
﻿228,278,251,278,251,298,228,298,領
﻿228,298,251,298,251,318,228,318,精
﻿228,318,251,318,251,339,228,339,兵
﻿228,339,251,339,251,359,228,359,繼
﻿228,359,251,359,251,379,228,379,進
﻿228,379,251,379,251,400,228,400,以
﻿197,35,222,35,222,55,197,55,張
﻿197,55,222,55,222,75,197,75,其
﻿197,75,222,75,222,95,197,95,勢
﻿197,95,222,95,222,115,197,115,我
﻿197,115,222,115,222,135,197,135,軍
﻿197,135,222,135,222,156,197,156,所
﻿197,156,222,156,222,176,197,176,至
﻿197,176,222,176,222,196,197,196,秋
﻿197,196,222,196,222,216,197,216,毫
﻿197,216,222,216,222,236,197,236,無
﻿197,236,222,236,222,256,197,256,犯
﻿197,256,222,256,222,277,197,277,市
﻿197,277,222,277,222,297,197,297,不
﻿197,297,222,297,222,317,197,317,改
﻿197,317,222,317,222,337,197,337,肆
﻿197,337,222,337,222,357,197,357,是
﻿197,357,222,357,222,377,197,377,以
﻿197,377,222,377,222,398,197,398,東
﻿167,34,192,34,192,54,167,54,都
﻿167,54,192,54,192,74,167,74,諸
﻿167,74,192,74,192,95,167,95,路
﻿167,95,192,95,192,115,167,115,及
﻿167,115,192,115,192,135,167,135,各
﻿167,135,192,135,192,156,167,156,處
﻿167,156,192,156,192,176,167,176,藩
﻿167,176,192,176,192,197,167,197,鎮
﻿167,197,192,197,192,217,167,217,莫
﻿167,217,192,217,192,237,167,237,不
﻿167,237,192,237,192,258,167,258,懽
﻿167,258,192,258,192,278,167,278,忻
﻿167,278,192,278,192,299,167,299,争
﻿167,299,192,299,192,319,167,319,是
﻿167,319,192,319,192,339,167,339,牛
﻿167,339,192,339,192,360,167,360,羊
﻿167,360,192,360,192,380,167,380,酒
﻿167,380,192,380,192,401,167,401,食
﻿137,35,161,35,161,55,137,55,饗
﻿137,55,161,55,161,75,137,75,勞
﻿137,75,161,75,161,95,137,95,軍
﻿137,95,161,95,161,115,137,115,士
﻿137,115,161,115,161,135,137,135,皆
﻿137,135,161,135,161,156,137,156,響
﻿137,156,161,156,161,176,137,176,應
﻿137,176,161,176,161,196,137,196,圍
﻿137,196,161,196,161,216,137,216,逼
﻿137,216,161,216,161,236,137,236,各
﻿137,236,161,236,161,256,137,256,城
﻿137,256,161,256,161,277,137,277,明
﻿137,277,161,277,161,297,137,297,人
﻿137,297,161,297,161,317,137,317,坐
﻿137,317,161,317,161,337,137,337,守
﻿137,337,161,337,161,357,137,357,待
﻿137,357,161,357,161,377,137,377,援
﻿137,377,161,377,161,398,137,398,而
﻿107,36,133,36,133,57,107,57,已
﻿107,57,133,57,133,78,107,78,十
﻿107,78,133,78,133,99,107,99,二
﻿107,99,133,99,133,121,107,121,日
﻿107,121,133,121,133,142,107,142,篆
﻿107,142,133,142,133,163,107,163,等
﻿107,163,133,163,133,185,107,185,以
﻿107,185,133,185,133,206,107,206,兵
﻿107,206,133,206,133,227,107,227,三
﻿107,227,133,227,133,248,107,248,千
﻿107,248,133,248,133,270,107,270,進
﻿107,270,133,270,133,291,107,291,逼
﻿107,291,133,291,133,312,107,312,東
﻿107,312,133,312,133,334,107,334,䦕
﻿107,334,133,334,133,355,107,355,城
﻿107,355,133,355,133,376,107,376,明
﻿107,376,133,376,133,398,107,398,人
﻿78,33,102,33,102,53,78,53,見
﻿78,53,102,53,102,73,78,73,篆
﻿78,73,102,73,102,94,78,94,孤
﻿78,94,102,94,102,114,78,114,軍
﻿78,114,102,114,102,135,78,135,遠
﻿78,135,102,135,102,155,78,155,來
﻿78,155,102,155,102,175,78,175,悉
﻿78,175,102,175,102,196,78,196,眾
﻿78,196,102,196,102,216,78,216,出
﻿78,216,102,216,102,237,78,237,攻
﻿78,237,102,237,102,257,78,257,至
﻿78,257,102,257,102,277,78,277,寕
﻿78,277,102,277,102,298,78,298,橋
﻿78,298,102,298,102,318,78,318,應
﻿78,318,102,318,102,339,78,339,天
﻿90,340,103,340,103,357,90,357,今
﻿90,357,103,357,103,375,90,375,彰
﻿75,340,89,340,89,357,75,357,德
﻿75,357,89,357,89,375,75,375,是
﻿79,376,98,376,98,398,79,398,等
﻿47,33,72,33,72,53,47,53,處
﻿47,53,72,53,72,73,47,73,黎
﻿47,73,72,73,72,93,47,93,篆
﻿47,93,72,93,72,113,47,113,黎
﻿47,113,72,113,72,134,47,134,可
﻿47,134,72,134,72,154,47,154,黎
﻿47,154,72,154,72,174,47,174,秘
﻿47,174,72,174,72,194,47,194,等
﻿47,194,72,194,72,215,47,215,力
﻿47,215,72,215,72,235,47,235,戰
﻿47,235,72,235,72,255,47,255,破
﻿47,255,72,255,72,275,47,275,之
﻿47,275,72,275,72,295,47,295,斬
﻿47,295,72,295,72,316,47,316,首
﻿47,316,72,316,72,336,47,336,二
﻿47,336,72,336,72,356,47,356,千
﻿47,356,72,356,72,376,47,376,餘
﻿47,376,72,376,72,397,47,397,級
﻿18,32,42,32,42,53,18,53,進
﻿18,53,42,53,42,75,18,75,屯
﻿18,75,42,75,42,96,18,96,寕
﻿18,96,42,96,42,118,18,118,江
﻿18,118,42,118,42,139,18,139,西
﻿18,139,42,139,42,161,18,161,岸
﻿18,161,42,161,42,182,18,182,明
﻿18,182,42,182,42,204,18,204,參
﻿18,204,42,204,42,225,18,225,将
﻿18,225,42,225,42,247,18,247,陳
﻿18,247,42,247,42,268,18,268,智
﻿18,268,42,268,42,290,18,290,以
﻿18,290,42,290,42,311,18,311,東
﻿18,311,42,311,42,333,18,333,䦕
﻿18,333,42,333,42,354,18,354,城
﻿18,354,42,354,42,376,18,376,孤
﻿18,376,42,376,42,398,18,398,危
