262,26,285,26,285,48,262,48,先
﻿262,48,285,48,285,70,262,70,后
﻿262,70,285,70,285,93,262,93,徽
﻿262,93,285,93,285,115,262,115,號
﻿262,115,285,115,285,137,262,137,及
﻿262,137,285,137,285,160,262,160,各
﻿262,160,285,160,285,182,262,182,處
﻿262,182,285,182,285,204,262,204,神
﻿262,204,285,204,285,227,262,227,祗
﻿262,227,285,227,285,249,262,249,謚
﻿262,249,285,249,285,271,262,271,號
﻿262,271,285,271,285,294,262,294,六
﻿262,294,285,294,285,316,262,316,月
﻿262,316,285,316,285,338,262,338,二
﻿262,338,285,338,285,361,262,361,十
﻿262,361,285,361,285,383,262,383,五
﻿262,383,285,383,285,406,262,406,日
﻿233,26,257,26,257,48,233,48,暴
﻿233,48,257,48,257,71,233,71,風
﻿233,71,257,71,257,93,233,93,大
﻿233,93,257,93,257,116,233,116,雨
﻿233,116,257,116,257,138,233,138,水
﻿233,138,257,138,257,161,233,161,以
﻿233,161,257,161,257,183,233,183,元
﻿233,183,257,183,257,206,233,206,耀
﻿233,206,257,206,257,228,233,228,弟
﻿233,228,257,228,257,251,233,251,章
﻿233,251,257,251,257,273,233,273,靖
﻿233,273,257,273,257,296,233,296,王
﻿233,296,257,296,257,318,233,318,元
﻿233,318,257,318,257,341,233,341,熺
﻿233,341,257,341,257,363,233,363,為
﻿233,363,257,363,257,386,233,386,入
﻿233,386,257,386,257,409,233,409,内
﻿203,26,228,26,228,47,203,47,檢
﻿203,47,228,47,228,68,203,68,校
﻿203,68,228,68,228,89,203,89,右
﻿203,89,228,89,228,111,203,111,相
﻿203,111,228,111,228,132,203,132,國
﻿203,132,228,132,228,153,203,153,平
﻿203,153,228,153,228,174,203,174,章
﻿203,174,228,174,228,196,203,196,事
﻿203,196,228,196,228,217,203,217,時
﻿203,217,228,217,228,238,203,238,章
﻿203,238,228,238,228,260,203,260,靖
﻿203,260,228,260,228,281,203,281,王
﻿203,281,228,281,228,302,203,302,元
﻿203,302,228,302,228,323,203,323,熺
﻿203,323,228,323,228,345,203,345,内
﻿203,345,228,345,228,366,203,366,不
﻿203,366,228,366,228,387,203,387,自
﻿203,387,228,387,228,409,203,409,安
﻿173,26,196,26,196,48,173,48,故
﻿173,48,196,48,196,71,173,71,有
﻿173,71,196,71,196,93,173,93,是
﻿173,93,196,93,196,116,173,116,命
﻿173,116,196,116,196,138,173,138,羅
﻿173,138,196,138,196,161,173,161,皚
﻿173,161,196,161,196,183,173,183,㱕
﻿173,183,196,183,196,206,173,206,至
﻿173,206,196,206,196,228,173,228,占
﻿173,228,196,228,196,251,173,251,城
﻿173,251,196,251,196,273,173,273,㨿
﻿173,273,196,273,196,296,173,296,國
﻿173,296,196,296,196,318,173,318,自
﻿173,318,196,318,196,341,173,341,立
﻿173,341,196,341,196,363,173,363,蓬
﻿173,363,196,363,196,386,173,386,莪
﻿173,386,196,386,196,409,173,409,子
﻿141,27,167,27,167,48,141,48,制
﻿141,48,167,48,167,69,141,69,麻
﻿141,69,167,69,167,90,141,90,奴
﻿141,90,167,90,167,111,141,111,㐌
﻿141,111,167,111,167,132,141,132,難
﻿141,132,167,132,167,154,141,154,與
﻿141,154,167,154,167,175,141,175,弟
﻿141,175,167,175,167,196,141,196,制
﻿141,196,167,196,167,217,141,217,山
﻿141,217,167,217,167,238,141,238,拏
﻿141,238,167,238,167,259,141,259,恐
﻿141,259,167,259,167,281,141,281,見
﻿141,281,167,281,167,302,141,302,殺
﻿141,302,167,302,167,323,141,323,遂
﻿141,323,167,323,167,344,141,344,來
﻿141,344,167,344,167,365,141,365,奔
﻿141,365,167,365,167,386,141,386,封
﻿141,386,167,386,167,408,141,408,麻
﻿109,28,135,28,135,50,109,50,奴
﻿109,50,135,50,135,72,109,72,㐌
﻿109,72,135,72,135,95,109,95,難
﻿109,95,135,95,135,117,109,117,為
﻿109,117,135,117,135,140,109,140,校
﻿109,140,135,140,135,162,109,162,正
﻿109,162,135,162,135,184,109,184,侯
﻿109,184,135,184,135,207,109,207,山
﻿109,207,135,207,135,229,109,229,拏
﻿109,229,135,229,135,252,109,252,為
﻿109,252,135,252,135,274,109,274,亞
﻿109,274,135,274,135,296,109,296,侯
﻿109,296,135,296,135,319,109,319,冬
﻿109,319,135,319,135,341,109,341,十
﻿109,341,135,341,135,364,109,364,月
﻿109,364,135,364,135,386,109,386,浚
﻿109,386,135,386,135,409,109,409,天
﻿80,26,104,26,104,47,80,47,德
﻿80,47,104,47,104,68,80,68,江
﻿80,68,104,68,104,89,80,89,令
﻿80,89,104,89,104,110,80,110,安
﻿80,110,104,110,104,131,80,131,鑊
﻿80,131,104,131,104,153,80,153,石
﻿80,153,104,153,104,174,80,174,工
﻿80,174,104,174,104,195,80,195,掘
﻿80,195,104,195,104,216,80,216,开
﻿80,216,104,216,104,237,80,237,天
﻿80,237,104,237,104,258,80,258,健
﻿80,258,104,258,104,280,80,280,山
﻿80,280,104,280,104,301,80,301,洞
﻿80,301,104,301,104,322,80,322,及
﻿80,322,104,322,104,343,80,343,菌
﻿80,343,104,343,104,364,80,364,枚
﻿80,364,104,364,104,385,80,385,山
﻿80,385,104,385,104,407,80,407,洞
﻿49,27,74,27,74,48,49,48,取
﻿49,48,74,48,74,69,49,69,前
﻿49,69,74,69,74,90,49,90,所
﻿49,90,74,90,74,111,49,111,藏
﻿49,111,74,111,74,133,49,133,錢
﻿49,133,74,133,74,154,49,154,貨
﻿49,154,74,154,74,175,49,175,時
﻿49,175,74,175,74,196,49,196,二
﻿49,196,74,196,74,218,49,218,山
﻿49,218,74,218,74,239,49,239,俱
﻿49,239,74,239,74,260,49,260,崩
﻿49,260,74,260,74,281,49,281,洞
﻿49,281,74,281,74,302,49,302,口
﻿49,302,74,302,74,324,49,324,開
﻿49,324,74,324,74,345,49,345,塞
﻿49,345,74,345,74,366,49,366,鑿
﻿49,366,74,366,74,387,49,387,開
﻿49,387,74,387,74,409,49,409,不
﻿17,31,42,31,42,53,17,53,得
﻿17,53,42,53,42,75,17,75,遂
﻿17,75,42,75,42,98,17,98,廢
﻿17,98,42,98,42,120,17,120,之
﻿17,120,42,120,42,142,17,142,十
﻿17,142,42,142,42,165,17,165,一
﻿17,165,42,165,42,187,17,187,月
﻿17,187,42,187,42,209,17,209,十
﻿17,209,42,209,42,232,17,232,四
﻿17,232,42,232,42,254,17,254,日
﻿17,254,42,254,42,276,17,276,司
﻿17,276,42,276,42,299,17,299,徒
﻿17,299,42,299,42,321,17,321,章
﻿17,321,42,321,42,343,17,343,肃
﻿17,343,42,343,42,366,17,366,國
﻿17,366,42,366,42,388,17,388,上
﻿17,388,42,388,42,411,17,411,侯
