243,61,269,61,269,81,243,81,秀
﻿243,81,269,81,269,102,243,102,者
﻿243,102,269,102,269,123,243,123,?
﻿243,123,269,123,269,144,243,144,于
﻿243,144,269,144,269,165,243,165,朝
﻿243,165,269,165,269,186,243,186,朕
﻿243,186,269,186,269,207,243,207,将
﻿243,207,269,207,269,228,243,228,親
﻿243,228,269,228,269,249,243,249,試
﻿243,249,269,249,269,270,243,270,而
﻿243,270,269,270,269,291,243,291,擢
﻿243,291,269,291,269,312,243,312,之
﻿243,312,269,312,269,333,243,333,焉
﻿212,78,238,78,238,99,212,99,史
﻿212,99,238,99,238,120,212,120,臣
﻿212,120,238,120,238,141,212,141,吳
﻿212,141,238,141,238,162,212,162,士
﻿212,162,238,162,238,183,212,183,連
﻿212,183,238,183,238,204,212,204,曰
﻿212,204,238,204,238,225,212,225,當
﻿212,225,238,225,238,246,212,246,時
﻿212,246,238,246,238,267,212,267,有
﻿212,267,238,267,238,288,212,288,此
﻿212,288,238,288,238,309,212,309,詔
﻿212,309,238,309,238,330,212,330,令
﻿212,330,238,330,238,351,212,351,何
﻿212,351,238,351,238,372,212,372,羙
﻿212,372,238,372,238,393,212,393,如
﻿212,393,238,393,238,414,212,414,之
﻿212,414,238,414,238,436,212,436,然
﻿182,81,208,81,208,101,182,101,不
﻿182,101,208,101,208,122,182,122,見
﻿182,122,208,122,208,143,182,143,施
﻿182,143,208,143,208,164,182,164,行
﻿182,164,208,164,208,184,182,184,者
﻿182,184,208,184,208,205,182,205,非
﻿182,205,208,205,208,226,182,226,帝
﻿182,226,208,226,208,247,182,247,意
﻿182,247,208,247,208,267,182,267,也
﻿182,267,208,267,208,288,182,288,乃
﻿182,288,208,288,208,309,182,309,季
﻿182,309,208,309,208,330,182,330,犛
﻿182,330,208,330,208,350,182,350,?
﻿182,350,208,350,208,371,182,371,行
﻿182,371,208,371,208,392,182,392,篡
﻿182,392,208,392,208,413,182,413,奪
﻿182,413,208,413,208,434,182,434,托
﻿151,79,175,79,175,100,151,100,此
﻿151,100,175,100,175,121,151,121,以
﻿151,121,175,121,175,142,151,142,𠬧
﻿151,142,175,142,175,163,151,163,人
﻿151,163,175,163,175,184,151,184,心
﻿151,184,175,184,175,205,151,205,爾
﻿121,63,147,63,147,83,121,83,六
﻿121,83,147,83,147,104,121,104,月
﻿121,104,147,104,147,125,121,125,詔
﻿121,125,147,125,147,146,121,146,限
﻿121,146,147,146,147,166,121,166,名
﻿121,166,147,166,147,187,121,187,田
﻿121,187,147,187,147,208,121,208,大
﻿121,208,147,208,147,229,121,229,王
﻿121,229,147,229,147,250,121,250,長
﻿121,250,147,250,147,270,121,270,公
﻿121,270,147,270,147,291,121,291,主
﻿121,291,147,291,147,312,121,312,田
﻿121,312,147,312,147,333,121,333,無
﻿121,333,147,333,147,353,121,353,限
﻿121,353,147,353,147,374,121,374,以
﻿121,374,147,374,147,395,121,395,至
﻿121,395,147,395,147,416,121,416,󰱃
﻿121,416,147,416,147,437,121,437,民
﻿92,63,118,63,118,83,92,83,田
﻿92,83,118,83,118,104,92,104,十
﻿92,104,118,104,118,125,92,125,𤱈
﻿92,125,118,125,118,146,92,146,多
﻿92,146,118,146,118,166,92,166,者
﻿92,166,118,166,118,187,92,187,許
﻿92,187,118,187,118,208,92,208,從
﻿92,208,118,208,118,229,92,229,便
﻿92,229,118,229,118,250,92,250,得
﻿92,250,118,250,118,270,92,270,贖
﻿92,270,118,270,118,291,92,291,罪
﻿92,291,118,291,118,312,92,312,貶
﻿92,312,118,312,118,333,92,333,黜
﻿92,333,118,333,118,353,92,353,亦
﻿92,353,118,353,118,374,92,374,如
﻿92,374,118,374,118,395,92,395,之
﻿92,395,118,395,118,416,92,416,餘
﻿92,416,118,416,118,437,92,437,者
﻿61,63,90,63,90,83,61,83,上
﻿61,83,90,83,90,104,61,104,進
﻿61,104,90,104,90,125,61,125,入
﻿61,125,90,125,90,145,61,145,官
﻿61,145,90,145,90,166,61,166,初
﻿61,166,90,166,90,187,61,187,宗
﻿61,187,90,187,90,208,61,208,室
﻿61,208,90,208,90,228,61,228,諸
﻿61,228,90,228,90,249,61,249,家
﻿61,249,90,249,90,270,61,270,每
﻿61,270,90,270,90,290,61,290,令
﻿61,290,90,290,90,311,61,311,私
﻿61,311,90,311,90,332,61,332,奴
﻿61,332,90,332,90,353,61,353,婢
﻿61,353,90,353,90,373,61,373,於
﻿61,373,90,373,90,394,61,394,瀕
﻿61,394,90,394,90,415,61,415,海
﻿61,415,90,415,90,436,61,436,地
﻿32,61,59,61,59,81,32,81,築
﻿32,81,59,81,59,102,32,102,堤
﻿32,102,59,102,59,123,32,123,堰
﻿32,123,59,123,59,144,32,144,障
﻿32,144,59,144,59,165,32,165,鹹
﻿32,165,59,165,59,186,32,186,水
﻿32,186,59,186,59,207,32,207,二
﻿32,207,59,207,59,228,32,228,三
﻿32,228,59,228,59,249,32,249,年
﻿32,249,59,249,59,269,32,269,後
﻿32,269,59,269,59,290,32,290,開
﻿32,290,59,290,59,311,32,311,墾
﻿32,311,59,311,59,332,32,332,成
﻿32,332,59,332,59,353,32,353,熟
﻿32,353,59,353,59,374,32,374,互
﻿32,374,59,374,59,395,32,395,相
﻿32,395,59,395,59,416,32,416,嫁
﻿32,416,59,416,59,437,32,437,取
﻿4,64,30,64,30,85,4,85,居
﻿4,85,30,85,30,107,4,107,之
﻿4,107,30,107,30,129,4,129,多
﻿4,129,30,129,30,151,4,151,立
﻿4,151,30,151,30,173,4,173,私
﻿4,173,30,173,30,195,4,195,庄
﻿4,195,30,195,30,217,4,217,田
﻿4,217,30,217,30,239,4,239,土
﻿4,239,30,239,30,261,4,261,故
﻿4,261,30,261,30,283,4,283,有
﻿4,283,30,283,30,305,4,305,是
﻿4,305,30,305,30,327,4,327,命
﻿4,327,30,327,30,349,4,349,右
﻿4,349,30,349,30,371,4,371,僉
﻿4,371,30,371,30,393,4,393,知
﻿4,393,30,393,30,415,4,415,政
﻿4,415,30,415,30,437,4,437,事
