240,28,261,28,261,48,240,48,稽
﻿240,48,261,48,261,69,240,69,遲
﻿240,69,261,69,261,90,240,90,不
﻿240,90,261,90,261,111,240,111,赴
﻿240,111,261,111,261,132,240,132,時
﻿240,132,261,132,261,153,240,153,西
﻿240,153,261,153,261,174,240,174,南
﻿240,174,261,174,261,195,240,195,北
﻿240,195,261,195,261,216,240,216,等
﻿240,216,261,216,261,236,240,236,處
﻿240,236,261,236,261,257,240,257,光
﻿240,257,261,257,261,278,240,278,紹
﻿240,278,261,278,261,299,240,299,帝
﻿240,299,261,299,261,320,240,320,以
﻿240,320,261,320,261,341,240,341,有
﻿240,341,261,341,261,362,240,362,之
﻿240,362,261,362,261,383,240,383,莫
﻿240,383,261,383,261,404,240,404,登
﻿209,27,230,27,230,47,209,47,庸
﻿209,47,230,47,230,68,209,68,分
﻿209,68,230,68,230,89,209,89,水
﻿209,89,230,89,230,110,209,110,步
﻿209,110,230,110,230,131,209,131,諸
﻿209,131,230,131,230,152,209,152,營
﻿209,152,230,152,230,172,209,172,犯
﻿209,172,230,172,230,193,209,193,東
﻿209,193,230,193,230,214,209,214,河
﻿209,214,230,214,230,235,209,235,津
﻿209,235,230,235,230,256,209,256,各
﻿209,256,230,256,230,277,209,277,處
﻿209,277,230,277,230,297,209,297,光
﻿209,297,230,297,230,318,209,318,紹
﻿209,318,230,318,230,339,209,339,帝
﻿209,339,230,339,230,360,209,360,命
﻿209,360,230,360,230,381,209,381,賴
﻿209,381,230,381,230,402,209,402,叔
﻿178,25,201,25,201,46,178,46,懋
﻿178,46,201,46,201,67,178,67,阮
﻿178,67,201,67,201,88,178,88,餘
﻿178,88,201,88,201,109,178,109,歡
﻿178,109,201,109,201,130,178,130,阮
﻿178,130,201,130,201,151,178,151,定
﻿178,151,201,151,201,172,178,172,譚
﻿178,172,201,172,201,193,178,193,克
﻿178,193,201,193,201,215,178,215,讓
﻿178,215,201,215,201,236,178,236,等
﻿178,236,201,236,201,257,178,257,列
﻿178,257,201,257,201,278,178,278,營
﻿178,278,201,278,201,299,178,299,鎮
﻿178,299,201,299,201,320,178,320,守
﻿178,320,201,320,201,341,178,341,相
﻿178,341,201,341,201,362,178,362,持
﻿178,362,201,362,201,383,178,383,為
﻿178,383,201,383,201,405,178,405,登
﻿149,26,170,26,170,47,149,47,庸
﻿149,47,170,47,170,68,149,68,所
﻿149,68,170,68,170,89,149,89,破
﻿149,89,170,89,170,110,149,110,叔
﻿149,110,170,110,170,131,149,131,懋
﻿149,131,170,131,170,152,149,152,餘
﻿149,152,170,152,170,173,149,173,歡
﻿149,173,170,173,170,194,149,194,等
﻿149,194,170,194,170,215,149,215,兵
﻿149,215,170,215,170,236,149,236,稍
﻿149,236,170,236,170,257,149,257,却
﻿149,257,170,257,170,278,149,278,興
﻿149,278,170,278,170,299,149,299,賢
﻿149,299,170,299,170,320,149,320,等
﻿149,320,170,320,170,341,149,341,四
﻿149,341,170,341,170,362,149,362,人
﻿149,362,170,362,170,383,149,383,擁
﻿149,383,170,383,170,405,149,405,盾
﻿118,25,140,25,140,46,118,46,持
﻿118,46,140,46,140,67,118,67,鎗
﻿118,67,140,67,140,88,118,88,由
﻿118,88,140,88,140,109,118,109,復
﻿118,109,140,109,140,130,118,130,古
﻿118,130,140,130,140,151,118,151,坊
﻿118,151,140,151,140,172,118,172,直
﻿118,172,140,172,140,193,118,193,入
﻿118,193,140,193,140,214,118,214,瑞
﻿118,214,140,214,140,235,118,235,光
﻿118,235,140,235,140,256,118,256,殿
﻿118,256,140,256,140,277,118,277,時
﻿118,277,140,277,140,298,118,298,光
﻿118,298,140,298,140,319,118,319,紹
﻿118,319,140,319,140,340,118,340,帝
﻿118,340,140,340,140,361,118,361,當
﻿118,361,140,361,140,382,118,382,視
﻿118,382,140,382,140,404,118,404,朝
﻿85,24,111,24,111,45,85,45,總
﻿85,45,111,45,111,66,85,66,知
﻿85,66,111,66,111,87,85,87,鄭
﻿85,87,111,87,111,108,85,108,恩
﻿85,108,111,108,111,129,85,129,奏
﻿85,129,111,129,111,151,85,151,曰
﻿85,151,111,151,111,172,85,172,兵
﻿85,172,111,172,111,193,85,193,已
﻿85,193,111,193,111,214,85,214,逼
﻿85,214,111,214,111,235,85,235,矣
﻿85,235,111,235,111,256,85,256,帝
﻿85,256,111,256,111,278,85,278,乃
﻿85,278,111,278,111,299,85,299,移
﻿85,299,111,299,111,320,85,320,出
﻿85,320,111,320,111,341,85,341,󰟸
﻿85,341,111,341,111,362,85,362,見
﻿85,362,111,362,111,383,85,383,興
﻿85,383,111,383,111,405,85,405,賢
﻿55,25,80,25,80,45,55,45,等
﻿55,45,80,45,80,66,55,66,突
﻿55,66,80,66,80,87,55,87,入
﻿55,87,80,87,80,108,55,108,殿
﻿55,108,80,108,80,129,55,129,庭
﻿55,129,80,129,80,150,55,150,護
﻿55,150,80,150,80,171,55,171,衛
﻿55,171,80,171,80,192,55,192,人
﻿55,192,80,192,80,213,55,213,拒
﻿55,213,80,213,80,234,55,234,之
﻿55,234,80,234,80,255,55,255,帝
﻿55,255,80,255,80,276,55,276,乃
﻿55,276,80,276,80,297,55,297,避
﻿55,297,80,297,80,318,55,318,出
﻿55,318,80,318,80,339,55,339,駐
﻿55,339,80,339,80,360,55,360,于
﻿55,360,80,360,80,381,55,381,仁
﻿55,381,80,381,80,402,55,402,睦
﻿27,25,49,25,49,46,27,46,𦾔
﻿27,46,49,46,49,67,27,67,亭
﻿27,67,49,67,49,88,27,88,民
﻿27,88,49,88,49,109,27,109,間
﻿27,109,49,109,49,130,27,130,争
﻿27,130,49,130,49,152,27,152,以
﻿27,152,49,152,49,173,27,173,米
﻿27,173,49,173,49,194,27,194,粥
﻿27,194,49,194,49,215,27,215,進
﻿27,215,49,215,49,236,27,236,百
﻿27,236,49,236,49,257,27,257,官
﻿27,257,49,257,49,279,27,279,倉
﻿27,279,49,279,49,300,27,300,卒
﻿27,300,49,300,49,321,27,321,潰
﻿27,321,49,321,49,342,27,342,乱
﻿27,342,49,342,49,363,27,363,水
﻿27,363,49,363,49,384,27,384,集
﻿27,384,49,384,49,406,27,406,是
﻿3,26,19,26,19,47,3,47,日
﻿3,47,19,47,19,69,3,69,申
﻿3,69,19,69,19,91,3,91,時
﻿3,91,19,91,19,113,3,113,幸
﻿3,113,19,113,19,135,3,135,慈
﻿3,135,19,135,19,157,3,157,廉
﻿3,157,19,157,19,179,3,179,縣
﻿3,179,19,179,19,201,3,201,天
﻿3,201,19,201,19,223,3,223,姥
﻿3,223,19,223,19,245,3,245,重
﻿3,245,19,245,19,267,3,267,光
﻿3,267,19,267,19,289,3,289,寺
﻿3,289,19,289,19,311,3,311,九
﻿3,311,19,311,19,333,3,333,月
﻿3,333,19,333,19,355,3,355,二
﻿3,355,19,355,19,377,3,377,十
﻿3,377,19,377,19,399,3,399,日
