260,35,282,35,282,55,260,55,副
﻿260,55,282,55,282,76,260,76,掌
﻿260,76,282,76,282,97,260,97,國
﻿260,97,282,97,282,117,260,117,政
﻿260,117,282,117,282,138,260,138,太
﻿260,138,282,138,282,159,260,159,尉
﻿260,159,282,159,282,180,260,180,崇
﻿260,180,282,180,282,200,260,200,國
﻿260,200,282,200,282,221,260,221,公
﻿260,221,282,221,282,242,260,242,開
﻿260,242,282,242,282,262,260,262,府
﻿260,262,282,262,282,283,260,283,爲
﻿260,283,282,283,282,304,260,304,䧺
﻿260,304,282,304,282,325,260,325,威
﻿260,325,282,325,282,345,260,345,府
﻿260,345,282,345,282,366,260,366,再
﻿260,366,282,366,282,387,260,387,分
﻿260,387,282,387,282,408,260,408,差
﻿229,34,256,34,256,53,229,53,官
﻿229,53,256,53,256,73,229,73,持
﻿229,73,256,73,256,93,229,93,節
﻿229,93,256,93,256,112,229,112,捧
﻿229,112,256,112,256,132,229,132,銀
﻿229,132,256,132,256,152,229,152,冊
﻿229,152,256,152,256,172,229,172,并
﻿229,172,256,172,256,191,229,191,印
﻿229,191,256,191,256,211,229,211,拜
﻿229,211,256,211,256,231,229,231,恊
﻿229,231,256,231,256,251,229,251,義
﻿229,251,256,251,256,270,229,270,營
﻿229,270,256,270,256,290,229,290,太
﻿229,290,256,290,256,310,229,310,尉
﻿229,310,256,310,256,330,229,330,嵩
﻿229,330,256,330,256,349,229,349,郡
﻿229,349,256,349,256,369,229,369,公
﻿229,369,256,369,256,389,229,389,鄭
﻿229,389,256,389,256,409,229,409,橒
﻿200,31,226,31,226,51,200,51,爲
﻿200,51,226,51,226,72,200,72,嵩
﻿200,72,226,72,226,93,200,93,岳
﻿200,93,226,93,226,114,200,114,公
﻿200,114,226,114,226,135,200,135,開
﻿200,135,226,135,226,156,200,156,府
﻿200,156,226,156,226,177,200,177,曰
﻿200,177,226,177,226,198,200,198,恊
﻿200,198,226,198,226,219,200,219,義
﻿200,219,226,219,226,239,200,239,府
﻿200,239,226,239,226,260,200,260,扶
﻿200,260,226,260,226,281,200,281,義
﻿200,281,226,281,226,302,200,302,營
﻿200,302,226,302,226,323,200,323,太
﻿200,323,226,323,226,344,200,344,尉
﻿200,344,226,344,226,365,200,365,勇
﻿200,365,226,365,226,386,200,386,郡
﻿200,386,226,386,226,407,200,407,公
﻿171,33,196,33,196,53,171,53,鄭
﻿171,53,196,53,196,74,171,74,稭
﻿171,74,196,74,196,95,171,95,爲
﻿171,95,196,95,196,116,171,116,勇
﻿171,116,196,116,196,137,171,137,禮
﻿171,137,196,137,196,158,171,158,公
﻿171,158,196,158,196,179,171,179,開
﻿171,179,196,179,196,200,171,200,府
﻿171,200,196,200,196,221,171,221,曰
﻿171,221,196,221,196,242,171,242,扶
﻿171,242,196,242,196,263,171,263,義
﻿171,263,196,263,196,284,171,284,府
﻿171,284,196,284,196,305,171,305,勝
﻿171,305,196,305,196,326,171,326,義
﻿171,326,196,326,196,347,171,347,營
﻿171,347,196,347,196,368,171,368,太
﻿171,368,196,368,196,389,171,389,傅
﻿171,389,196,389,196,410,171,410,瓊
﻿140,34,163,34,163,54,140,54,郡
﻿140,54,163,54,163,75,140,75,公
﻿140,75,163,75,163,96,140,96,鄭
﻿140,96,163,96,163,116,140,116,棣
﻿140,116,163,116,163,137,140,137,爲
﻿140,137,163,137,163,158,140,158,瓊
﻿140,158,163,158,163,179,140,179,巖
﻿140,179,163,179,163,199,140,199,公
﻿140,199,163,199,163,220,140,220,開
﻿140,220,163,220,163,241,140,241,府
﻿140,241,163,241,163,261,140,261,曰
﻿140,261,163,261,163,282,140,282,勝
﻿140,282,163,282,163,303,140,303,義
﻿140,303,163,303,163,324,140,324,府
﻿140,324,163,324,163,344,140,344,又
﻿140,344,163,344,163,365,140,365,以
﻿140,365,163,365,163,386,140,386,太
﻿140,386,163,386,163,407,140,407,保
﻿107,31,134,31,134,52,107,52,附
﻿107,52,134,52,134,73,107,73,郡
﻿107,73,134,73,134,94,107,94,公
﻿107,94,134,94,134,115,107,115,阮
﻿107,115,134,115,134,136,107,136,潶
﻿107,136,134,136,134,157,107,157,兵
﻿107,157,134,157,134,178,107,178,部
﻿107,178,134,178,134,199,107,199,尚
﻿107,199,134,199,134,220,107,220,書
﻿107,220,134,220,134,241,107,241,太
﻿107,241,134,241,134,262,107,262,保
﻿107,262,134,262,134,283,107,283,登
﻿107,283,134,283,134,304,107,304,郡
﻿107,304,134,304,134,325,107,325,公
﻿107,325,134,325,134,346,107,346,阮
﻿107,346,134,346,134,367,107,367,啓
﻿107,367,134,367,134,388,107,388,等
﻿107,388,134,388,134,410,107,410,爲
﻿81,30,103,30,103,52,81,52,太
﻿81,52,103,52,103,74,81,74,傅
﻿94,78,106,78,106,96,94,96,潶
﻿94,96,106,96,106,114,94,114,阮
﻿94,114,106,114,106,132,94,132,之
﻿78,77,91,77,91,95,78,95,子
﻿78,95,91,95,91,114,78,114,黄
﻿79,134,103,134,103,159,79,159,三
﻿79,159,103,159,103,184,79,184,月
﻿79,184,103,184,103,209,79,209,十
﻿79,209,103,209,103,234,79,234,六
﻿79,234,103,234,103,259,79,259,日
﻿79,259,103,259,103,284,79,284,酉
﻿79,284,103,284,103,309,79,309,時
﻿79,309,103,309,103,334,79,334,月
﻿79,334,103,334,103,359,79,359,食
﻿79,359,103,359,103,384,79,384,加
﻿79,384,103,384,103,410,79,410,禮
﻿47,33,72,33,72,53,47,53,部
﻿47,53,72,53,72,74,47,74,尚
﻿47,74,72,74,72,95,47,95,書
﻿47,95,72,95,72,116,47,116,少
﻿47,116,72,116,72,136,47,136,尉
﻿47,136,72,136,72,157,47,157,蘭
﻿47,157,72,157,72,178,47,178,郡
﻿47,178,72,178,72,199,47,199,公
﻿47,199,72,199,72,220,47,220,阮
﻿47,220,72,220,72,240,47,240,實
﻿47,240,72,240,72,261,47,261,兵
﻿47,261,72,261,72,282,47,282,部
﻿47,282,72,282,72,303,47,303,尚
﻿47,303,72,303,72,323,47,323,書
﻿47,323,72,323,72,344,47,344,太
﻿47,344,72,344,72,365,47,365,傅
﻿47,365,72,365,72,386,47,386,登
﻿47,386,72,386,72,407,47,407,郡
﻿16,30,43,30,43,52,16,52,公
﻿16,52,43,52,43,74,16,74,阮
﻿16,74,43,74,43,96,16,96,啓
﻿16,96,43,96,43,118,16,118,等
﻿16,118,43,118,43,141,16,141,並
﻿16,141,43,141,43,163,16,163,以
﻿16,163,43,163,43,185,16,185,國
﻿16,185,43,185,43,207,16,207,老
﻿16,207,43,207,43,230,16,230,參
﻿16,230,43,230,43,252,16,252,預
﻿16,252,43,252,43,274,16,274,朝
﻿16,274,43,274,43,296,16,296,政
﻿16,296,43,296,43,319,16,319,夏
﻿16,319,43,319,43,341,16,341,四
﻿16,341,43,341,43,363,16,363,月
﻿16,363,43,363,43,385,16,385,󰰾
﻿16,385,43,385,43,408,16,408,阮
