258,30,280,30,280,52,258,52,死
﻿258,52,280,52,280,74,258,74,文
﻿258,74,280,74,280,96,258,96,嶺
﻿258,96,280,96,280,118,258,118,年
﻿258,118,280,118,280,140,258,140,七
﻿258,140,280,140,280,162,258,162,十
﻿258,162,280,162,280,184,258,184,餘
﻿258,184,280,184,280,206,258,206,亦
﻿258,206,280,206,280,229,258,229,寘
﻿258,229,280,229,280,251,258,251,于
﻿258,251,280,251,280,273,258,273,刑
﻿258,273,280,273,280,295,258,295,時
﻿258,295,280,295,280,317,258,317,人
﻿258,317,280,317,280,339,258,339,莫
﻿258,339,280,339,280,361,258,361,不
﻿258,361,280,361,280,383,258,383,憐
﻿258,383,280,383,280,406,258,406,之
﻿228,30,253,30,253,51,228,51,冬
﻿228,51,253,51,253,72,228,72,十
﻿228,72,253,72,253,93,228,93,一
﻿228,93,253,93,253,114,228,114,月
﻿228,114,253,114,253,135,228,135,皇
﻿228,135,253,135,253,156,228,156,太
﻿228,156,253,156,253,177,228,177,子
﻿228,177,253,177,253,198,228,198,即
﻿228,198,253,198,253,219,228,219,皇
﻿228,219,253,219,253,240,228,240,帝
﻿228,240,253,240,253,261,228,261,位
﻿228,261,253,261,253,282,228,282,大
﻿228,282,253,282,253,303,228,303,赦
﻿228,303,253,303,253,324,228,324,以
﻿228,324,253,324,253,345,228,345,明
﻿228,345,253,345,253,366,228,366,年
﻿228,366,253,366,253,387,228,387,爲
﻿228,387,253,387,253,408,228,408,景
﻿200,27,222,27,222,48,200,48,治
﻿200,48,222,48,222,69,200,69,元
﻿200,69,222,69,222,90,200,90,年
﻿200,90,222,90,222,111,200,111,詔
﻿200,111,222,111,222,132,200,132,曰
﻿200,132,222,132,222,153,200,153,盖
﻿200,153,222,153,222,174,200,174,聞
﻿200,174,222,174,222,195,200,195,天
﻿200,195,222,195,222,217,200,217,道
﻿200,217,222,217,222,238,200,238,運
﻿200,238,222,238,222,259,200,259,於
﻿200,259,222,259,222,280,200,280,上
﻿200,280,222,280,222,301,200,301,必
﻿200,301,222,301,222,322,200,322,宣
﻿200,322,222,322,222,343,200,343,氣
﻿200,343,222,343,222,364,200,364,布
﻿200,364,222,364,222,385,200,385,澤
﻿200,385,222,385,222,407,200,407,以
﻿168,26,193,26,193,47,168,47,成
﻿168,47,193,47,193,68,168,68,品
﻿168,68,193,68,193,89,168,89,物
﻿168,89,193,89,193,110,168,110,之
﻿168,110,193,110,193,131,168,131,亨
﻿168,131,193,131,193,153,168,153,君
﻿168,153,193,153,193,174,168,174,位
﻿168,174,193,174,193,195,168,195,陟
﻿168,195,193,195,193,216,168,216,在
﻿168,216,193,216,193,237,168,237,初
﻿168,237,193,237,193,258,168,258,必
﻿168,258,193,258,193,280,168,280,施
﻿168,280,193,280,193,301,168,301,惠
﻿168,301,193,301,193,322,168,322,行
﻿168,322,193,322,193,343,168,343,慶
﻿168,343,193,343,193,364,168,364,以
﻿168,364,193,364,193,385,168,385,播
﻿168,385,193,385,193,407,168,407,邇
﻿138,31,160,31,160,51,138,51,遐
﻿138,51,160,51,160,72,138,72,之
﻿138,72,160,72,160,93,138,93,告
﻿138,93,160,93,160,114,138,114,會
﻿138,114,160,114,160,135,138,135,通
﻿138,135,160,135,160,156,138,156,𠃔
﻿138,156,160,156,160,176,138,176,恊
﻿138,176,160,176,160,197,138,197,聞
﻿138,197,160,197,160,218,138,218,見
﻿138,218,160,218,160,239,138,239,普
﻿138,239,160,239,160,260,138,260,同
﻿138,260,160,260,160,281,138,281,我
﻿138,281,160,281,160,301,138,301,國
﻿138,301,160,301,160,322,138,322,家
﻿138,322,160,322,160,343,138,343,立
﻿138,343,160,343,160,364,138,364,國
﻿138,364,160,364,160,385,138,385,以
﻿138,385,160,385,160,406,138,406,仁
﻿108,29,130,29,130,51,108,51,得
﻿108,51,130,51,130,73,108,73,民
﻿108,73,130,73,130,96,108,96,有
﻿108,96,130,96,130,118,108,118,道
﻿108,118,130,118,130,140,108,140,太
﻿108,140,130,140,130,163,108,163,祖
﻿108,163,130,163,130,185,108,185,髙
﻿108,185,130,185,130,207,108,207,皇
﻿108,207,130,207,130,230,108,230,帝
﻿108,230,130,230,130,252,108,252,武
﻿108,252,130,252,130,274,108,274,以
﻿108,274,130,274,130,297,108,297,定
﻿108,297,130,297,130,319,108,319,文
﻿108,319,130,319,130,341,108,341,以
﻿108,341,130,341,130,364,108,364,守
﻿108,364,130,364,130,386,108,386,藉
﻿108,386,130,386,130,409,108,409,賢
﻿76,28,100,28,100,50,76,50,臣
﻿76,50,100,50,100,72,76,72,而
﻿76,72,100,72,100,94,76,94,恢
﻿76,94,100,94,100,116,76,116,創
﻿76,116,100,116,100,139,76,139,業
﻿76,139,100,139,100,161,76,161,之
﻿76,161,100,161,100,183,76,183,宏
﻿76,183,100,183,100,205,76,205,謨
﻿76,205,100,205,100,228,76,228,列
﻿76,228,100,228,100,250,76,250,聖
﻿76,250,100,250,100,272,76,272,皇
﻿76,272,100,272,100,294,76,294,帝
﻿76,294,100,294,100,317,76,317,仁
﻿76,317,100,317,100,339,76,339,以
﻿76,339,100,339,100,361,76,361,結
﻿76,361,100,361,100,383,76,383,禮
﻿76,383,100,383,100,406,76,406,以
﻿44,29,68,29,68,50,44,50,維
﻿44,50,68,50,68,71,44,71,資
﻿44,71,68,71,68,92,44,92,碩
﻿44,92,68,92,68,113,44,113,德
﻿44,113,68,113,68,134,44,134,而
﻿44,134,68,134,68,155,44,155,保
﻿44,155,68,155,68,176,44,176,守
﻿44,176,68,176,68,197,44,197,成
﻿44,197,68,197,68,218,44,218,之
﻿44,218,68,218,68,239,44,239,丕
﻿44,239,68,239,68,260,44,260,憲
﻿44,260,68,260,68,281,44,281,雖
﻿44,281,68,281,68,302,44,302,一
﻿44,302,68,302,68,323,44,323,厄
﻿44,323,68,323,68,344,44,344,時
﻿44,344,68,344,68,365,44,365,遭
﻿44,365,68,365,68,386,44,386,屯
﻿44,386,68,386,68,407,44,407,五
﻿16,29,37,29,37,52,16,52,然
﻿16,52,37,52,37,76,16,76,重
﻿16,76,37,76,37,99,16,99,興
﻿16,99,37,99,37,123,16,123,運
﻿16,123,37,123,37,147,16,147,正
﻿16,147,37,147,37,170,16,170,泰
﻿16,170,37,170,37,194,16,194,初
﻿16,194,37,194,37,218,16,218,荘
﻿16,218,37,218,37,241,16,241,宗
﻿16,241,37,241,37,265,16,265,裕
﻿16,265,37,265,37,288,16,288,皇
﻿16,288,37,288,37,312,16,312,帝
﻿16,312,37,312,37,336,16,336,中
﻿16,336,37,336,37,359,16,359,宗
﻿16,359,37,359,37,383,16,383,武
﻿16,383,37,383,37,407,16,407,皇
