262,68,272,68,272,87,262,87,廷
﻿262,87,272,87,272,106,262,106,試
﻿262,106,272,106,272,125,262,125,同
﻿262,125,272,125,272,145,262,145,進
﻿251,67,261,67,261,86,251,86,士
﻿251,86,261,86,261,106,251,106,出
﻿251,106,261,106,261,126,251,126,身
﻿250,150,271,150,271,170,250,170,及
﻿250,170,271,170,271,190,250,190,廷
﻿250,190,271,190,271,210,250,210,試
﻿250,210,271,210,271,231,250,231,上
﻿250,231,271,231,271,251,250,251,親
﻿250,251,271,251,271,271,250,271,策
﻿250,271,271,271,271,292,250,292,抆
﻿250,292,271,292,271,312,250,312,以
﻿250,312,271,312,271,332,250,332,人
﻿250,332,271,332,271,352,250,352,才
﻿250,352,271,352,271,373,250,373,賜
﻿250,373,271,373,271,393,250,393,阮
﻿250,393,271,393,271,413,250,413,泰
﻿250,413,271,413,271,434,250,434,拨
﻿226,65,246,65,246,85,226,85,第
﻿226,85,246,85,246,106,226,106,二
﻿226,106,246,106,246,127,226,127,甲
﻿226,127,246,127,246,148,226,148,進
﻿226,148,246,148,246,169,226,169,士
﻿226,169,246,169,246,190,226,190,出
﻿226,190,246,190,246,211,226,211,身
﻿235,212,248,212,248,231,235,231,泰
﻿235,231,248,231,248,250,235,250,拨
﻿235,250,248,250,248,269,235,269,錦
﻿235,269,248,269,248,288,235,288,江
﻿235,288,248,288,248,307,235,307,平
﻿235,307,248,307,248,327,235,327,浪
﻿221,212,234,212,234,232,221,232,社
﻿221,232,234,232,234,252,221,252,人
﻿221,252,234,252,234,272,221,272,有
﻿221,272,234,272,234,292,221,292,節
﻿221,292,234,292,234,312,221,312,義
﻿223,331,245,331,245,351,223,351,鄧
﻿223,351,245,351,245,371,223,371,公
﻿223,371,245,371,245,391,223,391,瓚
﻿223,391,245,391,245,411,223,411,阮
﻿223,411,245,411,245,431,223,431,弼
﻿192,66,218,66,218,87,192,87,等
﻿192,87,218,87,218,109,192,109,十
﻿192,109,218,109,218,130,192,130,三
﻿192,130,218,130,218,152,192,152,名
﻿192,152,218,152,218,174,192,174,第
﻿192,174,218,174,218,195,192,195,三
﻿192,195,218,195,218,217,192,217,甲
﻿192,217,218,217,218,239,192,239,同
﻿192,239,218,239,218,260,192,260,進
﻿192,260,218,260,218,282,192,282,士
﻿192,282,218,282,218,304,192,304,出
﻿192,304,218,304,218,325,192,325,身
﻿192,325,218,325,218,347,192,347,命
﻿192,347,218,347,218,369,192,369,禮
﻿192,369,218,369,218,390,192,390,部
﻿192,390,218,390,218,412,192,412,尚
﻿192,412,218,412,218,434,192,434,書
﻿163,65,187,65,187,85,163,85,兼
﻿163,85,187,85,187,105,163,105,史
﻿163,105,187,105,187,126,163,126,官
﻿163,126,187,126,187,146,163,146,副
﻿163,146,187,146,187,167,163,167,總
﻿163,167,187,167,187,187,163,187,裁
﻿163,187,187,187,187,208,163,208,知
﻿163,208,187,208,187,228,163,228,昭
﻿163,228,187,228,187,249,163,249,文
﻿163,249,187,249,187,269,163,269,舘
﻿163,269,187,269,187,289,163,289,秀
﻿163,289,187,289,187,310,163,310,林
﻿163,310,187,310,187,330,163,330,局
﻿163,330,187,330,187,351,163,351,鄧
﻿163,351,187,351,187,371,163,371,鳴
﻿163,371,187,371,187,392,163,392,謙
﻿163,392,187,392,187,412,163,412,𢮪
﻿163,412,187,412,187,433,163,433,大
﻿135,64,159,64,159,84,135,84,越
﻿135,84,159,84,159,105,135,105,歷
﻿135,105,159,105,159,125,135,125,代
﻿135,125,159,125,159,146,135,146,史
﻿135,146,159,146,159,167,135,167,記
﻿146,169,161,169,161,189,146,189,鳴
﻿146,189,161,189,161,209,146,209,謙
﻿146,209,161,209,161,229,146,229,山
﻿146,229,161,229,161,249,146,249,圍
﻿146,249,161,249,161,269,146,269,圍
﻿146,269,161,269,161,289,146,289,自
﻿146,289,161,289,161,309,146,309,号
﻿146,309,161,309,161,329,146,329,脱
﻿146,329,161,329,161,349,146,349,軒
﻿146,349,161,349,161,369,146,369,先
﻿146,369,161,369,161,390,146,390,生
﻿133,168,145,168,145,188,133,188,?
﻿133,188,145,188,145,208,133,208,越
﻿133,208,145,208,145,228,133,228,鑑
﻿133,228,145,228,145,248,133,248,詠
﻿133,248,145,248,145,268,133,268,史
﻿133,268,145,268,145,288,133,288,詩
﻿133,288,145,288,145,308,133,308,集
﻿133,308,145,308,145,328,133,328,行
﻿133,328,145,328,145,348,133,348,于
﻿133,348,145,348,145,368,133,368,世
﻿135,394,154,394,154,430,135,430,以
﻿104,65,130,65,130,86,104,86,阮
﻿104,86,130,86,130,108,104,108,有
﻿104,108,130,108,130,129,104,129,嚴
﻿104,129,130,129,130,151,104,151,掌
﻿104,151,130,151,130,173,104,173,翰
﻿104,173,130,173,130,194,104,194,林
﻿104,194,130,194,130,216,104,216,院
﻿104,216,130,216,130,238,104,238,事
﻿104,238,130,238,130,259,104,259,賜
﻿104,259,130,259,130,281,104,281,少
﻿104,281,130,281,130,303,104,303,保
﻿104,303,130,303,130,324,104,324,吏
﻿104,324,130,324,130,346,104,346,部
﻿104,346,130,346,130,368,104,368,尚
﻿104,368,130,368,130,389,104,389,書
﻿104,389,130,389,130,411,104,411,兼
﻿104,411,130,411,130,433,104,433,東
﻿75,65,100,65,100,85,75,85,閣
﻿75,85,100,85,100,105,75,105,大
﻿75,105,100,105,100,125,75,125,𭓇
﻿75,125,100,125,100,146,75,146,士
﻿75,146,100,146,100,166,75,166,入
﻿75,166,100,166,100,186,75,186,侍
﻿75,186,100,186,100,207,75,207,經
﻿75,207,100,207,100,227,75,227,筵
﻿75,227,100,227,100,247,75,247,武
﻿75,247,100,247,100,267,75,267,睿
﻿75,267,100,267,100,288,75,288,貞
﻿75,288,100,288,100,308,75,308,懿
﻿75,308,100,308,100,328,75,328,功
﻿75,328,100,328,100,349,75,349,臣
﻿43,65,68,65,68,85,43,85,六
﻿43,85,68,85,68,105,43,105,月
﻿43,105,68,105,68,126,43,126,順
﻿43,126,68,126,68,146,43,146,化
﻿43,146,68,146,68,166,43,166,處
﻿43,166,68,166,68,187,43,187,土
﻿43,187,68,187,68,207,43,207,酋
﻿43,207,68,207,68,227,43,227,逐
﻿43,227,68,227,68,248,43,248,總
﻿43,248,68,248,68,268,43,268,兵
﻿43,268,68,268,68,288,43,288,使
﻿43,288,68,288,68,309,43,309,端
﻿43,309,68,309,68,329,43,329,良
﻿43,329,68,329,68,349,43,349,伯
﻿43,349,68,349,68,370,43,370,范
﻿43,370,68,370,68,390,43,390,文
﻿43,390,68,390,68,410,43,410,訓
﻿43,410,68,410,68,431,43,431,掠
﻿14,63,38,63,38,83,14,83,其
﻿14,83,38,83,38,104,14,104,妻
﻿14,104,38,104,38,124,14,124,子
﻿14,124,38,124,38,145,14,145,財
﻿14,145,38,145,38,165,14,165,物
﻿14,165,38,165,38,186,14,186,時
﻿14,186,38,186,38,206,14,206,文
﻿14,206,38,206,38,227,14,227,訓
﻿14,227,38,227,38,247,14,247,多
﻿14,247,38,247,38,268,14,268,率
﻿14,268,38,268,38,288,14,288,子
﻿14,288,38,288,38,309,14,309,弟
﻿14,309,38,309,38,329,14,329,從
﻿14,329,38,329,38,350,14,350,行
﻿14,350,38,350,38,370,14,370,易
﻿14,370,38,370,38,391,14,391,置
﻿14,391,38,391,38,411,14,411,衛
﻿14,411,38,411,38,432,14,432,所
