231,14,254,14,254,33,231,33,大
﻿231,33,254,33,254,52,231,52,越
﻿231,52,254,52,254,71,231,71,史
﻿231,71,254,71,254,90,231,90,記
﻿231,90,254,90,254,109,231,109,本
﻿231,109,254,109,254,128,231,128,紀
﻿231,128,254,128,254,147,231,147,實
﻿231,147,254,147,254,166,231,166,綠
﻿231,166,254,166,254,185,231,185,卷
﻿231,185,254,185,254,204,231,204,之
﻿231,204,254,204,254,224,231,224,十
﻿215,9,229,9,229,28,215,28,黎
﻿215,28,229,28,229,48,215,48,皇
﻿215,48,229,48,229,67,215,67,朝
﻿215,67,229,67,229,87,215,87,紀
﻿188,30,206,30,206,49,188,49,太
﻿188,49,206,49,206,69,188,69,祖
﻿188,69,206,69,206,89,188,89,高
﻿188,89,206,89,206,109,188,109,皇
﻿188,109,206,109,206,129,188,129,帝
﻿195,130,208,130,208,148,195,148,帝
﻿195,148,208,148,208,167,195,167,姓
﻿195,167,208,167,208,185,195,185,黎
﻿195,185,208,185,208,204,195,204,諱
﻿195,204,208,204,208,223,195,223,利
﻿195,223,208,223,208,241,195,241,清
﻿195,241,208,241,208,260,195,260,化
﻿195,260,208,260,208,278,195,278,梁
﻿195,278,208,278,208,297,195,297,江
﻿195,297,208,297,208,316,195,316,藍
﻿195,316,208,316,208,334,195,334,山
﻿195,334,208,334,208,353,195,353,鄕
﻿195,353,208,353,208,372,195,372,也
﻿181,131,194,131,194,150,181,150,在
﻿181,150,194,150,194,169,181,169,位
﻿181,169,194,169,194,188,181,188,六
﻿181,188,194,188,194,208,181,208,年
﻿181,208,194,208,194,227,181,227,壽
﻿181,227,194,227,194,246,181,246,五
﻿181,246,194,246,194,265,181,265,十
﻿181,265,194,265,194,285,181,285,一
﻿181,285,194,285,194,304,181,304,塟
﻿181,304,194,304,194,323,181,323,永
﻿181,323,194,323,194,342,181,342,陵
﻿181,342,194,342,194,362,181,362,人
﻿167,54,180,54,180,72,167,72,帝
﻿167,72,180,72,180,91,167,91,奪
﻿167,91,180,91,180,110,167,110,起
﻿167,110,180,110,180,129,167,129,義
﻿167,129,180,129,180,147,167,147,兵
﻿167,147,180,147,180,166,167,166,削
﻿167,166,180,166,180,185,167,185,平
﻿167,185,180,185,180,204,167,204,明
﻿167,204,180,204,180,222,167,222,賊
﻿167,222,180,222,180,241,167,241,十
﻿167,241,180,241,180,260,167,260,年
﻿167,260,180,260,180,279,167,279,而
﻿167,279,180,279,180,297,167,297,天
﻿167,297,180,297,180,316,167,316,下
﻿167,316,180,316,180,335,167,335,大
﻿167,335,180,335,180,354,167,354,定
﻿167,354,180,354,180,373,167,373,及
﻿153,53,166,53,166,71,153,71,即
﻿153,71,166,71,166,90,153,90,位
﻿153,90,166,90,166,109,153,109,定
﻿153,109,166,109,166,128,153,128,律
﻿153,128,166,128,166,147,153,147,令
﻿153,147,166,147,166,165,153,165,制
﻿153,165,166,165,166,184,153,184,禮
﻿153,184,166,184,166,203,153,203,樂
﻿153,203,166,203,166,222,153,222,設
﻿153,222,166,222,166,241,153,241,科
﻿153,241,166,241,166,260,153,260,目
﻿153,260,166,260,166,278,153,278,置
﻿153,278,166,278,166,297,153,297,禁
﻿153,297,166,297,166,316,153,316,衛
﻿153,316,166,316,166,335,153,335,建
﻿153,335,166,335,166,354,153,354,官
﻿153,354,166,354,166,373,153,373,職
﻿139,54,152,54,152,72,139,72,立
﻿139,72,152,72,152,91,139,91,府
﻿139,91,152,91,152,109,139,109,縣
﻿139,109,152,109,152,128,139,128,收
﻿139,128,152,128,152,147,139,147,圖
﻿139,147,152,147,152,165,139,165,籍
﻿139,165,152,165,152,184,139,184,創
﻿139,184,152,184,152,203,139,203,學
﻿139,203,152,203,152,221,139,221,校
﻿139,221,152,221,152,240,139,240,可
﻿139,240,152,240,152,259,139,259,謂
﻿139,259,152,259,152,277,139,277,有
﻿139,277,152,277,152,296,139,296,創
﻿139,296,152,296,152,315,139,315,業
﻿125,53,138,53,138,71,125,71,之
﻿125,71,138,71,138,90,125,90,宏
﻿125,90,138,90,138,109,125,109,謨
﻿125,109,138,109,138,128,125,128,矣
﻿125,128,138,128,138,147,125,147,然
﻿125,147,138,147,138,166,125,166,多
﻿125,166,138,166,138,185,125,185,忌
﻿125,185,138,185,138,203,125,203,孝
﻿125,203,138,203,138,222,125,222,殺
﻿125,222,138,222,138,241,125,241,此
﻿125,241,138,241,138,260,125,260,其
﻿125,260,138,260,138,279,125,279,所
﻿125,279,138,279,138,298,125,298,短
﻿125,298,138,298,138,317,125,317,也
﻿101,51,123,51,123,69,101,69,初
﻿101,69,123,69,123,87,101,87,帝
﻿101,87,123,87,123,105,101,105,三
﻿101,105,123,105,123,123,101,123,世
﻿101,123,123,123,123,141,101,141,祖
﻿101,141,123,141,123,159,101,159,諱
﻿101,159,123,159,123,177,101,177,誨
﻿101,177,123,177,123,195,101,195,嘗
﻿101,195,123,195,123,213,101,213,一
﻿101,213,123,213,123,231,101,231,日
﻿101,231,123,231,123,249,101,249,逰
﻿101,249,123,249,123,267,101,267,藍
﻿101,267,123,267,123,285,101,285,山
﻿101,285,123,285,123,303,101,303,見
﻿101,303,123,303,123,321,101,321,眾
﻿101,321,123,321,123,339,101,339,鳥
﻿101,339,123,339,123,357,101,357,群
﻿101,357,123,357,123,376,101,376,飛
﻿72,52,96,52,96,70,72,70,翔
﻿72,70,96,70,96,88,72,88,繞
﻿72,88,96,88,96,106,72,106,於
﻿72,106,96,106,96,124,72,124,藍
﻿72,124,96,124,96,142,72,142,山
﻿72,142,96,142,96,160,72,160,之
﻿72,160,96,160,96,178,72,178,下
﻿72,178,96,178,96,196,72,196,若
﻿72,196,96,196,96,214,72,214,眾
﻿72,214,96,214,96,232,72,232,人
﻿72,232,96,232,96,250,72,250,聚
﻿72,250,96,250,96,268,72,268,會
﻿72,268,96,268,96,286,72,286,之
﻿72,286,96,286,96,304,72,304,狀
﻿72,304,96,304,96,322,72,322,曰
﻿72,322,96,322,96,340,72,340,此
﻿72,340,96,340,96,358,72,358,必
﻿72,358,96,358,96,376,72,376,佳
﻿46,50,69,50,69,67,46,67,處
﻿46,67,69,67,69,85,46,85,也
﻿46,85,69,85,69,103,46,103,因
﻿46,103,69,103,69,121,46,121,徙
﻿46,121,69,121,69,139,46,139,居
﻿46,139,69,139,69,157,46,157,焉
﻿46,157,69,157,69,175,46,175,三
﻿46,175,69,175,69,193,46,193,年
﻿46,193,69,193,69,211,46,211,而
﻿46,211,69,211,69,229,46,229,產
﻿46,229,69,229,69,247,46,247,業
﻿46,247,69,247,69,265,46,265,成
﻿46,265,69,265,69,283,46,283,自
﻿46,283,69,283,69,301,46,301,是
﻿46,301,69,301,69,319,46,319,世
﻿46,319,69,319,69,337,46,337,爲
﻿46,337,69,337,69,355,46,355,一
﻿46,355,69,355,69,373,46,373,方
﻿18,51,41,51,41,70,18,70,君
﻿18,70,41,70,41,89,18,89,長
﻿18,89,41,89,41,109,18,109,誨
﻿18,109,41,109,41,128,18,128,生
﻿18,128,41,128,41,147,18,147,汀
﻿18,147,41,147,41,167,18,167,克
