252,28,282,28,282,49,252,49,行
﻿252,49,282,49,282,70,252,70,為
﻿252,70,282,70,282,91,252,91,明
﻿252,91,282,91,282,112,252,112,人
﻿252,112,282,112,282,133,252,133,所
﻿252,133,282,133,282,154,252,154,逼
﻿252,154,282,154,282,175,252,175,書
﻿252,175,282,175,282,196,252,196,報
﻿252,196,282,196,282,218,252,218,晦
﻿252,218,282,218,282,239,252,239,卿
﻿252,239,282,239,282,260,252,260,取
﻿252,260,282,260,282,281,252,281,遷
﻿252,281,282,281,282,302,252,302,民
﻿252,302,282,302,282,323,252,323,三
﻿252,323,282,323,282,344,252,344,之
﻿252,344,282,344,282,365,252,365,一
﻿252,365,282,365,282,386,252,386,併
﻿252,386,282,386,282,408,252,408,土
﻿224,29,250,29,250,50,224,50,軍
﻿224,50,250,50,250,71,224,71,史
﻿224,71,250,71,250,92,224,92,嚕
﻿224,92,250,92,250,113,224,113,領
﻿224,113,250,113,250,134,224,134,之
﻿224,134,250,134,250,155,224,155,為
﻿224,155,250,155,250,176,224,176,勤
﻿224,176,250,176,250,197,224,197,王
﻿224,197,250,197,250,219,224,219,以
﻿224,219,250,219,250,240,224,240,勑
﻿224,240,250,240,250,261,224,261,封
﻿224,261,250,261,250,282,224,282,古
﻿224,282,250,282,250,303,224,303,壘
﻿224,303,250,303,250,324,224,324,縣
﻿224,324,250,324,250,345,224,345,上
﻿224,345,250,345,250,366,224,366,侯
﻿224,366,250,366,250,387,224,387,制
﻿224,387,250,387,250,409,224,409,摩
﻿191,29,220,29,220,50,191,50,奴
﻿191,50,220,50,220,71,191,71,?
﻿191,71,220,71,220,93,191,93,難
﻿191,93,220,93,220,114,191,114,為
﻿191,114,220,114,220,135,191,135,升
﻿191,135,220,135,220,157,191,157,華
﻿191,157,220,157,220,178,191,178,郡
﻿191,178,220,178,220,199,191,199,王
﻿191,199,220,199,220,221,191,221,以
﻿191,221,220,221,220,242,191,242,撫
﻿191,242,220,242,220,263,191,263,占
﻿191,263,220,263,220,285,191,285,城
﻿191,285,220,285,220,306,191,306,之
﻿191,306,220,306,220,327,191,327,?
﻿191,327,220,327,220,349,191,349,晦
﻿191,349,220,349,220,370,191,370,卿
﻿191,370,220,370,220,391,191,391,皆
﻿191,391,220,391,220,413,191,413,隐
﻿161,30,190,30,190,51,161,51,不
﻿161,51,190,51,190,72,161,72,以
﻿161,72,190,72,190,93,161,93,示
﻿161,93,190,93,190,114,161,114,眾
﻿161,114,190,114,190,136,161,136,及
﻿161,136,190,136,190,157,161,157,占
﻿161,157,190,157,190,178,161,178,城
﻿161,178,190,178,190,199,161,199,舉
﻿161,199,190,199,190,221,161,221,兵
﻿161,221,190,221,190,242,161,242,欲
﻿161,242,190,242,190,263,161,263,𠬧
﻿161,263,190,263,190,284,161,284,故
﻿161,284,190,284,190,305,161,305,地
﻿161,305,190,305,190,327,161,327,遷
﻿161,327,190,327,190,348,161,348,民
﻿161,348,190,348,190,369,161,369,驚
﻿161,369,190,369,190,390,161,390,散
﻿161,390,190,390,190,412,161,412,晦
﻿130,27,155,27,155,48,130,48,卿
﻿130,48,155,48,155,69,130,69,等
﻿130,69,155,69,155,91,130,91,回
﻿130,91,155,91,155,112,130,112,化
﻿130,112,155,112,155,133,130,133,州
﻿130,133,155,133,155,155,130,155,獨
﻿130,155,155,155,155,176,130,176,摩
﻿130,176,155,176,155,197,130,197,奴
﻿130,197,155,197,155,219,130,219,㐌
﻿130,219,155,219,155,240,130,240,難
﻿130,240,155,240,155,261,130,261,與
﻿130,261,155,261,155,283,130,283,占
﻿130,283,155,283,155,304,130,304,城
﻿130,304,155,304,155,325,130,325,相
﻿130,325,155,325,155,347,130,347,拒
﻿130,347,155,347,155,368,130,368,勢
﻿130,368,155,368,155,389,130,389,孤
﻿130,389,155,389,155,411,130,411,力
﻿98,29,124,29,124,50,98,50,屈
﻿98,50,124,50,124,71,98,71,為
﻿98,71,124,71,124,92,98,92,占
﻿98,92,124,92,124,113,98,113,人
﻿98,113,124,113,124,135,98,135,所
﻿98,135,124,135,124,156,98,156,殺
﻿98,156,124,156,124,177,98,177,晦
﻿98,177,124,177,124,198,98,198,卿
﻿98,198,124,198,124,220,98,220,先
﻿98,220,124,220,124,241,98,241,於
﻿98,241,124,241,124,262,98,262,義
﻿98,262,124,262,124,283,98,283,州
﻿98,283,124,283,124,304,98,304,約
﻿98,304,124,304,124,326,98,326,眾
﻿98,326,124,326,124,347,98,347,盟
﻿98,347,124,347,124,368,98,368,誓
﻿98,368,124,368,124,389,98,389,嚕
﻿98,389,124,389,124,411,98,411,知
﻿67,28,92,28,92,49,67,49,悉
﻿67,49,92,49,92,70,67,70,與
﻿67,70,92,70,92,92,67,92,晦
﻿67,92,92,92,92,113,67,113,卿
﻿67,113,92,113,92,134,67,134,有
﻿67,134,92,134,92,156,67,156,異
﻿67,156,92,156,92,177,67,177,圖
﻿67,177,92,177,92,198,67,198,嚕
﻿67,198,92,198,92,220,67,220,不
﻿67,220,92,220,92,241,67,241,預
﻿67,241,92,241,92,262,67,262,盟
﻿67,262,92,262,92,284,67,284,晦
﻿67,284,92,284,92,305,67,305,卿
﻿67,305,92,305,92,326,67,326,之
﻿67,326,92,326,92,348,67,348,回
﻿67,348,92,348,92,369,67,369,化
﻿67,369,92,369,92,390,67,390,州
﻿67,390,92,390,92,412,67,412,也
﻿35,28,63,28,63,49,35,49,嚕
﻿35,49,63,49,63,70,35,70,領
﻿35,70,63,70,63,92,35,92,迁
﻿35,92,63,92,63,113,35,113,民
﻿35,113,63,113,63,134,35,134,陸
﻿35,134,63,134,63,156,35,156,行
﻿35,156,63,156,63,177,35,177,差
﻿35,177,63,177,63,199,35,199,遲
﻿35,199,63,199,63,220,35,220,悉
﻿35,220,63,220,63,241,35,241,水
﻿35,241,63,241,63,263,35,263,行
﻿35,263,63,263,63,284,35,284,先
﻿35,284,63,284,63,306,35,306,至
﻿35,306,63,306,63,327,35,327,順
﻿35,327,63,327,63,348,35,348,化
﻿35,348,63,348,63,370,35,370,路
﻿35,370,63,370,63,391,35,391,鎮
﻿35,391,63,391,63,413,35,413,撫
﻿7,31,30,31,30,52,7,52,使
﻿7,52,30,52,30,73,7,73,阮
﻿7,73,30,73,30,94,7,94,豐
﻿7,94,30,94,30,115,7,115,拒
﻿7,115,30,115,30,136,7,136,之
﻿7,136,30,136,30,157,7,157,不
﻿7,157,30,157,30,178,7,178,納
﻿7,178,30,178,30,199,7,199,悉
﻿7,199,30,199,30,221,7,221,力
﻿7,221,30,221,30,242,7,242,戰
﻿7,242,30,242,30,263,7,263,殺
﻿7,263,30,263,30,284,7,284,豐
﻿7,284,30,284,30,305,7,305,遂
﻿7,305,30,305,30,326,7,326,入
﻿7,326,30,326,30,347,7,347,城
﻿7,347,30,347,30,368,7,368,又
﻿7,368,30,368,30,389,7,389,與
﻿7,389,30,389,30,411,7,411,嚕
