251,16,278,16,278,37,251,37,如
﻿251,37,278,37,278,58,251,58,堵
﻿251,58,278,58,278,79,251,79,銓
﻿251,79,278,79,278,101,251,101,註
﻿251,101,278,101,278,122,251,122,不
﻿251,122,278,122,278,143,251,143,明
﻿251,143,278,143,278,165,251,165,錦
﻿251,165,278,165,278,186,251,186,衣
﻿251,186,278,186,278,207,251,207,拿
﻿251,207,278,207,278,229,251,229,問
﻿251,229,278,229,278,250,251,250,失
﻿251,250,278,250,278,271,251,271,其
﻿251,271,278,271,278,293,251,293,聀
﻿251,293,278,293,278,314,251,314,至
﻿251,314,278,314,278,335,251,335,是
﻿251,335,278,335,278,357,251,357,再
﻿251,357,278,357,278,378,251,378,許
﻿251,378,278,378,278,399,251,399,復
﻿251,399,278,399,278,420,251,420,聀
﻿220,15,247,15,247,37,220,37,刑
﻿220,37,247,37,247,60,220,60,部
﻿220,60,247,60,247,82,220,82,尚
﻿220,82,247,82,247,105,220,105,書
﻿220,105,247,105,247,127,220,127,陳
﻿220,127,247,127,247,150,220,150,封
﻿220,150,247,150,247,172,220,172,等
﻿220,172,247,172,247,195,220,195,鞠
﻿220,195,247,195,247,217,220,217,北
﻿220,217,247,217,247,240,220,240,平
﻿220,240,247,240,247,262,220,262,總
﻿220,262,247,262,247,285,220,285,兵
﻿220,285,247,285,247,307,220,307,黎
﻿220,307,247,307,247,330,220,330,悔
﻿220,330,247,330,247,352,220,352,獄
﻿220,352,247,352,247,375,220,375,成
﻿220,375,247,375,247,397,220,397,欲
﻿220,397,247,397,247,420,220,420,以
﻿187,15,214,15,214,36,187,36,軍
﻿187,36,214,36,214,57,187,57,令
﻿187,57,214,57,214,78,187,78,當
﻿187,78,214,78,214,100,187,100,之
﻿187,100,214,100,214,121,187,121,以
﻿187,121,214,121,214,142,187,142,悔
﻿187,142,214,142,214,164,187,164,有
﻿187,164,214,164,214,185,187,185,功
﻿187,185,214,185,214,206,187,206,遂
﻿187,206,214,206,214,228,187,228,以
﻿187,228,214,228,214,249,187,249,八
﻿187,249,214,249,214,270,187,270,𬢱
﻿187,270,214,270,214,292,187,292,請
﻿187,292,214,292,214,313,187,313,都
﻿187,313,214,313,214,334,187,334,御
﻿187,334,214,334,214,356,187,356,史
﻿187,356,214,356,214,377,187,377,陳
﻿187,377,214,377,214,398,187,398,鷟
﻿187,398,214,398,214,419,187,419,曰
﻿154,16,181,16,181,37,154,37,悔
﻿154,37,181,37,181,58,154,58,既
﻿154,58,181,58,181,79,154,79,付
﻿154,79,181,79,181,101,154,101,法
﻿154,101,181,101,181,122,154,122,司
﻿154,122,181,122,181,143,154,143,按
﻿154,143,181,143,181,165,154,165,問
﻿154,165,181,165,181,186,154,186,宜
﻿154,186,181,186,181,207,154,207,從
﻿154,207,181,207,181,229,154,229,八
﻿154,229,181,229,181,250,154,250,𬢱
﻿154,250,181,250,181,271,154,271,所
﻿154,271,181,271,181,293,154,293,以
﻿154,293,181,293,181,314,154,314,不
﻿154,314,181,314,181,335,154,335,𬢱
﻿154,335,181,335,181,357,154,357,者
﻿154,357,181,357,181,378,154,378,惟
﻿154,378,181,378,181,399,154,399,惡
﻿154,399,181,399,181,420,154,420,逆
﻿124,15,150,15,150,36,124,36,耳
﻿124,36,150,36,150,57,124,57,未
﻿124,57,150,57,150,79,124,79,聞
﻿124,79,150,79,150,100,124,100,失
﻿124,100,150,100,150,122,124,122,律
﻿124,122,150,122,150,143,124,143,而
﻿124,143,150,143,150,164,124,164,不
﻿124,164,150,164,150,186,124,186,議
﻿124,186,150,186,150,207,124,207,帝
﻿124,207,150,207,150,229,124,229,諭
﻿124,229,150,229,150,250,124,250,之
﻿124,250,150,250,150,272,124,272,曰
﻿124,272,150,272,150,293,124,293,軍
﻿124,293,150,293,150,314,124,314,法
﻿124,314,150,314,150,336,124,336,一
﻿124,336,150,336,150,357,124,357,而
﻿124,357,150,357,150,379,124,379,無
﻿124,379,150,379,150,400,124,400,二
﻿124,400,150,400,150,422,124,422,鷟
﻿94,14,120,14,120,35,94,35,之
﻿94,35,120,35,120,56,94,56,所
﻿94,56,120,56,120,78,94,78,言
﻿94,78,120,78,120,99,94,99,是
﻿94,99,120,99,120,121,94,121,岐
﻿94,121,120,121,120,142,94,142,而
﻿94,142,120,142,120,163,94,163,二
﻿94,163,120,163,120,185,94,185,决
﻿94,185,120,185,120,206,94,206,非
﻿94,206,120,206,120,228,94,228,軍
﻿94,228,120,228,120,249,94,249,法
﻿94,249,120,249,120,271,94,271,之
﻿94,271,120,271,120,292,94,292,論
﻿94,292,120,292,120,313,94,313,乃
﻿94,313,120,313,120,335,94,335,游
﻿94,335,120,335,120,356,94,356,説
﻿94,356,120,356,120,378,94,378,之
﻿94,378,120,378,120,399,94,399,語
﻿94,399,120,399,120,421,94,421,耳
﻿61,14,87,14,87,35,61,35,宜
﻿61,35,87,35,87,56,61,56,以
﻿61,56,87,56,87,78,61,78,攸
﻿61,78,87,78,87,99,61,99,説
﻿61,99,87,99,87,121,61,121,罪
﻿61,121,87,121,87,142,61,142,之
﻿61,142,87,142,87,163,61,163,未
﻿61,163,87,163,87,185,61,185,幾
﻿61,185,87,185,87,206,61,206,帝
﻿61,206,87,206,87,228,61,228,又
﻿61,228,87,228,87,249,61,249,諭
﻿61,249,87,249,87,271,61,271,鷟
﻿61,271,87,271,87,292,61,292,曰
﻿61,292,87,292,87,313,61,313,予
﻿61,313,87,313,87,335,61,335,誣
﻿61,335,87,335,87,356,61,356,爾
﻿61,356,87,356,87,378,61,378,為
﻿61,378,87,378,87,399,61,399,游
﻿61,399,87,399,87,421,61,421,説
﻿31,15,57,15,57,36,31,36,之
﻿31,36,57,36,57,57,31,57,客
﻿31,57,57,57,57,79,31,79,予
﻿31,79,57,79,57,100,31,100,失
﻿31,100,57,100,57,122,31,122,言
﻿31,122,57,122,57,143,31,143,也
﻿31,143,57,143,57,164,31,164,嘉
﻿31,164,57,164,57,186,31,186,謀
﻿31,186,57,186,57,207,31,207,嘉
﻿31,207,57,207,57,229,31,229,猷
﻿31,229,57,229,57,250,31,250,入
﻿31,250,57,250,57,272,31,272,告
﻿31,272,57,272,57,293,31,293,于
﻿31,293,57,293,57,314,31,314,内
﻿31,314,57,314,57,336,31,336,󰱃
﻿31,336,57,336,57,357,31,357,乎
﻿31,357,57,357,57,379,31,379,甘
﻿31,379,57,379,57,400,31,400,霖
﻿31,400,57,400,57,422,31,422,歲
﻿5,15,25,15,25,37,5,37,旱
﻿5,37,25,37,25,60,5,60,舟
﻿5,60,25,60,25,82,5,82,楫
﻿5,82,25,82,25,105,5,105,濟
﻿5,105,25,105,25,128,5,128,川
﻿5,128,25,128,25,150,5,150,欽
﻿5,150,25,150,25,173,5,173,哉
﻿5,173,25,173,25,195,5,195,諭
﻿5,195,25,195,25,218,5,218,陳
﻿5,218,25,218,25,241,5,241,封
﻿5,241,25,241,25,263,5,263,曰
﻿5,263,25,263,25,286,5,286,朕
﻿5,286,25,286,25,308,5,308,聞
﻿5,308,25,308,25,331,5,331,國
﻿5,331,25,331,25,354,5,354,之
﻿5,354,25,354,25,376,5,376,不
﻿5,376,25,376,25,399,5,399,有
﻿5,399,25,399,25,422,5,422,賞
