263,37,284,37,284,58,263,58,大
﻿263,58,284,58,284,80,263,80,破
﻿263,80,284,80,284,102,263,102,之
﻿263,102,284,102,284,124,263,124,追
﻿263,124,284,124,284,145,263,145,至
﻿263,145,284,145,284,167,263,167,瑞
﻿263,167,284,167,284,189,263,189,香
﻿263,189,284,189,284,211,263,211,果
﻿263,211,284,211,284,232,263,232,洞
﻿263,232,284,232,284,254,263,254,東
﻿263,254,284,254,284,276,263,276,鄂
﻿263,276,284,276,284,298,263,298,等
﻿263,298,284,298,284,319,263,319,社
﻿263,319,284,319,284,341,263,341,刺
﻿263,341,284,341,284,363,263,363,殺
﻿263,363,284,363,284,385,263,385,甚
﻿263,385,284,385,284,407,263,407,多
﻿234,35,255,35,255,56,234,56,僵
﻿234,56,255,56,255,78,234,78,屍
﻿234,78,255,78,255,100,234,100,满
﻿234,100,255,100,255,122,234,122,野
﻿234,122,255,122,255,143,234,143,沈
﻿234,143,255,143,255,165,234,165,溺
﻿234,165,255,165,255,187,234,187,江
﻿234,187,255,187,255,209,234,209,中
﻿234,209,255,209,255,230,234,230,不
﻿234,230,255,230,255,252,234,252,可
﻿234,252,255,252,255,274,234,274,勝
﻿234,274,255,274,255,296,234,296,紀
﻿234,296,255,296,255,317,234,317,後
﻿234,317,255,317,255,339,234,339,定
﻿234,339,255,339,255,361,234,361,功
﻿234,361,255,361,255,383,234,383,以
﻿234,383,255,383,255,405,234,405,惟
﻿202,33,225,33,225,54,202,54,㦃
﻿202,54,225,54,225,76,202,76,為
﻿202,76,225,76,225,98,202,98,原
﻿202,98,225,98,225,120,202,120,郡
﻿202,120,225,120,225,142,202,142,公
﻿202,142,225,142,225,164,202,164,其
﻿202,164,225,164,225,186,202,186,從
﻿202,186,225,186,225,208,202,208,惟
﻿202,208,225,208,225,229,202,229,㦃
﻿202,229,225,229,225,251,202,251,刺
﻿202,251,225,251,225,273,202,273,殺
﻿202,273,225,273,225,295,202,295,數
﻿202,295,225,295,225,317,202,317,多
﻿202,317,225,317,225,339,202,339,皆
﻿202,339,225,339,225,361,202,361,授
﻿202,361,225,361,225,383,202,383,以
﻿202,383,225,383,225,405,202,405,都
﻿172,35,193,35,193,58,172,58,指
﻿172,58,193,58,193,81,172,81,揮
﻿172,81,193,81,193,104,172,104,同
﻿172,104,193,104,193,127,172,127,知
﻿172,127,193,127,193,150,172,150,軍
﻿172,150,193,150,193,174,172,174,功
﻿172,174,193,174,193,197,172,197,有
﻿172,197,193,197,193,220,172,220,刺
﻿172,220,193,220,193,243,172,243,殺
﻿172,243,193,243,193,266,172,266,數
﻿172,266,193,266,193,290,172,290,多
﻿172,290,193,290,193,313,172,313,授
﻿172,313,193,313,193,336,172,336,職
﻿172,336,193,336,193,359,172,359,自
﻿172,359,193,359,193,382,172,382,此
﻿172,382,193,382,193,406,172,406,始
﻿140,34,165,34,165,55,140,55,斬
﻿140,55,165,55,165,77,140,77,胡
﻿140,77,165,77,165,99,140,99,把
﻿140,99,165,99,165,121,140,121,於
﻿140,121,165,121,165,142,140,142,延
﻿140,142,165,142,165,164,140,164,興
﻿140,164,165,164,165,186,140,186,坊
﻿140,186,165,186,165,208,140,208,先
﻿140,208,165,208,165,229,140,229,是
﻿140,229,165,229,165,251,140,251,都
﻿140,251,165,251,165,273,140,273,力
﻿140,273,165,273,165,295,140,295,士
﻿140,295,165,295,165,316,140,316,胡
﻿140,316,165,316,165,338,140,338,把
﻿140,338,165,338,165,360,140,360,擊
﻿140,360,165,360,165,382,140,382,賊
﻿140,382,165,382,165,404,140,404,去
﻿111,35,132,35,132,58,111,58,回
﻿111,58,132,58,132,82,111,82,折
﻿111,82,132,82,132,105,111,105,金
﻿111,105,132,105,132,129,111,129,鳳
﻿111,129,132,129,132,152,111,152,趐
﻿111,152,132,152,132,176,111,176,藏
﻿111,176,132,176,132,199,111,199,之
﻿111,199,132,199,132,223,111,223,及
﻿111,223,132,223,132,246,111,246,賊
﻿111,246,132,246,132,270,111,270,平
﻿111,270,132,270,132,293,111,293,占
﻿111,293,132,293,132,317,111,317,之
﻿111,317,132,317,132,340,111,340,殺
﻿111,340,132,340,132,364,111,364,户
﻿111,364,132,364,132,387,111,387,部
﻿111,387,132,387,132,411,111,411,司
﻿79,34,101,34,101,56,79,56,務
﻿79,56,101,56,101,78,79,78,李
﻿79,78,101,78,101,100,79,100,文
﻿79,100,101,100,101,122,79,122,思
﻿79,122,101,122,101,144,79,144,先
﻿79,144,101,144,101,166,79,166,是
﻿79,166,101,166,101,188,79,188,陳
﻿79,188,101,188,101,210,79,210,㫬
﻿79,210,101,210,101,232,79,232,之
﻿79,232,101,232,101,254,79,254,亂
﻿79,254,101,254,101,276,79,276,京
﻿79,276,101,276,101,298,79,298,城
﻿79,298,101,298,101,320,79,320,諸
﻿79,320,101,320,101,342,79,342,王
﻿79,342,101,342,101,364,79,364,公
﻿79,364,101,364,101,386,79,386,主
﻿79,386,101,386,101,409,79,409,庯
﻿49,32,73,32,73,54,49,54,舍
﻿49,54,73,54,73,76,49,76,市
﻿49,76,73,76,73,98,49,98,四
﻿49,98,73,98,73,120,49,120,民
﻿49,120,73,120,73,142,49,142,間
﻿49,142,73,142,73,164,49,164,皆
﻿49,164,73,164,73,186,49,186,走
﻿49,186,73,186,73,208,49,208,出
﻿49,208,73,208,73,230,49,230,大
﻿49,230,73,230,73,252,49,252,羅
﻿49,252,73,252,73,274,49,274,城
﻿49,274,73,274,73,296,49,296,外
﻿49,296,73,296,73,318,49,318,寓
﻿49,318,73,318,73,340,49,340,於
﻿49,340,73,340,73,362,49,362,紅
﻿49,362,73,362,73,384,49,384,梅
﻿49,384,73,384,73,407,49,407,盛
﻿18,34,43,34,43,55,18,55,烈
﻿18,55,43,55,43,77,18,77,等
﻿18,77,43,77,43,99,18,99,社
﻿18,99,43,99,43,121,18,121,地
﻿18,121,43,121,43,143,18,143,方
﻿18,143,43,143,43,165,18,165,文
﻿18,165,43,165,43,187,18,187,思
﻿18,187,43,187,43,209,18,209,亦
﻿18,209,43,209,43,231,18,231,避
﻿18,231,43,231,43,253,18,253,去
﻿18,253,43,253,43,275,18,275,私
﻿18,275,43,275,43,297,18,297,説
﻿18,297,43,297,43,319,18,319,輕
﻿18,319,43,319,43,341,18,341,侮
﻿18,341,43,341,43,363,18,363,大
﻿18,363,43,363,43,385,18,385,臣
﻿18,385,43,385,43,407,18,407,阮
