265,28,287,28,287,49,265,49,西
﻿265,49,287,49,287,71,265,71,王
﻿265,71,287,71,287,92,265,92,王
﻿265,92,287,92,287,114,265,114,以
﻿265,114,287,114,287,136,265,136,其
﻿265,136,287,136,287,157,265,157,光
﻿265,157,287,157,287,179,265,179,受
﻿265,179,287,179,287,200,265,200,鴻
﻿265,200,287,200,287,222,265,222,名
﻿265,222,287,222,287,244,265,244,命
﻿265,244,287,244,287,265,265,265,永
﻿265,265,287,265,287,287,265,287,膺
﻿265,287,287,287,287,308,265,308,於
﻿265,308,287,308,287,330,265,330,𮌐
﻿265,330,287,330,287,352,265,352,祐
﻿265,352,287,352,287,373,265,373,莫
﻿265,373,287,373,287,395,265,395,安
﻿265,395,287,395,287,417,265,417,鰲
﻿234,30,258,30,258,51,234,51,世
﻿234,51,258,51,258,73,234,73,丕
﻿234,73,258,73,258,94,234,94,顯
﻿234,94,258,94,258,116,234,116,於
﻿234,116,258,116,258,137,234,137,治
﻿234,137,258,137,258,159,234,159,平
﻿234,159,258,159,258,180,234,180,王
﻿234,180,258,180,258,202,234,202,家
﻿234,202,258,202,258,224,234,224,延
﻿234,224,258,224,258,245,234,245,有
﻿234,245,258,245,258,267,234,267,道
﻿234,267,258,267,258,288,234,288,之
﻿234,288,258,288,258,310,234,310,長
﻿234,310,258,310,258,331,234,331,皇
﻿234,331,258,331,258,353,234,353,圖
﻿234,353,258,353,258,374,234,374,衍
﻿234,374,258,374,258,396,234,396,無
﻿234,396,258,396,258,418,234,418,疆
﻿204,27,226,27,226,49,204,49,之
﻿204,49,226,49,226,72,204,72,󰆑
﻿204,72,226,72,226,95,204,95,欽
﻿204,95,226,95,226,118,204,118,哉
﻿204,118,226,118,226,140,204,140,令
﻿204,140,226,140,226,163,204,163,各
﻿204,163,226,163,226,186,204,186,處
﻿204,186,226,186,226,209,204,209,諸
﻿204,209,226,209,226,231,204,231,社
﻿204,231,226,231,226,254,204,254,村
﻿204,254,226,254,226,277,204,277,民
﻿204,277,226,277,226,300,204,300,如
﻿204,300,226,300,226,322,204,322,有
﻿204,322,226,322,226,345,204,345,重
﻿204,345,226,345,226,368,204,368,例
﻿204,368,226,368,226,391,204,391,者
﻿204,391,226,391,226,414,204,414,各
﻿172,27,196,27,196,48,172,48,備
﻿172,48,196,48,196,70,172,70,以
﻿172,70,196,70,196,91,172,91,聞
﻿172,91,196,91,196,113,172,113,付
﻿172,113,196,113,196,134,172,134,監
﻿172,134,196,134,196,156,172,156,督
﻿172,156,196,156,196,177,172,177,平
﻿172,177,196,177,196,199,172,199,例
﻿172,199,196,199,196,221,172,221,官
﻿172,221,196,221,196,242,172,242,查
﻿172,242,196,242,196,264,172,264,實
﻿172,264,196,264,196,285,172,285,量
﻿172,285,196,285,196,307,172,307,减
﻿172,307,196,307,196,328,172,328,分
﻿172,328,196,328,196,350,172,350,與
﻿172,350,196,350,196,371,172,371,本
﻿172,371,196,371,196,393,172,393,縣
﻿172,393,196,393,196,415,172,415,各
﻿141,28,166,28,166,50,141,50,社
﻿141,50,166,50,166,73,141,73,共
﻿141,73,166,73,166,96,141,96,受
﻿141,96,166,96,166,118,141,118,以
﻿141,118,166,118,166,141,141,141,均
﻿141,141,166,141,166,164,141,164,賦
﻿141,164,166,164,166,186,141,186,役
﻿141,186,166,186,166,209,141,209,六
﻿141,209,166,209,166,232,141,232,月
﻿141,232,166,232,166,255,141,255,以
﻿141,255,166,255,166,277,141,277,都
﻿141,277,166,277,166,300,141,300,督
﻿141,300,166,300,166,323,141,323,同
﻿141,323,166,323,166,345,141,345,知
﻿141,345,166,345,166,368,141,368,禄
﻿141,368,166,368,166,391,141,391,郡
﻿141,391,166,391,166,414,141,414,公
﻿110,28,134,28,134,49,110,49,丁
﻿110,49,134,49,134,71,110,71,文
﻿110,71,134,71,134,92,110,92,左
﻿110,92,134,92,134,114,110,114,爲
﻿110,114,134,114,134,136,110,136,左
﻿110,136,134,136,134,157,110,157,都
﻿110,157,134,157,134,179,110,179,督
﻿110,179,134,179,134,200,110,200,都
﻿110,200,134,200,134,222,110,222,督
﻿110,222,134,222,134,244,110,244,命
﻿110,244,134,244,134,265,110,265,事
﻿110,265,134,265,134,287,110,287,纘
﻿110,287,134,287,134,308,110,308,郡
﻿110,308,134,308,134,330,110,330,公
﻿110,330,134,330,134,352,110,352,鄭
﻿110,352,134,352,134,373,110,373,𣛧
﻿110,373,134,373,134,395,110,395,提
﻿110,395,134,395,134,417,110,417,督
﻿79,27,103,27,103,48,79,48,燕
﻿79,48,103,48,103,70,79,70,郡
﻿79,70,103,70,103,92,79,92,公
﻿79,92,103,92,103,113,79,113,鄭
﻿79,113,103,113,103,135,79,135,柳
﻿79,135,103,135,103,157,79,157,竝
﻿79,157,103,157,103,178,79,178,爲
﻿79,178,103,178,103,200,79,200,都
﻿79,200,103,200,103,222,79,222,督
﻿79,222,103,222,103,243,79,243,同
﻿79,243,103,243,103,265,79,265,知
﻿79,265,103,265,103,287,79,287,兵
﻿79,287,103,287,103,308,79,308,部
﻿79,308,103,308,103,330,79,330,左
﻿79,330,103,330,103,352,79,352,侍
﻿79,352,103,352,103,373,79,373,郎
﻿79,373,103,373,103,395,79,395,延
﻿79,395,103,395,103,417,79,417,禄
﻿49,26,72,26,72,47,49,47,伯
﻿49,47,72,47,72,69,49,69,楊
﻿49,69,72,69,72,90,49,90,㵆
﻿49,90,72,90,72,112,49,112,爲
﻿49,112,72,112,72,134,49,134,史
﻿49,134,72,134,72,155,49,155,部
﻿49,155,72,155,72,177,49,177,左
﻿49,177,72,177,72,198,49,198,侍
﻿49,198,72,198,72,220,49,220,郎
﻿49,220,72,220,72,242,49,242,立
﻿49,242,72,242,72,263,49,263,郡
﻿49,263,72,263,72,285,49,285,公
﻿49,285,72,285,72,306,49,306,黎
﻿49,306,72,306,72,328,49,328,珠
﻿49,328,72,328,72,350,49,350,爲
﻿49,350,72,350,72,371,49,371,都
﻿49,371,72,371,72,393,49,393,督
﻿49,393,72,393,72,415,49,415,僉
﻿17,27,42,27,42,48,17,48,事
﻿17,48,42,48,42,70,17,70,枚
﻿17,70,42,70,42,91,17,91,世
﻿17,91,42,91,42,113,17,113,康
﻿17,113,42,113,42,134,17,134,爲
﻿17,134,42,134,42,156,17,156,參
﻿17,156,42,156,42,177,17,177,督
﻿17,177,42,177,42,199,17,199,弘
﻿17,199,42,199,42,221,17,221,郡
﻿17,221,42,221,42,242,17,242,公
﻿17,242,42,242,42,264,17,264,提
﻿17,264,42,264,42,285,17,285,督
﻿17,285,42,285,42,307,17,307,芳
﻿17,307,42,307,42,328,17,328,岩
﻿17,328,42,328,42,350,17,350,󰞌
﻿17,350,42,350,42,371,17,371,陶
﻿17,371,42,371,42,393,17,393,光
﻿17,393,42,393,42,415,17,415,廣
