244,27,267,27,267,48,244,48,奉
﻿244,48,267,48,267,69,244,69,差
﻿244,69,267,69,267,90,244,90,統
﻿244,90,267,90,267,112,244,112,率
﻿244,112,267,112,267,133,244,133,分
﻿244,133,267,133,267,154,244,154,守
﻿244,154,267,154,267,175,244,175,要
﻿244,175,267,175,267,197,244,197,道
﻿244,197,267,197,267,218,244,218,有
﻿244,218,267,218,267,239,244,239,功
﻿244,239,267,239,267,261,244,261,陞
﻿244,261,267,261,267,282,244,282,鄭
﻿244,282,267,282,267,303,244,303,棟
﻿244,303,267,303,267,324,244,324,爲
﻿244,324,267,324,267,346,244,346,太
﻿244,346,267,346,267,367,244,367,傅
﻿244,367,267,367,267,388,244,388,鄭
﻿244,388,267,388,267,410,244,410,榩
﻿214,27,236,27,236,49,214,49,爲
﻿214,49,236,49,236,72,214,72,少
﻿214,72,236,72,236,94,214,94,尉
﻿214,94,236,94,236,117,214,117,六
﻿214,117,236,117,236,140,214,140,月
﻿214,140,236,140,236,162,214,162,加
﻿214,162,236,162,236,185,214,185,户
﻿214,185,236,185,236,208,214,208,部
﻿214,208,236,208,236,230,214,230,尚
﻿214,230,236,230,236,253,214,253,書
﻿214,253,236,253,236,276,214,276,兼
﻿214,276,236,276,236,298,214,298,翰
﻿214,298,236,298,236,321,214,321,林
﻿214,321,236,321,236,344,214,344,院
﻿214,344,236,344,236,366,214,366,侍
﻿214,366,236,366,236,389,214,389,講
﻿214,389,236,389,236,412,214,412,掌
﻿183,27,208,27,208,48,183,48,翰
﻿183,48,208,48,208,69,183,69,林
﻿183,69,208,69,208,90,183,90,院
﻿183,90,208,90,208,111,183,111,事
﻿183,111,208,111,208,133,183,133,少
﻿183,133,208,133,208,154,183,154,保
﻿183,154,208,154,208,175,183,175,拔
﻿183,175,208,175,208,196,183,196,郡
﻿183,196,208,196,208,218,183,218,公
﻿183,218,208,218,208,239,183,239,楊
﻿183,239,208,239,208,260,183,260,致
﻿183,260,208,260,208,281,183,281,澤
﻿183,281,208,281,208,302,183,302,爲
﻿183,302,208,302,208,324,183,324,吏
﻿183,324,208,324,208,345,183,345,部
﻿183,345,208,345,208,366,183,366,尚
﻿183,366,208,366,208,387,183,387,書
﻿183,387,208,387,208,409,183,409,國
﻿154,29,176,29,176,51,154,51,老
﻿154,51,176,51,176,73,154,73,太
﻿154,73,176,73,176,95,154,95,保
﻿154,95,176,95,176,118,154,118,致
﻿154,118,176,118,176,140,154,140,仕
﻿154,140,176,140,176,162,154,162,命
﻿154,162,176,162,176,185,154,185,朝
﻿154,185,176,185,176,207,154,207,臣
﻿154,207,176,207,176,229,154,229,申
﻿154,229,176,229,176,251,154,251,制
﻿154,251,176,251,176,274,154,274,公
﻿154,274,176,274,176,296,154,296,位
﻿154,296,176,296,176,318,154,318,文
﻿154,318,176,318,176,341,154,341,武
﻿154,341,176,341,176,363,154,363,百
﻿154,363,176,363,176,385,154,385,官
﻿154,385,176,385,176,408,154,408,品
﻿122,30,146,30,146,52,122,52,服
﻿122,52,146,52,146,74,122,74,行
﻿122,74,146,74,146,96,122,96,儀
﻿122,96,146,96,146,119,122,119,噐
﻿122,119,146,119,146,141,122,141,用
﻿122,141,146,141,146,163,122,163,閏
﻿122,163,146,163,146,186,122,186,十
﻿122,186,146,186,146,208,122,208,月
﻿122,208,146,208,146,230,122,230,尚
﻿122,230,146,230,146,252,122,252,師
﻿122,252,146,252,146,275,122,275,西
﻿122,275,146,275,146,297,122,297,王
﻿122,297,146,297,146,319,122,319,以
﻿122,319,146,319,146,342,122,342,賊
﻿122,342,146,342,146,364,122,364,福
﻿122,364,146,364,146,386,122,386,頻
﻿122,386,146,386,146,409,122,409,雖
﻿91,31,115,31,115,52,91,52,散
﻿91,52,115,52,115,73,91,73,敗
﻿91,73,115,73,115,94,91,94,迯
﻿91,94,115,94,115,115,91,115,回
﻿91,115,115,115,115,136,91,136,尚
﻿91,136,115,136,115,157,91,157,未
﻿91,157,115,157,115,178,91,178,投
﻿91,178,115,178,115,199,91,199,降
﻿91,199,115,199,115,220,91,220,納
﻿91,220,115,220,115,241,91,241,欵
﻿91,241,115,241,115,262,91,262,乃
﻿91,262,115,262,115,283,91,283,親
﻿91,283,115,283,115,304,91,304,扶
﻿91,304,115,304,115,325,91,325,皇
﻿91,325,115,325,115,346,91,346,上
﻿91,346,115,346,115,367,91,367,大
﻿91,367,115,367,115,388,91,388,駕
﻿91,388,115,388,115,409,91,409,親
﻿60,32,82,32,82,52,60,52,征
﻿60,52,82,52,82,73,60,73,委
﻿60,73,82,73,82,94,60,94,節
﻿60,94,82,94,82,115,60,115,制
﻿60,115,82,115,82,136,60,136,太
﻿60,136,82,136,82,157,60,157,尉
﻿60,157,82,157,82,178,60,178,宜
﻿60,178,82,178,82,199,60,199,國
﻿60,199,82,199,82,220,60,220,公
﻿60,220,82,220,82,241,60,241,鄭
﻿60,241,82,241,82,262,60,262,根
﻿60,262,82,262,82,283,60,283,董
﻿60,283,82,283,82,304,60,304,兵
﻿60,304,82,304,82,325,60,325,直
﻿60,325,82,325,82,346,60,346,扺
﻿60,346,82,346,82,367,60,367,日
﻿60,367,82,367,82,388,60,388,麗
﻿60,388,82,388,82,409,60,409,海
﻿29,31,52,31,52,51,29,51,門
﻿29,51,52,51,52,72,29,72,差
﻿29,72,52,72,52,93,29,93,副
﻿29,93,52,93,52,114,29,114,将
﻿29,114,52,114,52,135,29,135,少
﻿29,135,52,135,52,156,29,156,尉
﻿29,156,52,156,52,177,29,177,陶
﻿29,177,52,177,52,198,29,198,光
﻿29,198,52,198,52,219,29,219,饒
﻿29,219,52,219,52,240,29,240,爲
﻿29,240,52,240,52,261,29,261,統
﻿29,261,52,261,52,282,29,282,率
﻿29,282,52,282,52,303,29,303,副
﻿29,303,52,303,52,324,29,324,将
﻿29,324,52,324,52,345,29,345,少
﻿29,345,52,345,52,366,29,366,尉
﻿29,366,52,366,52,387,29,387,黎
﻿29,387,52,387,52,408,29,408,時
﻿3,28,24,28,24,49,3,49,憲
﻿3,49,24,49,24,70,3,70,左
﻿3,70,24,70,24,91,3,91,都
﻿3,91,24,91,24,112,3,112,督
﻿3,112,24,112,24,133,3,133,黄
﻿3,133,24,133,24,155,3,155,義
﻿3,155,24,155,24,176,3,176,膠
﻿3,176,24,176,24,197,3,197,等
﻿3,197,24,197,24,218,3,218,並
﻿3,218,24,218,24,239,3,239,爲
﻿3,239,24,239,24,260,3,260,督
﻿3,260,24,260,24,282,3,282,率
﻿3,282,24,282,24,303,3,303,陪
﻿3,303,24,303,24,324,3,324,從
﻿3,324,24,324,24,345,3,345,黎
﻿3,345,24,345,24,366,3,366,仕
﻿3,366,24,366,24,387,3,387,澈
﻿3,387,24,387,24,409,3,409,鄭
