279,17,293,17,293,37,279,37,如
﻿279,37,293,37,293,57,279,57,海
﻿279,57,293,57,293,78,279,78,陵
﻿279,78,293,78,293,98,279,98,縣
﻿279,98,293,98,293,118,279,118,曰
﻿279,118,293,118,293,139,279,139,海
﻿266,17,278,17,278,37,266,37,陵
﻿266,37,278,37,278,58,266,58,王
﻿266,58,278,58,278,78,266,78,之
﻿266,78,278,78,278,99,266,99,類
﻿266,99,278,99,278,119,266,119,是
﻿266,119,278,119,278,140,266,140,也
﻿267,144,291,144,291,165,267,165,公
﻿267,165,291,165,291,186,267,186,則
﻿267,186,291,186,291,207,267,207,皇
﻿267,207,291,207,291,228,267,228,太
﻿267,228,291,228,291,249,267,249,子
﻿267,249,291,249,291,270,267,270,親
﻿267,270,291,270,291,292,267,292,王
﻿267,292,291,292,291,313,267,313,眾
﻿267,313,291,313,291,334,267,334,子
﻿267,334,291,334,291,355,267,355,受
﻿267,355,291,355,291,376,267,376,封
﻿267,376,291,376,291,397,267,397,以
﻿267,397,291,397,291,419,267,419,美
﻿237,16,262,16,262,36,237,36,字
﻿237,36,262,36,262,56,237,56,為
﻿237,56,262,56,262,77,237,77,號
﻿251,79,264,79,264,99,251,99,如
﻿251,99,264,99,264,120,251,120,肇
﻿251,120,264,120,264,140,251,140,康
﻿251,140,264,140,264,161,251,161,公
﻿237,80,250,80,250,100,237,100,之
﻿237,100,250,100,250,121,237,121,類
﻿237,121,250,121,250,141,237,141,是
﻿237,141,250,141,250,162,237,162,也
﻿237,164,264,164,264,185,237,185,侯
﻿237,185,264,185,264,206,237,206,則
﻿237,206,264,206,264,227,237,227,嗣
﻿237,227,264,227,264,249,237,249,親
﻿237,249,264,249,264,270,237,270,王
﻿237,270,264,270,264,291,237,291,公
﻿237,291,264,291,264,312,237,312,長
﻿237,312,264,312,264,334,237,334,子
﻿237,334,264,334,264,355,237,355,受
﻿237,355,264,355,264,376,237,376,封
﻿237,376,264,376,264,397,237,397,以
﻿237,397,264,397,264,419,237,419,美
﻿208,15,233,15,233,35,208,35,字
﻿208,35,233,35,233,55,208,55,為
﻿208,55,233,55,233,76,208,76,號
﻿220,78,235,78,235,99,220,99,如
﻿220,99,235,99,235,120,220,120,永
﻿220,120,235,120,235,141,220,141,建
﻿220,141,235,141,235,162,220,162,侯
﻿203,79,219,79,219,99,203,99,之
﻿203,99,219,99,219,120,203,120,類
﻿203,120,219,120,219,140,203,140,是
﻿203,140,219,140,219,161,203,161,也
﻿207,162,234,162,234,183,207,183,伯
﻿207,183,234,183,234,204,207,204,則
﻿207,204,234,204,234,226,207,226,皇
﻿207,226,234,226,234,247,207,247,太
﻿207,247,234,247,234,268,207,268,孫
﻿207,268,234,268,234,290,207,290,自
﻿207,290,234,290,234,311,207,311,親
﻿207,311,234,311,234,332,207,332,王
﻿207,332,234,332,234,354,207,354,公
﻿207,354,234,354,234,375,207,375,眾
﻿207,375,234,375,234,396,207,396,子
﻿207,396,234,396,234,418,207,418,親
﻿173,16,201,16,201,37,173,37,公
﻿173,37,201,37,201,58,173,58,主
﻿173,58,201,58,201,79,173,79,長
﻿173,79,201,79,201,101,173,101,子
﻿173,101,201,101,201,122,173,122,受
﻿173,122,201,122,201,143,173,143,封
﻿173,143,201,143,201,164,173,164,以
﻿173,164,201,164,201,186,173,186,美
﻿173,186,201,186,201,207,173,207,字
﻿173,207,201,207,201,228,173,228,為
﻿173,228,201,228,201,250,173,250,號
﻿186,255,201,255,201,273,186,273,如
﻿186,273,201,273,201,292,186,292,靖
﻿186,292,201,292,201,311,186,311,共
﻿186,311,201,311,201,330,186,330,伯
﻿169,253,185,253,185,272,169,272,之
﻿169,272,185,272,185,291,169,291,類
﻿169,291,185,291,185,310,169,310,是
﻿169,310,185,310,185,329,169,329,也
﻿174,334,199,334,199,354,174,354,子
﻿174,354,199,354,199,375,174,375,則
﻿174,375,199,375,199,395,174,395,視
﻿174,395,199,395,199,416,174,416,正
﻿142,16,168,16,168,37,142,37,一
﻿142,37,168,37,168,58,142,58,品
﻿142,58,168,58,168,79,142,79,親
﻿142,79,168,79,168,101,142,101,公
﻿142,101,168,101,168,122,142,122,主
﻿142,122,168,122,168,143,142,143,眾
﻿142,143,168,143,168,164,142,164,子
﻿142,164,168,164,168,186,142,186,侯
﻿142,186,168,186,168,207,142,207,伯
﻿142,207,168,207,168,228,142,228,長
﻿142,228,168,228,168,250,142,250,子
﻿142,250,168,250,168,271,142,271,受
﻿142,271,168,271,168,292,142,292,封
﻿142,292,168,292,168,313,142,313,以
﻿142,313,168,313,168,335,142,335,羙
﻿142,335,168,335,168,356,142,356,字
﻿142,356,168,356,168,377,142,377,為
﻿142,377,168,377,168,399,142,399,號
﻿154,402,169,402,169,418,154,418,如
﻿139,400,153,400,153,418,139,418,建
﻿124,13,137,13,137,32,124,32,昌
﻿124,32,137,32,137,51,124,51,子
﻿124,51,137,51,137,70,124,70,之
﻿108,13,123,13,123,32,108,32,類
﻿108,32,123,32,123,51,108,51,是
﻿108,51,123,51,123,71,108,71,也
﻿108,72,136,72,136,93,108,93,男
﻿108,93,136,93,136,115,108,115,則
﻿108,115,136,115,136,136,108,136,視
﻿108,136,136,136,136,158,108,158,從
﻿108,158,136,158,136,180,108,180,一
﻿108,180,136,180,136,201,108,201,品
﻿108,201,136,201,136,223,108,223,追
﻿108,223,136,223,136,245,108,245,贈
﻿108,245,136,245,136,266,108,266,親
﻿108,266,136,266,136,288,108,288,公
﻿108,288,136,288,136,309,108,309,主
﻿108,309,136,309,136,331,108,331,長
﻿108,331,136,331,136,353,108,353,子
﻿108,353,136,353,136,374,108,374,侯
﻿108,374,136,374,136,396,108,396,伯
﻿108,396,136,396,136,418,108,418,眾
﻿78,14,104,14,104,35,78,35,子
﻿78,35,104,35,104,56,78,56,受
﻿78,56,104,56,104,77,78,77,封
﻿78,77,104,77,104,98,78,98,以
﻿78,98,104,98,104,119,78,119,美
﻿78,119,104,119,104,140,78,140,字
﻿78,140,104,140,104,161,78,161,為
﻿78,161,104,161,104,183,78,183,號
﻿89,185,104,185,104,206,89,206,如
﻿89,206,104,206,104,227,89,227,廣
﻿89,227,104,227,104,249,89,249,澤
﻿74,186,88,186,88,207,74,207,男
﻿74,207,88,207,88,228,74,228,之
﻿74,228,88,228,88,249,74,249,類
﻿80,251,103,251,103,271,80,271,然
﻿80,271,103,271,103,292,80,292,皇
﻿80,292,103,292,103,313,80,313,宗
﻿80,313,103,313,103,334,80,334,其
﻿80,334,103,334,103,355,80,355,例
﻿80,355,103,355,103,376,80,376,有
﻿80,376,103,376,103,397,80,397,入
﻿80,397,103,397,103,418,80,418,自
﻿46,13,72,13,72,34,46,34,佐
﻿46,34,72,34,72,55,46,55,國
﻿46,55,72,55,72,77,46,77,使
﻿46,77,72,77,72,98,46,98,至
﻿46,98,72,98,72,120,46,120,敘
﻿46,120,72,120,72,141,46,141,恩
﻿46,141,72,141,72,162,46,162,使
﻿46,162,72,162,72,184,46,184,是
﻿46,184,72,184,72,205,46,205,也
﻿46,205,72,205,72,227,46,227,其
﻿46,227,72,227,72,248,46,248,次
﻿46,248,72,248,72,270,46,270,勳
﻿46,270,72,270,72,291,46,291,臣
﻿46,291,72,291,72,312,46,312,列
﻿46,312,72,312,72,334,46,334,爵
﻿46,334,72,334,72,355,46,355,非
﻿46,355,72,355,72,377,46,377,碩
﻿46,377,72,377,72,398,46,398,德
﻿46,398,72,398,72,420,46,420,元
﻿14,14,39,14,39,35,14,35,勳
﻿14,35,39,35,39,56,14,56,舊
﻿14,56,39,56,39,78,14,78,勞
﻿14,78,39,78,39,99,14,99,於
﻿14,99,39,99,39,121,14,121,國
﻿14,121,39,121,39,142,14,142,不
﻿14,142,39,142,39,163,14,163,可
﻿14,163,39,163,39,185,14,185,濫
﻿14,185,39,185,39,206,14,206,封
﻿14,206,39,206,39,228,14,228,如
﻿14,228,39,228,39,249,14,249,國
﻿14,249,39,249,39,271,14,271,公
﻿14,271,39,271,39,292,14,292,郡
﻿14,292,39,292,39,313,14,313,公
﻿14,313,39,313,39,335,14,335,以
﻿14,335,39,335,39,356,14,356,府
﻿14,356,39,356,39,378,14,378,縣
﻿14,378,39,378,39,399,14,399,為
﻿14,399,39,399,39,421,14,421,號
