239,62,258,62,258,83,239,83,寬
﻿248,84,262,84,262,100,248,100,稱
﻿248,100,262,100,262,116,248,116,阮
﻿236,84,247,84,247,101,236,101,太
﻿236,101,247,101,247,119,236,119,平
﻿237,121,259,121,259,140,237,140,據
﻿237,140,259,140,259,160,237,160,三
﻿237,160,259,160,259,180,237,180,帶
﻿237,180,259,180,259,199,237,199,吳
﻿237,199,259,199,259,219,237,219,日
﻿237,219,259,219,259,239,237,239,慶
﻿249,242,261,242,261,259,249,259,稱
﻿249,259,261,259,261,277,249,277,吳
﻿235,240,248,240,248,258,235,258,覧
﻿235,258,248,258,248,276,235,276,公
﻿237,280,260,280,260,299,237,299,據
﻿237,299,260,299,260,318,237,318,唐
﻿237,318,260,318,260,337,237,337,林
﻿247,344,261,344,261,360,247,360,一
﻿247,360,261,360,261,377,247,377,云
﻿247,377,261,377,261,394,247,394,據
﻿234,339,246,339,246,357,234,357,膠
﻿234,357,246,357,246,375,234,375,水
﻿235,396,259,396,259,417,235,417,杜
﻿235,417,259,417,259,438,235,438,景
﻿207,62,228,62,228,78,207,78,碩
﻿218,81,233,81,233,97,218,97,稱
﻿218,97,233,97,233,114,218,114,杜
﻿205,81,217,81,217,98,205,98,景
﻿205,98,217,98,217,116,205,116,公
﻿207,120,230,120,230,139,207,139,據
﻿207,139,230,139,230,159,207,159,杜
﻿207,159,230,159,230,179,207,179,洞
﻿207,179,230,179,230,199,207,199,江
﻿207,199,230,199,230,219,207,219,李
﻿207,219,230,219,230,239,207,239,圭
﻿218,240,231,240,231,259,218,259,稱
﻿218,259,231,259,231,279,218,279,李
﻿207,240,217,240,217,257,207,257,朗
﻿207,257,217,257,217,275,207,275,公
﻿207,280,230,280,230,299,207,299,據
﻿207,299,230,299,230,318,207,318,超
﻿207,318,230,318,230,338,207,338,類
﻿207,338,230,338,230,357,207,357,阮
﻿207,357,230,357,230,376,207,376,守
﻿207,376,230,376,230,396,207,396,捷
﻿218,399,232,399,232,417,218,417,稱
﻿218,417,232,417,232,435,218,435,阮
﻿205,399,217,399,217,416,205,416,令
﻿205,416,217,416,217,433,205,433,公
﻿177,62,202,62,202,82,177,82,據
﻿177,82,202,82,202,102,177,102,僊
﻿177,102,202,102,202,122,177,122,遊
﻿177,122,202,122,202,142,177,142,吕
﻿177,142,202,142,202,162,177,162,唐
﻿190,164,202,164,202,181,190,181,稱
﻿190,181,202,181,202,198,190,198,吕
﻿178,164,189,164,189,179,178,179,佐
﻿178,179,189,179,189,195,178,195,公
﻿177,201,201,201,201,220,177,220,據
﻿177,220,201,220,201,239,177,239,細
﻿177,239,201,239,201,258,177,258,江
﻿177,258,201,258,201,277,177,277,阮
﻿177,277,201,277,201,296,177,296,超
﻿190,300,205,300,205,316,190,316,稱
﻿190,316,205,316,205,333,190,333,阮
﻿177,299,189,299,189,316,177,316,右
﻿177,316,189,316,189,333,177,333,公
﻿177,337,200,337,200,356,177,356,據
﻿177,356,200,356,200,376,177,376,西
﻿177,376,200,376,200,396,177,396,扶
﻿177,396,200,396,200,416,177,416,烈
﻿177,416,200,416,200,436,177,436,矯
﻿152,62,170,62,170,79,152,79,順
﻿162,80,174,80,174,97,162,97,稱
﻿162,97,174,97,174,115,162,115,矯
﻿147,81,161,81,161,98,147,98,令
﻿147,98,161,98,161,115,147,115,公
﻿149,118,170,118,170,138,149,138,據
﻿149,138,170,138,170,158,149,158,回
﻿149,158,170,158,170,178,149,178,湖
﻿161,180,175,180,175,199,161,199,今
﻿161,199,175,199,175,218,161,218,華
﻿161,218,175,218,175,237,161,237,溪
﻿161,237,175,237,175,256,161,256,縣
﻿161,256,175,256,175,275,161,275,陳
﻿161,275,175,275,175,294,161,294,舍
﻿161,294,175,294,175,314,161,314,社
﻿148,180,160,180,160,198,148,198,猶
﻿148,198,160,198,160,217,148,217,有
﻿148,217,160,217,160,236,148,236,城
﻿148,236,160,236,160,255,148,255,故
﻿148,255,160,255,160,274,148,274,址
﻿148,274,160,274,160,293,148,293,在
﻿152,316,173,316,173,336,152,336,范
﻿152,336,173,336,173,356,152,356,白
﻿152,356,173,356,173,377,152,377,虎
﻿161,378,174,378,174,394,161,394,稱
﻿161,394,174,394,174,410,161,410,范
﻿146,378,160,378,160,394,146,394,防
﻿146,394,160,394,160,410,146,410,遏
﻿149,414,174,414,174,436,149,436,據
﻿120,60,144,60,144,81,120,81,藤
﻿120,81,144,81,144,103,120,103,州
﻿120,103,144,103,144,124,120,124,陳
﻿120,124,144,124,144,146,120,146,覽
﻿133,145,145,145,145,162,133,162,稱
﻿133,162,145,162,145,179,133,179,陳
﻿121,147,132,147,132,162,121,162,明
﻿121,162,132,162,132,178,121,178,公
﻿121,181,145,181,145,200,121,200,據
﻿121,200,145,200,145,220,121,220,布
﻿121,220,145,220,145,240,121,240,海
﻿121,240,145,240,145,260,121,260,口
﻿121,260,145,260,145,279,121,279,號
﻿121,279,145,279,145,299,121,299,十
﻿121,299,145,299,145,319,121,319,二
﻿121,319,145,319,145,339,121,339,使
﻿121,339,145,339,145,359,121,359,君
﻿93,65,117,65,117,84,93,84,丁
﻿93,84,117,84,117,103,93,103,卯
﻿93,103,117,103,117,122,93,122,十
﻿93,122,117,122,117,141,93,141,七
﻿93,141,117,141,117,161,93,161,年
﻿103,164,118,164,118,183,103,183,宋
﻿103,183,118,183,118,202,103,202,乾
﻿103,202,118,202,118,221,103,221,德
﻿103,221,118,221,118,241,103,241,五
﻿92,167,102,167,102,184,92,184,年
﻿92,184,102,184,102,202,92,202,時
﻿94,242,118,242,118,261,94,261,海
﻿94,261,118,261,118,281,94,281,内
﻿94,281,118,281,118,301,94,301,無
﻿94,301,118,301,118,320,94,320,主
﻿94,320,118,320,118,340,94,340,十
﻿94,340,118,340,118,360,94,360,二
﻿94,360,118,360,118,379,94,379,使
﻿94,379,118,379,118,399,94,399,君
﻿94,399,118,399,118,419,94,419,爭
﻿94,419,118,419,118,439,94,439,長
﻿65,61,88,61,88,80,65,80,莫
﻿65,80,88,80,88,100,65,100,䏻
﻿65,100,88,100,88,120,65,120,相
﻿65,120,88,120,88,140,65,140,統
﻿65,140,88,140,88,160,65,160,丁
﻿65,160,88,160,88,180,65,180,部
﻿65,180,88,180,88,200,65,200,領
﻿65,200,88,200,88,220,65,220,聞
﻿65,220,88,220,88,240,65,240,陳
﻿65,240,88,240,88,260,65,260,明
﻿65,260,88,260,88,280,65,280,公
﻿65,280,88,280,88,300,65,300,有
﻿65,300,88,300,88,320,65,320,德
﻿65,320,88,320,88,340,65,340,而
﻿65,340,88,340,88,360,65,360,無
﻿65,360,88,360,88,380,65,380,嗣
﻿65,380,88,380,88,400,65,400,乃
﻿65,400,88,400,88,420,65,420,與
﻿65,420,88,420,88,440,65,440,其
﻿35,63,61,63,61,82,35,82,子
﻿35,82,61,82,61,102,35,102,璉
﻿35,102,61,102,61,122,35,122,往
﻿35,122,61,122,61,142,35,142,依
﻿35,142,61,142,61,161,35,161,之
﻿35,161,61,161,61,181,35,181,明
﻿35,181,61,181,61,201,35,201,公
﻿35,201,61,201,61,221,35,221,見
﻿35,221,61,221,61,241,35,241,其
﻿35,241,61,241,61,260,35,260,形
﻿35,260,61,260,61,280,35,280,貌
﻿35,280,61,280,61,300,35,300,魁
﻿35,300,61,300,61,320,35,320,奇
﻿35,320,61,320,61,340,35,340,又
﻿35,340,61,340,61,359,35,359,有
﻿35,359,61,359,61,379,35,379,噐
﻿35,379,61,379,61,399,35,399,量
﻿35,399,61,399,61,419,35,419,因
﻿35,419,61,419,61,439,35,439,養
﻿10,63,34,63,34,82,10,82,為
﻿10,82,34,82,34,102,10,102,己
﻿10,102,34,102,34,121,10,121,子
﻿10,121,34,121,34,141,10,141,愛
﻿10,141,34,141,34,161,10,161,遇
﻿10,161,34,161,34,180,10,180,之
﻿10,180,34,180,34,200,10,200,恩
﻿10,200,34,200,34,220,10,220,日
﻿10,220,34,220,34,239,10,239,益
﻿10,239,34,239,34,259,10,259,隆
﻿10,259,34,259,34,278,10,278,厚
﻿10,278,34,278,34,298,10,298,因
﻿10,298,34,298,34,318,10,318,授
﻿10,318,34,318,34,337,10,337,領
﻿10,337,34,337,34,357,10,357,兵
﻿10,357,34,357,34,377,10,377,使
﻿10,377,34,377,34,396,10,396,攻
﻿10,396,34,396,34,416,10,416,羣
﻿10,416,34,416,34,436,10,436,䧺
