250,10,276,10,276,31,250,31,舌
﻿250,31,276,31,276,52,250,52,所
﻿250,52,276,52,276,73,250,73,管
﻿250,73,276,73,276,94,250,94,以
﻿250,94,276,94,276,115,250,115,舌
﻿250,115,276,115,276,136,250,136,子
﻿250,136,276,136,276,157,250,157,伯
﻿250,157,276,157,276,178,250,178,達
﻿250,178,276,178,276,199,250,199,白
﻿250,199,276,199,276,221,250,221,日
﻿250,221,276,221,276,242,250,242,馳
﻿250,242,276,242,276,263,250,263,馬
﻿250,263,276,263,276,284,250,284,街
﻿250,284,276,284,276,305,250,305,市
﻿250,305,276,305,276,326,250,326,縱
﻿250,326,276,326,276,347,250,347,奴
﻿250,347,276,347,276,368,250,368,敺
﻿250,368,276,368,276,389,250,389,人
﻿250,389,276,389,276,411,250,411,故
﻿217,11,243,11,243,33,217,33,也
﻿217,33,243,33,243,55,217,55,以
﻿217,55,243,55,243,77,217,77,户
﻿217,77,243,77,243,100,217,100,部
﻿217,100,243,100,243,122,217,122,尚
﻿217,122,243,122,243,144,217,144,書
﻿217,144,243,144,243,166,217,166,兼
﻿217,166,243,166,243,189,217,189,宫
﻿217,189,243,189,243,211,217,211,師
﻿217,211,243,211,243,233,217,233,府
﻿217,233,243,233,243,256,217,256,太
﻿217,256,243,256,243,278,217,278,子
﻿217,278,243,278,243,300,217,300,賓
﻿217,300,243,300,243,322,217,322,客
﻿217,322,243,322,243,345,217,345,陳
﻿217,345,243,345,243,367,217,367,封
﻿217,367,243,367,243,389,217,389,為
﻿217,389,243,389,243,412,217,412,刑
﻿186,10,212,10,212,31,186,31,部
﻿186,31,212,31,212,52,186,52,尚
﻿186,52,212,52,212,73,186,73,書
﻿186,73,212,73,212,94,186,94,兼
﻿186,94,212,94,212,116,186,116,太
﻿186,116,212,116,212,137,186,137,子
﻿186,137,212,137,212,158,186,158,賓
﻿186,158,212,158,212,179,186,179,客
﻿186,179,212,179,212,200,186,200,吏
﻿186,200,212,200,212,222,186,222,部
﻿186,222,212,222,212,243,186,243,尚
﻿186,243,212,243,212,264,186,264,書
﻿186,264,212,264,212,285,186,285,范
﻿186,285,212,285,212,306,186,306,文
﻿186,306,212,306,212,328,186,328,顯
﻿186,328,212,328,212,349,186,349,為
﻿186,349,212,349,212,370,186,370,中
﻿186,370,212,370,212,391,186,391,軍
﻿186,391,212,391,212,413,186,413,府
﻿152,11,181,11,181,32,152,32,都
﻿152,32,181,32,181,53,152,53,督
﻿152,53,181,53,181,74,152,74,同
﻿152,74,181,74,181,95,152,95,知
﻿152,95,181,95,181,117,152,117,禮
﻿152,117,181,117,181,138,152,138,部
﻿152,138,181,138,181,159,152,159,尚
﻿152,159,181,159,181,180,152,180,書
﻿152,180,181,180,181,201,152,201,兼
﻿152,201,181,201,181,223,152,223,太
﻿152,223,181,223,181,244,152,244,常
﻿152,244,181,244,181,265,152,265,寺
﻿152,265,181,265,181,286,152,286,卿
﻿152,286,181,286,181,307,152,307,黎
﻿152,307,181,307,181,329,152,329,弘
﻿152,329,181,329,181,350,152,350,欲
﻿152,350,181,350,181,371,152,371,爲
﻿152,371,181,371,181,392,152,392,西
﻿152,392,181,392,181,414,152,414,軍
﻿123,12,150,12,150,33,123,33,府
﻿123,33,150,33,150,54,123,54,都
﻿123,54,150,54,150,75,123,75,督
﻿123,75,150,75,150,96,123,96,同
﻿123,96,150,96,150,117,123,117,知
﻿123,117,150,117,150,138,123,138,工
﻿123,138,150,138,150,159,123,159,部
﻿123,159,150,159,150,180,123,180,尚
﻿123,180,150,180,150,201,123,201,書
﻿123,201,150,201,150,223,123,223,裴
﻿123,223,150,223,150,244,123,244,括
﻿123,244,150,244,150,265,123,265,為
﻿123,265,150,265,150,286,123,286,東
﻿123,286,150,286,150,307,123,307,軍
﻿123,307,150,307,150,328,123,328,府
﻿123,328,150,328,150,349,123,349,都
﻿123,349,150,349,150,370,123,370,督
﻿123,370,150,370,150,391,123,391,僉
﻿123,391,150,391,150,413,123,413,事
﻿94,12,120,12,120,33,94,33,刑
﻿94,33,120,33,120,54,94,54,部
﻿94,54,120,54,120,75,94,75,尚
﻿94,75,120,75,120,96,94,96,書
﻿94,96,120,96,120,118,94,118,范
﻿94,118,120,118,120,139,94,139,公
﻿94,139,120,139,120,160,94,160,毅
﻿94,160,120,160,120,181,94,181,为
﻿94,181,120,181,120,202,94,202,禮
﻿94,202,120,202,120,224,94,224,部
﻿94,224,120,224,120,245,94,245,尚
﻿94,245,120,245,120,266,94,266,書
﻿94,266,120,266,120,287,94,287,御
﻿94,287,120,287,120,308,94,308,史
﻿94,308,120,308,120,330,94,330,󰱑
﻿94,330,120,330,120,351,94,351,副
﻿94,351,120,351,120,372,94,372,都
﻿94,372,120,372,120,393,94,393,御
﻿94,393,120,393,120,415,94,415,史
﻿62,11,88,11,88,32,62,32,兼
﻿62,32,88,32,88,53,62,53,勤
﻿62,53,88,53,88,74,62,74,政
﻿62,74,88,74,88,95,62,95,殿
﻿62,95,88,95,88,117,62,117,奉
﻿62,117,88,117,88,138,62,138,侍
﻿62,138,88,138,88,159,62,159,經
﻿62,159,88,159,88,180,62,180,筵
﻿62,180,88,180,88,201,62,201,阮
﻿62,201,88,201,88,223,62,223,居
﻿62,223,88,223,88,244,62,244,道
﻿62,244,88,244,88,265,62,265,為
﻿62,265,88,265,88,286,62,286,御
﻿62,286,88,286,88,307,62,307,史
﻿62,307,88,307,88,329,62,329,󰱑
﻿62,329,88,329,88,350,62,350,都
﻿62,350,88,350,88,371,62,371,御
﻿62,371,88,371,88,392,62,392,史
﻿62,392,88,392,88,414,62,414,權
﻿32,13,58,13,58,34,32,34,户
﻿32,34,58,34,58,55,32,55,部
﻿32,55,58,55,58,76,32,76,尚
﻿32,76,58,76,58,97,32,97,書
﻿32,97,58,97,58,119,32,119,知
﻿32,119,58,119,58,140,32,140,經
﻿32,140,58,140,58,161,32,161,筵
﻿32,161,58,161,58,182,32,182,事
﻿32,182,58,182,58,203,32,203,天
﻿32,203,58,203,58,225,32,225,長
﻿32,225,58,225,58,246,32,246,承
﻿32,246,58,246,58,267,32,267,宣
﻿32,267,58,267,58,288,32,288,使
﻿32,288,58,288,58,309,32,309,范
﻿32,309,58,309,58,331,32,331,瑜
﻿32,331,58,331,58,352,32,352,爲
﻿32,352,58,352,58,373,32,373,宣
﻿32,373,58,373,58,394,32,394,慰
﻿32,394,58,394,58,416,32,416,大
﻿4,12,30,12,30,33,4,33,使
﻿4,33,30,33,30,54,4,54,權
﻿4,54,30,54,30,75,4,75,工
﻿4,75,30,75,30,96,4,96,部
﻿4,96,30,96,30,118,4,118,尚
﻿4,118,30,118,30,139,4,139,書
﻿4,139,30,139,30,160,4,160,御
﻿4,160,30,160,30,181,4,181,史
﻿4,181,30,181,30,202,4,202,󰱑
﻿4,202,30,202,30,224,4,224,副
﻿4,224,30,224,30,245,4,245,都
﻿4,245,30,245,30,266,4,266,御
﻿4,266,30,266,30,287,4,287,史
﻿4,287,30,287,30,308,4,308,陳
﻿4,308,30,308,30,330,4,330,鷟
﻿4,330,30,330,30,351,4,351,爲
﻿4,351,30,351,30,372,4,372,宫
﻿4,372,30,372,30,393,4,393,師
﻿4,393,30,393,30,415,4,415,府
