258,32,282,32,282,52,258,52,旌
﻿258,52,282,52,282,73,258,73,旗
﻿258,73,282,73,282,94,258,94,旌
﻿258,94,282,94,282,115,258,115,節
﻿258,115,282,115,282,136,258,136,幛
﻿258,136,282,136,282,157,258,157,扇
﻿258,157,282,157,282,177,258,177,五
﻿258,177,282,177,282,198,258,198,方
﻿258,198,282,198,282,219,258,219,盖
﻿258,219,282,219,282,240,258,240,駕
﻿258,240,282,240,282,261,258,261,馬
﻿258,261,282,261,282,282,258,282,隊
﻿258,282,282,282,282,302,258,302,伍
﻿258,302,282,302,282,323,258,323,皆
﻿258,323,282,323,282,344,258,344,有
﻿258,344,282,344,282,365,258,365,多
﻿258,365,282,365,282,386,258,386,少
﻿258,386,282,386,282,407,258,407,之
﻿228,32,251,32,251,52,228,52,數
﻿228,52,251,52,251,73,228,73,臣
﻿228,73,251,73,251,94,228,94,不
﻿228,94,251,94,251,115,228,115,勝
﻿228,115,251,115,251,136,228,136,尽
﻿228,136,251,136,251,157,228,157,錄
﻿228,157,251,157,251,177,228,177,書
﻿228,177,251,177,251,198,228,198,奏
﻿228,198,251,198,251,219,228,219,帝
﻿228,219,251,219,251,240,228,240,又
﻿228,240,251,240,251,261,228,261,命
﻿228,261,251,261,251,282,228,282,登
﻿228,282,251,282,251,302,228,302,定
﻿228,302,251,302,251,323,228,323,之
﻿228,323,251,323,251,344,228,344,登
﻿228,344,251,344,251,365,228,365,因
﻿228,365,251,365,251,386,228,386,進
﻿228,386,251,386,251,407,228,407,冠
﻿200,33,223,33,223,53,200,53,服
﻿200,53,223,53,223,74,200,74,制
﻿200,74,223,74,223,95,200,95,樂
﻿200,95,223,95,223,115,200,115,噐
﻿200,115,223,115,223,136,200,136,大
﻿200,136,223,136,223,157,200,157,抵
﻿200,157,223,157,223,178,200,178,登
﻿200,178,223,178,223,198,200,198,𭁈
﻿200,198,223,198,223,219,200,219,廌
﻿200,219,223,219,223,240,200,240,所
﻿200,240,223,240,223,260,200,260,定
﻿200,260,223,260,223,281,200,281,多
﻿200,281,223,281,223,302,200,302,不
﻿200,302,223,302,223,323,200,323,合
﻿200,323,223,323,223,343,200,343,其
﻿200,343,223,343,223,364,200,364,𬢱
﻿200,364,223,364,223,385,200,385,樂
﻿200,385,223,385,223,406,200,406,噐
﻿169,30,192,30,192,51,169,51,輕
﻿169,51,192,51,192,72,169,72,重
﻿169,72,192,72,192,93,169,93,大
﻿169,93,192,93,192,114,169,114,小
﻿169,114,192,114,192,135,169,135,多
﻿169,135,192,135,192,156,169,156,相
﻿169,156,192,156,192,177,169,177,違
﻿169,177,192,177,192,198,169,198,奏
﻿169,198,192,198,192,219,169,219,不
﻿169,219,192,219,192,240,169,240,同
﻿169,240,192,240,192,261,169,261,故
﻿169,261,192,261,192,282,169,282,廌
﻿169,282,192,282,192,303,169,303,辝
﻿169,303,192,303,192,324,169,324,其
﻿169,324,192,324,192,345,169,345,事
﻿169,345,192,345,192,366,169,366,帝
﻿169,366,192,366,192,387,169,387,從
﻿169,387,192,387,192,408,169,408,登
﻿140,29,163,29,163,51,140,51,議
﻿140,51,163,51,163,73,140,73,卒
﻿140,73,163,73,163,95,140,95,行
﻿140,95,163,95,163,117,140,117,之
﻿140,117,163,117,163,139,140,139,帝
﻿140,139,163,139,163,161,140,161,謁
﻿140,161,163,161,163,183,140,183,太
﻿140,183,163,183,163,205,140,205,廟
﻿140,205,163,205,163,228,140,228,罷
﻿140,228,163,228,163,250,140,250,倡
﻿140,250,163,250,163,272,140,272,優
﻿140,272,163,272,163,294,140,294,戲
﻿140,294,163,294,163,316,140,316,不
﻿140,316,163,316,163,338,140,338,奏
﻿140,338,163,338,163,360,140,360,滛
﻿140,360,163,360,163,382,140,382,樂
﻿140,382,163,382,163,405,140,405,命
﻿109,29,130,29,130,49,109,49,侍
﻿109,49,130,49,130,70,109,70,御
﻿109,70,130,70,130,91,109,91,史
﻿109,91,130,91,130,112,109,112,阮
﻿109,112,130,112,130,133,109,133,永
﻿109,133,130,133,130,154,109,154,錫
﻿109,154,130,154,130,175,109,175,復
﻿109,175,130,175,130,196,109,196,職
﻿109,196,130,196,130,217,109,217,時
﻿109,217,130,217,130,238,109,238,有
﻿109,238,130,238,130,259,109,259,同
﻿109,259,130,259,130,280,109,280,軍
﻿109,280,130,280,130,301,109,301,管
﻿109,301,130,301,130,322,109,322,領
﻿109,322,130,322,130,343,109,343,黎
﻿109,343,130,343,130,364,109,364,忠
﻿109,364,130,364,130,385,109,385,赤
﻿109,385,130,385,130,406,109,406,私
﻿79,32,102,32,102,52,79,52,役
﻿79,52,102,52,102,73,79,73,軍
﻿79,73,102,73,102,94,79,94,人
﻿79,94,102,94,102,115,79,115,及
﻿79,115,102,115,102,135,79,135,所
﻿79,135,102,135,102,156,79,156,行
﻿79,156,102,156,102,177,79,177,非
﻿79,177,102,177,102,198,79,198,違
﻿79,198,102,198,102,219,79,219,等
﻿79,219,102,219,102,239,79,239,事
﻿79,239,102,239,102,260,79,260,阮
﻿79,260,102,260,102,281,79,281,永
﻿79,281,102,281,102,302,79,302,錫
﻿79,302,102,302,102,322,79,322,劾
﻿79,322,102,322,102,343,79,343,奏
﻿79,343,102,343,102,364,79,364,當
﻿79,364,102,364,102,385,79,385,貶
﻿79,385,102,385,102,406,79,406,知
﻿46,34,71,34,71,54,46,54,詞
﻿46,54,71,54,71,75,46,75,訟
﻿46,75,71,75,71,96,46,96,鄭
﻿46,96,71,96,71,116,46,116,克
﻿46,116,71,116,71,137,46,137,復
﻿46,137,71,137,71,158,46,158,為
﻿46,158,71,158,71,178,46,178,忠
﻿46,178,71,178,71,199,46,199,赤
﻿46,199,71,199,71,220,46,220,營
﻿46,220,71,220,71,240,46,240,觧
﻿46,240,71,240,71,261,46,261,永
﻿46,261,71,261,71,282,46,282,錫
﻿46,282,71,282,71,302,46,302,乞
﻿46,302,71,302,71,323,46,323,併
﻿46,323,71,323,71,344,46,344,問
﻿46,344,71,344,71,364,46,364,之
﻿46,364,71,364,71,385,46,385,帝
﻿46,385,71,385,71,406,46,406,不
﻿15,32,39,32,39,53,15,53,許
﻿15,53,39,53,39,74,15,74,後
﻿15,74,39,74,39,95,15,95,日
﻿15,95,39,95,39,116,15,116,永
﻿15,116,39,116,39,137,15,137,錫
﻿15,137,39,137,39,158,15,158,上
﻿15,158,39,158,39,179,15,179,章
﻿15,179,39,179,39,200,15,200,辝
﻿15,200,39,200,39,221,15,221,職
﻿15,221,39,221,39,242,15,242,未
﻿15,242,39,242,39,263,15,263,得
﻿15,263,39,263,39,284,15,284,旨
﻿15,284,39,284,39,305,15,305,不
﻿15,305,39,305,39,326,15,326,肯
﻿15,326,39,326,39,347,15,347,就
﻿15,347,39,347,39,368,15,368,列
﻿15,368,39,368,39,389,15,389,丁
﻿15,389,39,389,39,410,15,410,景
