258,31,281,31,281,52,258,52,方
﻿258,52,281,52,281,73,258,73,諸
﻿258,73,281,73,281,95,258,95,軍
﻿258,95,281,95,281,116,258,116,被
﻿258,116,281,116,281,138,258,138,嵐
﻿258,138,281,138,281,159,258,159,瘴
﻿258,159,281,159,281,180,258,180,而
﻿258,180,281,180,281,202,258,202,回
﻿258,202,281,202,281,223,258,223,士
﻿258,223,281,223,281,245,258,245,馬
﻿258,245,281,245,281,266,258,266,多
﻿258,266,281,266,281,288,258,288,損
﻿230,32,252,32,252,53,230,53,秋
﻿230,53,252,53,252,74,230,74,八
﻿230,74,252,74,252,95,230,95,月
﻿230,95,252,95,252,116,230,116,天
﻿230,116,252,116,252,137,230,137,雨
﻿230,137,252,137,252,158,230,158,金
﻿230,158,252,158,252,179,230,179,形
﻿230,179,252,179,252,200,230,200,如
﻿230,200,252,200,252,222,230,222,黄
﻿230,222,252,222,252,243,230,243,米
﻿230,243,252,243,252,264,230,264,又
﻿230,264,252,264,252,285,230,285,雨
﻿230,285,252,285,252,306,230,306,米
﻿230,306,252,306,252,327,230,327,如
﻿230,327,252,327,252,348,230,348,黒
﻿230,348,252,348,252,369,230,369,米
﻿230,369,252,369,252,390,230,390,雨
﻿230,390,252,390,252,412,230,412,酒
﻿200,31,222,31,222,54,200,54,如
﻿200,54,222,54,222,77,200,77,甘
﻿200,77,222,77,222,100,200,100,酒
﻿169,34,192,34,192,55,169,55,九
﻿169,55,192,55,192,76,169,76,月
﻿169,76,192,76,192,97,169,97,時
﻿169,97,192,97,192,118,169,118,有
﻿169,118,192,118,192,139,169,139,白
﻿169,139,192,139,192,160,169,160,氣
﻿169,160,192,160,192,181,169,181,形
﻿169,181,192,181,192,202,169,202,如
﻿169,202,192,202,192,223,169,223,鉞
﻿169,223,192,223,192,244,169,244,直
﻿169,244,192,244,192,265,169,265,立
﻿169,265,192,265,192,286,169,286,每
﻿169,286,192,286,192,307,169,307,夜
﻿169,307,192,307,192,328,169,328,五
﻿169,328,192,328,192,349,169,349,更
﻿169,349,192,349,192,370,169,370,常
﻿169,370,192,370,192,391,169,391,見
﻿169,391,192,391,192,412,169,412,在
﻿138,31,164,31,164,52,138,52,東
﻿138,52,164,52,164,73,138,73,南
﻿138,73,164,73,164,95,138,95,方
﻿138,95,164,95,164,116,138,116,經
﻿138,116,164,116,164,138,138,138,是
﻿138,138,164,138,164,159,138,159,月
﻿138,159,164,159,164,180,138,180,下
﻿138,180,164,180,164,202,138,202,旬
﻿138,202,164,202,164,223,138,223,至
﻿138,223,164,223,164,245,138,245,十
﻿138,245,164,245,164,266,138,266,月
﻿138,266,164,266,164,287,138,287,上
﻿138,287,164,287,164,309,138,309,旬
﻿138,309,164,309,164,330,138,330,始
﻿138,330,164,330,164,352,138,352,滅
﻿108,31,131,31,131,52,108,52,冬
﻿108,52,131,52,131,73,108,73,十
﻿108,73,131,73,131,94,108,94,月
﻿108,94,131,94,131,115,108,115,四
﻿108,115,131,115,131,136,108,136,日
﻿108,136,131,136,131,157,108,157,吏
﻿108,157,131,157,131,178,108,178,部
﻿108,178,131,178,131,199,108,199,左
﻿108,199,131,199,131,220,108,220,侍
﻿108,220,131,220,131,241,108,241,郎
﻿108,241,131,241,131,262,108,262,富
﻿108,262,131,262,131,283,108,283,春
﻿108,283,131,283,131,304,108,304,侯
﻿108,304,131,304,131,325,108,325,吳
﻿108,325,131,325,131,346,108,346,致
﻿108,346,131,346,131,367,108,367,和
﻿108,367,131,367,131,388,108,388,户
﻿108,388,131,388,131,410,108,410,部
﻿77,33,100,33,100,52,77,52,左
﻿77,52,100,52,100,72,77,72,侍
﻿77,72,100,72,100,92,77,92,郎
﻿77,92,100,92,100,112,77,112,衍
﻿77,112,100,112,100,132,77,132,嘉
﻿77,132,100,132,100,152,77,152,侯
﻿77,152,100,152,100,172,77,172,黎
﻿77,172,100,172,100,192,77,192,弼
﻿77,192,100,192,100,212,77,212,四
﻿77,212,100,212,100,232,77,232,與
﻿77,232,100,232,100,252,77,252,范
﻿77,252,100,252,100,272,77,272,珍
﻿77,272,100,272,100,292,77,292,等
﻿77,292,100,292,100,312,77,312,啓
﻿77,312,100,312,100,332,77,332,言
﻿77,332,100,332,100,352,77,352,于
﻿77,352,100,352,100,372,77,372,平
﻿77,372,100,372,100,392,77,392,安
﻿77,392,100,392,100,412,77,412,王
﻿43,36,69,36,69,56,43,56,曰
﻿43,56,69,56,69,77,43,77,窃
﻿43,77,69,77,69,98,43,98,見
﻿43,98,69,98,69,119,43,119,本
﻿43,119,69,119,69,140,43,140,年
﻿43,140,69,140,69,161,43,161,九
﻿43,161,69,161,69,182,43,182,月
﻿43,182,69,182,69,203,43,203,下
﻿43,203,69,203,69,224,43,224,旬
﻿43,224,69,224,69,244,43,244,有
﻿43,244,69,244,69,265,43,265,異
﻿43,265,69,265,69,286,43,286,星
﻿43,286,69,286,69,307,43,307,寅
﻿43,307,69,307,69,328,43,328,刻
﻿43,328,69,328,69,349,43,349,見
﻿43,349,69,349,69,370,43,370,于
﻿43,370,69,370,69,391,43,391,南
﻿43,391,69,391,69,412,43,412,方
﻿14,32,38,32,38,53,14,53,長
﻿14,53,38,53,38,74,14,74,一
﻿14,74,38,74,38,95,14,95,丈
﻿14,95,38,95,38,116,14,116,餘
﻿14,116,38,116,38,137,14,137,又
﻿14,137,38,137,38,158,14,158,有
﻿14,158,38,158,38,179,14,179,雷
﻿14,179,38,179,38,200,14,200,動
﻿14,200,38,200,38,222,14,222,非
﻿14,222,38,222,38,243,14,243,時
﻿14,243,38,243,38,264,14,264,前
﻿14,264,38,264,38,285,14,285,月
﻿14,285,38,285,38,306,14,306,又
﻿14,306,38,306,38,327,14,327,有
﻿14,327,38,327,38,348,14,348,雨
﻿14,348,38,348,38,369,14,369,黒
﻿14,369,38,369,38,390,14,390,米
﻿14,390,38,390,38,412,14,412,雨
