264,23,281,23,281,44,264,44,走
﻿264,44,281,44,281,65,264,65,三
﻿264,65,281,65,281,86,264,86,日
﻿264,86,281,86,281,107,264,107,夜
﻿264,107,281,107,281,128,264,128,至
﻿264,128,281,128,281,149,264,149,上
﻿264,149,281,149,281,170,264,170,思
﻿264,170,281,170,281,191,264,191,山
﻿264,191,281,191,281,212,264,212,為
﻿264,212,281,212,281,233,264,233,賊
﻿264,233,281,233,281,254,264,254,所
﻿264,254,281,254,281,275,264,275,󰱐
﻿264,275,281,275,281,296,264,296,公
﻿264,296,281,296,281,317,264,317,象
﻿264,317,281,317,281,338,264,338,一
﻿264,338,281,338,281,359,264,359,隻
﻿264,359,281,359,281,380,264,380,而
﻿264,380,281,380,281,402,264,402,世
﻿231,27,258,27,258,48,231,48,貴
﻿231,48,258,48,258,69,231,69,兄
﻿231,69,258,69,258,90,231,90,弟
﻿231,90,258,90,258,111,231,111,多
﻿231,111,258,111,258,132,231,132,𢃄
﻿231,132,258,132,258,153,231,153,鎗
﻿231,153,258,153,258,174,231,174,僅
﻿231,174,258,174,258,195,231,195,脱
﻿231,195,258,195,258,216,231,216,身
﻿231,216,258,216,258,237,231,237,走
﻿231,237,258,237,258,258,231,258,鄭
﻿231,258,258,258,258,279,231,279,杜
﻿231,279,258,279,258,300,231,300,見
﻿231,300,258,300,258,321,231,321,戦
﻿231,321,258,321,258,342,231,342,不
﻿231,342,258,342,258,363,231,363,利
﻿231,363,258,363,258,384,231,384,遂
﻿231,384,258,384,258,405,231,405,議
﻿206,26,225,26,225,48,206,48,還
﻿206,48,225,48,225,71,206,71,兵
﻿206,71,225,71,225,94,206,94,朝
﻿206,94,225,94,225,117,206,117,廷
﻿206,117,225,117,225,140,206,140,論
﻿206,140,225,140,225,163,206,163,削
﻿206,163,225,163,225,185,206,185,世
﻿206,185,225,185,225,208,206,208,貴
﻿206,208,225,208,225,231,206,231,兵
﻿206,231,225,231,225,254,206,254,權
﻿206,254,225,254,225,277,206,277,滛
﻿206,277,225,277,225,300,206,300,雨
﻿170,26,194,26,194,47,170,47,十
﻿170,47,194,47,194,68,170,68,二
﻿170,68,194,68,194,89,170,89,月
﻿170,89,194,89,194,110,170,110,三
﻿170,110,194,110,194,131,170,131,日
﻿170,131,194,131,194,152,170,152,令
﻿170,152,194,152,194,173,170,173,絞
﻿170,173,194,173,194,194,170,194,莫
﻿170,194,194,194,194,215,170,215,敬
﻿170,215,194,215,194,236,170,236,恭
﻿170,236,194,236,194,257,170,257,第
﻿170,257,194,257,194,278,170,278,二
﻿170,278,194,278,194,299,170,299,男
﻿170,299,194,299,194,320,170,320,于
﻿170,320,194,320,194,341,170,341,東
﻿170,341,194,341,194,362,170,362,門
﻿170,362,194,362,194,383,170,383,之
﻿170,383,194,383,194,405,170,405,右
﻿142,29,164,29,164,51,142,51,初
﻿142,51,164,51,164,73,142,73,六
﻿142,73,164,73,164,96,142,96,日
﻿142,96,164,96,164,118,142,118,節
﻿142,118,164,118,164,140,142,140,制
﻿142,140,164,140,164,163,142,163,鄭
﻿142,163,164,163,164,185,142,185,松
﻿142,185,164,185,164,207,142,207,差
﻿142,207,164,207,164,230,142,230,候
﻿142,230,164,230,164,252,142,252,命
﻿142,252,164,252,164,274,142,274,官
﻿142,274,164,274,164,297,142,297,杜
﻿142,297,164,297,164,319,142,319,汪
﻿142,319,164,319,164,341,142,341,等
﻿142,341,164,341,164,364,142,364,先
﻿142,364,164,364,164,386,142,386,僃
﻿142,386,164,386,164,409,142,409,󰀩
﻿109,28,134,28,134,49,109,49,註
﻿109,49,134,49,134,70,109,70,禮
﻿109,70,134,70,134,91,109,91,物
﻿109,91,134,91,134,112,109,112,至
﻿109,112,134,112,134,133,109,133,鎮
﻿109,133,134,133,134,154,109,154,南
﻿109,154,134,154,134,175,109,175,交
﻿109,175,134,175,134,196,109,196,䦕
﻿109,196,134,196,134,217,109,217,迎
﻿109,217,134,217,134,238,109,238,接
﻿109,238,134,238,134,259,109,259,北
﻿109,259,134,259,134,280,109,280,使
﻿109,280,134,280,134,301,109,301,先
﻿109,301,134,301,134,322,109,322,是
﻿109,322,134,322,134,343,109,343,使
﻿109,343,134,343,134,364,109,364,臣
﻿109,364,134,364,134,385,109,385,馮
﻿109,385,134,385,134,407,109,407,克
﻿79,28,103,28,103,49,79,49,寬
﻿79,49,103,49,103,70,79,70,等
﻿79,70,103,70,103,91,79,91,賫
﻿79,91,103,91,103,112,79,112,貢
﻿79,112,103,112,103,133,79,133,物
﻿79,133,103,133,103,154,79,154,及
﻿79,154,103,154,103,175,79,175,代
﻿79,175,103,175,103,196,79,196,身
﻿79,196,103,196,103,217,79,217,金
﻿79,217,103,217,103,238,79,238,人
﻿79,238,103,238,103,259,79,259,沉
﻿79,259,103,259,103,280,79,280,香
﻿79,280,103,280,103,301,79,301,象
﻿79,301,103,301,103,322,79,322,牙
﻿79,322,103,322,103,343,79,343,至
﻿79,343,103,343,103,364,79,364,燕
﻿79,364,103,364,103,385,79,385,京
﻿79,385,103,385,103,407,79,407,上
﻿49,31,70,31,70,51,49,51,表
﻿49,51,70,51,70,72,49,72,乞
﻿49,72,70,72,70,93,49,93,脩
﻿49,93,70,93,70,114,49,114,職
﻿49,114,70,114,70,135,49,135,貢
﻿49,135,70,135,70,156,49,156,明
﻿49,156,70,156,70,177,49,177,帝
﻿49,177,70,177,70,198,49,198,見
﻿49,198,70,198,70,219,49,219,表
﻿49,219,70,219,70,240,49,240,大
﻿49,240,70,240,70,261,49,261,悅
﻿49,261,70,261,70,282,49,282,復
﻿49,282,70,282,70,303,49,303,詔
﻿49,303,70,303,70,324,49,324,封
﻿49,324,70,324,70,345,49,345,帝
﻿49,345,70,345,70,366,49,366,為
﻿49,366,70,366,70,387,49,387,安
﻿49,387,70,387,70,408,49,408,南
﻿16,29,40,29,40,50,16,50,都
﻿16,50,40,50,40,71,16,71,統
﻿16,71,40,71,40,92,16,92,使
﻿16,92,40,92,40,113,16,113,司
﻿16,113,40,113,40,134,16,134,都
﻿16,134,40,134,40,155,16,155,統
﻿16,155,40,155,40,176,16,176,使
﻿16,176,40,176,40,197,16,197,𬋩
﻿16,197,40,197,40,218,16,218,轄
﻿16,218,40,218,40,239,16,239,南
﻿16,239,40,239,40,260,16,260,國
﻿16,260,40,260,40,281,16,281,土
﻿16,281,40,281,40,302,16,302,地
﻿16,302,40,302,40,323,16,323,人
﻿16,323,40,323,40,344,16,344,民
﻿16,344,40,344,40,365,16,365,及
﻿16,365,40,365,40,386,16,386,賜
﻿16,386,40,386,40,407,16,407,安
