245,62,268,62,268,82,245,82,初
﻿245,82,268,82,268,103,245,103,未
﻿245,103,268,103,268,123,245,123,䏻
﻿245,123,268,123,268,144,245,144,輕
﻿245,144,268,144,268,164,245,164,徭
﻿245,164,268,164,268,185,245,185,薄
﻿245,185,268,185,268,205,245,205,賦
﻿245,205,268,205,268,226,245,226,事
﻿245,226,268,226,268,246,245,246,有
﻿245,246,268,246,268,267,245,267,不
﻿245,267,268,267,268,287,245,287,便
﻿245,287,268,287,268,308,245,308,於
﻿245,308,268,308,268,328,245,328,民
﻿245,328,268,328,268,349,245,349,󰊹
﻿245,349,268,349,268,369,245,369,將
﻿245,369,268,369,268,390,245,390,輔
﻿245,390,268,390,268,410,245,410,國
﻿245,410,268,410,268,431,245,431,大
﻿216,64,238,64,238,84,216,84,臣
﻿216,84,238,84,238,104,216,104,爕
﻿216,104,238,104,238,125,216,125,理
﻿216,125,238,125,238,145,216,145,失
﻿216,145,238,145,238,166,216,166,宜
﻿216,166,238,166,238,186,216,186,隂
﻿216,186,238,186,238,207,216,207,陽
﻿216,207,238,207,238,227,216,227,乖
﻿216,227,238,227,238,248,216,248,和
﻿216,248,238,248,238,268,216,268,而
﻿216,268,238,268,238,288,216,288,致
﻿216,288,238,288,238,309,216,309,然
﻿216,309,238,309,238,329,216,329,󰊹
﻿216,329,238,329,238,350,216,350,將
﻿216,350,238,350,238,370,216,370,獄
﻿216,370,238,370,238,391,216,391,訟
﻿216,391,238,391,238,411,216,411,七
﻿216,411,238,411,238,432,216,432,當
﻿185,63,209,63,209,83,185,83,賄
﻿185,83,209,83,209,103,185,103,賂
﻿185,103,209,103,209,124,185,124,公
﻿185,124,209,124,209,144,185,144,行
﻿185,144,209,144,209,165,185,165,刑
﻿185,165,209,165,209,185,185,185,多
﻿185,185,209,185,209,206,185,206,寬
﻿185,206,209,206,209,226,185,226,濫
﻿185,226,209,226,209,247,185,247,而
﻿185,247,209,247,209,267,185,267,𦤶
﻿185,267,209,267,209,287,185,287,然
﻿185,287,209,287,209,308,185,308,󰊹
﻿185,308,209,308,209,328,185,328,將
﻿185,328,209,328,209,349,185,349,守
﻿185,349,209,349,209,369,185,369,令
﻿185,369,209,369,209,390,185,390,未
﻿185,390,209,390,209,410,185,410,得
﻿185,410,209,410,209,431,185,431,其
﻿155,64,177,64,177,84,155,84,人
﻿155,84,177,84,177,104,155,104,率
﻿155,104,177,104,177,124,155,124,行
﻿155,124,177,124,177,145,155,145,非
﻿155,145,177,145,177,165,155,165,法
﻿155,165,177,165,177,185,155,185,擾
﻿155,185,177,185,177,205,155,205,害
﻿155,205,177,205,177,226,155,226,民
﻿155,226,177,226,177,246,155,246,間
﻿155,246,177,246,177,266,155,266,而
﻿155,266,177,266,177,287,155,287,致
﻿155,287,177,287,177,307,155,307,然
﻿155,307,177,307,177,327,155,327,󰊹
﻿155,327,177,327,177,347,155,347,將
﻿155,347,177,347,177,368,155,368,怨
﻿155,368,177,368,177,388,155,388,女
﻿155,388,177,388,177,408,155,408,未
﻿155,408,177,408,177,429,155,429,出
﻿126,64,148,64,148,84,126,84,有
﻿126,84,148,84,148,104,126,104,傷
﻿126,104,148,104,148,125,126,125,和
﻿126,125,148,125,148,145,126,145,氣
﻿126,145,148,145,148,165,126,165,而
﻿126,165,148,165,148,186,126,186,致
﻿126,186,148,186,148,206,126,206,然
﻿126,206,148,206,148,226,126,226,󰊹
﻿126,226,148,226,148,247,126,247,抑
﻿126,247,148,247,148,267,126,267,讒
﻿126,267,148,267,148,287,126,287,夫
﻿126,287,148,287,148,308,126,308,猾
﻿126,308,148,308,148,328,126,328,謀
﻿126,328,148,328,148,348,126,348,功
﻿126,348,148,348,148,369,126,369,臣
﻿126,369,148,369,148,389,126,389,受
﻿126,389,148,389,148,409,126,409,屈
﻿126,409,148,409,148,430,126,430,未
﻿97,65,118,65,118,85,97,85,能
﻿97,85,118,85,118,105,97,105,伸
﻿97,105,118,105,118,125,97,125,雪
﻿97,125,118,125,118,146,97,146,而
﻿97,146,118,146,118,166,97,166,致
﻿97,166,118,166,118,186,97,186,然
﻿97,186,118,186,118,206,97,206,󰊹
﻿97,206,118,206,118,227,97,227,將
﻿97,227,118,227,118,247,97,247,土
﻿97,247,118,247,118,267,97,267,木
﻿97,267,118,267,118,288,97,288,興
﻿97,288,118,288,118,308,97,308,而
﻿97,308,118,308,118,328,97,328,宫
﻿97,328,118,328,118,348,97,348,室
﻿97,348,118,348,118,369,97,369,崇
﻿97,369,118,369,118,389,97,389,󰊹
﻿97,389,118,389,118,409,97,409,小
﻿97,409,118,409,118,430,97,430,人
﻿64,65,88,65,88,85,64,85,進
﻿64,85,88,85,88,105,64,105,而
﻿64,105,88,105,88,125,64,125,君
﻿64,125,88,125,88,146,64,146,子
﻿64,146,88,146,88,166,64,166,退
﻿64,166,88,166,88,186,64,186,󰊹
﻿64,186,88,186,88,206,64,206,言
﻿64,206,88,206,88,227,64,227,路
﻿64,227,88,227,88,247,64,247,塞
﻿64,247,88,247,88,267,64,267,兒
﻿64,267,88,267,88,288,64,288,上
﻿64,288,88,288,88,308,64,308,澤
﻿64,308,88,308,88,328,64,328,壅
﻿64,328,88,328,88,348,64,348,󰊹
﻿64,348,88,348,88,369,64,369,女
﻿64,369,88,369,88,389,64,389,謁
﻿64,389,88,389,88,409,64,409,行
﻿64,409,88,409,88,430,64,430,而
﻿38,68,59,68,59,88,38,88,私
﻿38,88,59,88,59,108,38,108,門
﻿38,108,59,108,59,128,38,128,啓
﻿38,128,59,128,59,148,38,148,󰊹
﻿38,148,59,148,59,168,38,168,其
﻿38,168,59,168,59,188,38,188,令
﻿38,188,59,188,59,208,38,208,有
﻿38,208,59,208,59,228,38,228,司
﻿38,228,59,228,59,248,38,248,軍
﻿38,248,59,248,59,268,38,268,人
﻿38,268,59,268,59,288,38,288,等
﻿38,288,59,288,59,308,38,308,各
﻿38,308,59,308,59,328,38,328,盡
﻿38,328,59,328,59,348,38,348,乃
﻿38,348,59,348,59,368,38,368,心
﻿38,368,59,368,59,388,38,388,條
﻿38,388,59,388,59,408,38,408,其
﻿38,408,59,408,59,429,38,429,可
﻿11,67,32,67,32,87,11,87,以
﻿11,87,32,87,32,107,11,107,回
﻿11,107,32,107,32,127,11,127,天
﻿11,127,32,127,32,148,11,148,心
﻿11,148,32,148,32,168,11,168,弭
﻿11,168,32,168,32,188,11,188,災
﻿11,188,32,188,32,208,11,208,變
﻿11,208,32,208,32,229,11,229,者
﻿11,229,32,229,32,249,11,249,直
﻿11,249,32,249,32,269,11,269,言
﻿11,269,32,269,32,290,11,290,無
﻿11,290,32,290,32,310,11,310,隐
﻿11,310,32,310,32,330,11,330,以
﻿11,330,32,330,32,350,11,350,匡
﻿11,350,32,350,32,371,11,371,朕
﻿11,371,32,371,32,391,11,391,之
﻿11,391,32,391,32,411,11,411,不
﻿11,411,32,411,32,432,11,432,逮
