258,30,281,30,281,50,258,50,是
﻿258,50,281,50,281,71,258,71,省
﻿258,71,281,71,281,92,258,92,󰱑
﻿258,92,281,92,281,113,258,113,故
﻿258,113,281,113,281,134,258,134,事
﻿258,134,281,134,281,155,258,155,同
﻿258,155,281,155,281,176,258,176,平
﻿258,176,281,176,281,197,258,197,章
﻿258,197,281,197,281,218,258,218,以
﻿258,218,281,218,281,239,258,239,上
﻿258,239,281,239,281,260,258,260,得
﻿258,260,281,260,281,281,258,281,坐
﻿258,281,281,281,281,302,258,302,黑
﻿258,302,281,302,281,323,258,323,交
﻿258,323,281,323,281,344,258,344,椅
﻿258,344,281,344,281,365,258,365,時
﻿258,365,281,365,281,386,258,386,莊
﻿258,386,281,386,281,407,258,407,定
﻿230,28,254,28,254,49,230,49,大
﻿230,49,254,49,254,70,230,70,王
﻿230,70,254,70,254,91,230,91,𩖀
﻿230,91,254,91,254,112,230,112,為
﻿230,112,254,112,254,133,230,133,太
﻿230,133,254,133,254,154,230,154,尉
﻿230,154,254,154,254,175,230,175,黎
﻿230,175,254,175,254,196,230,196,季
﻿230,196,254,196,254,217,230,217,犛
﻿230,217,254,217,254,238,230,238,同
﻿230,238,254,238,254,259,230,259,平
﻿230,259,254,259,254,280,230,280,章
﻿230,280,254,280,254,301,230,301,事
﻿230,301,254,301,254,322,230,322,知
﻿230,322,254,322,254,343,230,343,審
﻿230,343,254,343,254,364,230,364,刑
﻿230,364,254,364,254,385,230,385,院
﻿230,385,254,385,254,406,230,406,黎
﻿201,30,225,30,225,50,201,50,亞
﻿201,50,225,50,225,71,201,71,夫
﻿201,71,225,71,225,92,201,92,既
﻿201,92,225,92,225,113,201,113,遣
﻿201,113,225,113,225,134,201,134,𩖀
﻿201,134,225,134,225,155,201,155,去
﻿201,155,225,155,225,176,201,176,黎
﻿201,176,225,176,225,197,201,197,季
﻿201,197,225,197,225,218,201,218,犛
﻿201,218,225,218,225,238,201,238,椅
﻿201,238,225,238,225,259,201,259,不
﻿201,259,225,259,225,280,201,280,許
﻿201,280,225,280,225,301,201,301,同
﻿201,301,225,301,225,322,201,322,坐
﻿201,322,225,322,225,343,201,343,又
﻿201,343,225,343,225,364,201,364,𡧸
﻿201,364,225,364,225,385,201,385,奏
﻿201,385,225,385,225,406,201,406,帝
﻿171,29,196,29,196,49,171,49,誅
﻿171,49,196,49,196,70,171,70,季
﻿171,70,196,70,196,91,171,91,犛
﻿171,91,196,91,196,112,171,112,謀
﻿171,112,196,112,196,133,171,133,泄
﻿171,133,196,133,196,154,171,154,致
﻿171,154,196,154,196,175,171,175,敗
﻿171,175,196,175,196,196,171,196,亞
﻿171,196,196,196,196,217,171,217,夫
﻿171,217,196,217,196,237,171,237,快
﻿171,237,196,237,196,258,171,258,雲
﻿171,258,196,258,196,279,171,279,兒
﻿171,279,196,279,196,300,171,300,訶
﻿171,300,196,300,196,321,171,321,八
﻿171,321,196,321,196,342,171,342,索
﻿171,342,196,342,196,363,171,363,勒
﻿171,363,196,363,196,384,171,384,及
﻿171,384,196,384,196,405,171,405,所
﻿141,28,165,28,165,48,141,48,幸
﻿141,48,165,48,165,69,141,69,學
﻿141,69,165,69,165,90,141,90,生
﻿141,90,165,90,165,111,141,111,劉
﻿141,111,165,111,165,132,141,132,常
﻿141,132,165,132,165,153,141,153,皆
﻿141,153,165,153,165,173,141,173,見
﻿141,173,165,173,165,194,141,194,殺
﻿141,194,165,194,165,215,141,215,劉
﻿141,215,165,215,165,236,141,236,常
﻿141,236,165,236,165,257,141,257,被
﻿141,257,165,257,165,278,141,278,刑
﻿141,278,165,278,165,298,141,298,作
﻿141,298,165,298,165,319,141,319,詩
﻿141,319,165,319,165,340,141,340,云
﻿141,340,165,340,165,361,141,361,殘
﻿141,361,165,361,165,382,141,382,年
﻿141,382,165,382,165,403,141,403,四
﻿110,34,135,34,135,54,110,54,十
﻿110,54,135,54,135,75,110,75,又
﻿110,75,135,75,135,96,110,96,餘
﻿110,96,135,96,135,116,110,116,三
﻿110,116,135,116,135,137,110,137,忠
﻿110,137,135,137,135,158,110,158,爱
﻿110,158,135,158,135,178,110,178,逢
﻿110,178,135,178,135,199,110,199,誅
﻿110,199,135,199,135,220,110,220,死
﻿110,220,135,220,135,240,110,240,正
﻿110,240,135,240,135,261,110,261,甘
﻿110,261,135,261,135,282,110,282,抱
﻿110,282,135,282,135,302,110,302,義
﻿110,302,135,302,135,323,110,323,生
﻿110,323,135,323,135,344,110,344,前
﻿110,344,135,344,135,364,110,364,應
﻿110,364,135,364,135,385,110,385,不
﻿110,385,135,385,135,406,110,406,忤
﻿79,29,104,29,104,49,79,49,暴
﻿79,49,104,49,104,70,79,70,詩
﻿79,70,104,70,104,91,79,91,原
﻿79,91,104,91,104,112,79,112,上
﻿79,112,104,112,104,133,79,133,更
﻿79,133,104,133,104,154,79,154,何
﻿79,154,104,154,104,175,79,175,慚
﻿79,175,104,175,104,196,79,196,惟
﻿79,196,104,196,104,217,79,217,與
﻿79,217,104,217,104,237,79,237,議
﻿79,237,104,237,104,258,79,258,流
﻿79,258,104,258,104,279,79,279,寨
﻿79,279,104,279,104,300,79,300,頭
﻿79,300,104,300,104,321,79,321,特
﻿79,321,104,321,104,342,79,342,與
﻿79,342,104,342,104,363,79,363,白
﻿79,363,104,363,104,384,79,384,再
﻿79,384,104,384,104,405,79,405,授
﻿50,28,77,28,77,48,50,48,北
﻿50,48,77,48,77,69,50,69,江
﻿50,69,77,69,77,90,50,90,路
﻿50,90,77,90,77,111,50,111,宣
﻿50,111,77,111,77,132,50,132,撫
﻿50,132,77,132,77,153,50,153,使
﻿50,153,77,153,77,173,50,173,建
﻿50,173,77,173,77,194,50,194,新
﻿50,194,77,194,77,215,50,215,二
﻿50,215,77,215,77,236,50,236,年
﻿50,236,77,236,77,257,50,257,又
﻿50,257,77,257,77,278,50,278,以
﻿50,278,77,278,77,298,50,298,黨
﻿50,298,77,298,77,319,50,319,死
﻿50,319,77,319,77,340,50,340,與
﻿50,340,77,340,77,361,50,361,議
﻿50,361,77,361,77,382,50,382,亞
﻿50,382,77,382,77,403,50,403,夫
﻿20,31,44,31,44,51,20,51,之
﻿20,51,44,51,44,72,20,72,堂
﻿20,72,44,72,44,93,20,93,兄
﻿20,93,44,93,44,114,20,114,也
﻿20,114,44,114,44,135,20,135,八
﻿20,135,44,135,44,156,20,156,索
﻿20,156,44,156,44,177,20,177,迯
﻿20,177,44,177,44,198,20,198,匿
﻿20,198,44,198,44,219,20,219,禁
﻿20,219,44,219,44,240,20,240,錮
﻿20,240,44,240,44,261,20,261,其
﻿20,261,44,261,44,282,20,282,母
﻿20,282,44,282,44,303,20,303,始
﻿20,303,44,303,44,324,20,324,出
﻿20,324,44,324,44,345,20,345,受
﻿20,345,44,345,44,366,20,366,刑
