256,13,281,13,281,36,256,36,門
﻿256,36,281,36,281,59,256,59,謝
﻿256,59,281,59,281,82,256,82,罪
﻿256,82,281,82,281,105,256,105,復
﻿256,105,281,105,281,128,256,128,請
﻿256,128,281,128,281,151,256,151,迎
﻿256,151,281,151,281,174,256,174,車
﻿256,174,281,174,281,197,256,197,駕
﻿256,197,281,197,281,220,256,220,帝
﻿256,220,281,220,281,243,256,243,愈
﻿256,243,281,243,281,266,256,266,疑
﻿256,266,281,266,281,289,256,289,之
﻿256,289,281,289,281,312,256,312,乃
﻿256,312,281,312,281,335,256,335,與
﻿256,335,281,335,281,358,256,358,太
﻿256,358,281,358,281,381,256,381,后
﻿256,381,281,381,281,405,256,405,及
﻿229,13,251,13,251,35,229,35,御
﻿229,35,251,35,251,58,229,58,女
﻿229,58,251,58,251,81,229,81,如
﻿229,81,251,81,251,104,229,104,諒
﻿229,104,251,104,251,127,229,127,州
﻿229,127,251,127,251,150,229,150,峙
﻿229,150,251,150,251,173,229,173,山
﻿229,173,251,173,251,196,229,196,嗣
﻿229,196,251,196,251,218,229,218,慶
﻿229,218,251,218,251,241,229,241,聞
﻿229,241,251,241,251,264,229,264,秉
﻿229,264,251,264,251,287,229,287,輿
﻿229,287,251,287,251,310,229,310,播
﻿229,310,251,310,251,333,229,333,遷
﻿229,333,251,333,251,356,229,356,御
﻿229,356,251,356,251,379,229,379,女
﻿229,379,251,379,251,402,229,402,久
﻿198,12,223,12,223,33,198,33,爲
﻿198,33,223,33,223,55,198,55,太
﻿198,55,223,55,223,77,198,77,后
﻿198,77,223,77,223,99,198,99,所
﻿198,99,223,99,223,120,198,120,苦
﻿198,120,223,120,223,142,198,142,復
﻿198,142,223,142,223,164,198,164,𭛁
﻿198,164,223,164,223,186,198,186,兵
﻿198,186,223,186,223,208,198,208,請
﻿198,208,223,208,223,229,198,229,迎
﻿198,229,223,229,223,251,198,251,如
﻿198,251,223,251,223,273,198,273,初
﻿198,273,223,273,223,295,198,295,帝
﻿198,295,223,295,223,316,198,316,爲
﻿198,316,223,316,223,338,198,338,之
﻿198,338,223,338,223,360,198,360,信
﻿198,360,223,360,223,382,198,382,復
﻿198,382,223,382,223,404,198,404,與
﻿168,13,193,13,193,35,168,35,太
﻿168,35,193,35,193,58,168,58,后
﻿168,58,193,58,193,81,168,81,及
﻿168,81,193,81,193,104,168,104,御
﻿168,104,193,104,193,127,168,127,女
﻿168,127,193,127,193,150,168,150,如
﻿168,150,193,150,193,173,168,173,兵
﻿168,173,193,173,193,196,168,196,合
﻿168,196,193,196,193,218,168,218,縣
﻿168,218,193,218,193,241,168,241,夏
﻿168,241,193,241,193,264,168,264,五
﻿168,264,193,264,193,287,168,287,月
﻿168,287,193,287,193,310,168,310,嗣
﻿168,310,193,310,193,333,168,333,慶
﻿168,333,193,333,193,356,168,356,擊
﻿168,356,193,356,193,379,168,379,丁
﻿168,379,193,379,193,402,168,402,可
﻿139,11,163,11,163,31,139,31,裴
﻿139,31,163,31,163,52,139,52,都
﻿139,52,163,52,163,73,139,73,於
﻿139,73,163,73,163,94,139,94,大
﻿139,94,163,94,163,115,139,115,黃
﻿139,115,163,115,163,136,139,136,州
﻿139,136,163,136,163,157,139,157,破
﻿139,157,163,157,163,178,139,178,之
﻿110,14,133,14,133,34,110,34,丙
﻿110,34,133,34,133,55,110,55,子
﻿110,55,133,55,133,75,110,75,六
﻿110,75,133,75,133,96,110,96,年
﻿121,97,134,97,134,113,121,113,宋
﻿121,113,134,113,134,129,121,129,嘉
﻿121,129,134,129,134,146,121,146,定
﻿108,98,120,98,120,117,108,117,九
﻿108,117,120,117,120,137,108,137,年
﻿109,147,135,147,135,166,109,166,春
﻿109,166,135,166,135,186,109,186,󰀋
﻿109,186,135,186,135,206,109,206,御
﻿109,206,135,206,135,226,109,226,女
﻿109,226,135,226,135,246,109,246,爲
﻿109,246,135,246,135,266,109,266,順
﻿109,266,135,266,135,286,109,286,貞
﻿109,286,135,286,135,306,109,306,夫
﻿109,306,135,306,135,326,109,326,人
﻿109,326,135,326,135,346,109,346,太
﻿109,346,135,346,135,366,109,366,后
﻿109,366,135,366,135,386,109,386,以
﻿109,386,135,386,135,406,109,406,陳
﻿78,13,104,13,104,33,78,33,嗣
﻿78,33,104,33,104,54,78,54,慶
﻿78,54,104,54,104,74,78,74,反
﻿78,74,104,74,104,95,78,95,側
﻿78,95,104,95,104,116,78,116,屢
﻿78,116,104,116,104,136,78,136,指
﻿78,136,104,136,104,157,78,157,夫
﻿78,157,104,157,104,178,78,178,人
﻿78,178,104,178,104,198,78,198,爲
﻿78,198,104,198,104,219,78,219,賊
﻿78,219,104,219,104,239,78,239,黨
﻿78,239,104,239,104,260,78,260,令
﻿78,260,104,260,104,281,78,281,帝
﻿78,281,104,281,104,301,78,301,斥
﻿78,301,104,301,104,322,78,322,去
﻿78,322,104,322,104,343,78,343,又
﻿78,343,104,343,104,363,78,363,使
﻿78,363,104,363,104,384,78,384,人
﻿78,384,104,384,104,405,78,405,語
﻿49,12,74,12,74,31,49,31,夫
﻿49,31,74,31,74,51,49,51,人
﻿49,51,74,51,74,70,49,70,令
﻿49,70,74,70,74,90,49,90,自
﻿49,90,74,90,74,110,49,110,引
﻿49,110,74,110,74,129,49,129,分
﻿49,129,74,129,74,149,49,149,帝
﻿49,149,74,149,74,169,49,169,知
﻿49,169,74,169,74,188,49,188,而
﻿49,188,74,188,74,208,49,208,止
﻿49,208,74,208,74,228,49,228,之
﻿49,228,74,228,74,247,49,247,太
﻿49,247,74,247,74,267,49,267,后
﻿49,267,74,267,74,287,49,287,加
﻿49,287,74,287,74,306,49,306,毒
﻿49,306,74,306,74,326,49,326,于
﻿49,326,74,326,74,346,49,346,夫
﻿49,346,74,346,74,365,49,365,人
﻿49,365,74,365,74,385,49,385,之
﻿49,385,74,385,74,405,49,405,飲
﻿16,13,43,13,43,33,16,33,食
﻿16,33,43,33,43,54,16,54,帝
﻿16,54,43,54,43,74,16,74,每
﻿16,74,43,74,43,95,16,95,食
﻿16,95,43,95,43,115,16,115,分
﻿16,115,43,115,43,136,16,136,其
﻿16,136,43,136,43,156,16,156,半
﻿16,156,43,156,43,177,16,177,賜
﻿16,177,43,177,43,197,16,197,夫
﻿16,197,43,197,43,218,16,218,人
﻿16,218,43,218,43,238,16,238,而
﻿16,238,43,238,43,259,16,259,不
﻿16,259,43,259,43,279,16,279,使
﻿16,279,43,279,43,300,16,300,離
﻿16,300,43,300,43,320,16,320,左
﻿16,320,43,320,43,341,16,341,右
﻿16,341,43,341,43,361,16,361,太
﻿16,361,43,361,43,382,16,382,后
﻿16,382,43,382,43,403,16,403,乃
