247,28,272,28,272,49,247,49,三
﻿247,49,272,49,272,70,247,70,司
﻿247,70,272,70,272,92,247,92,軍
﻿247,92,272,92,272,113,247,113,民
﻿247,113,272,113,272,135,247,135,海
﻿247,135,272,135,272,156,247,156,陽
﻿247,156,272,156,272,178,247,178,安
﻿247,178,272,178,272,199,247,199,󰘊
﻿247,199,272,199,272,221,247,221,道
﻿247,221,272,221,272,242,247,242,監
﻿247,242,272,242,272,263,247,263,察
﻿247,263,272,263,272,285,247,285,御
﻿247,285,272,285,272,306,247,306,史
﻿247,306,272,306,272,328,247,328,該
﻿247,328,272,328,272,349,247,349,知
﻿247,349,272,349,272,371,247,371,神
﻿247,371,272,371,272,392,247,392,臂
﻿247,392,272,392,272,414,247,414,司
﻿216,28,241,28,241,49,216,49,壮
﻿216,49,241,49,241,70,216,70,士
﻿216,70,241,70,241,92,216,92,金
﻿216,92,241,92,241,113,216,113,吾
﻿216,113,241,113,241,135,216,135,衛
﻿216,135,241,135,241,156,216,156,副
﻿216,156,241,156,241,178,216,178,軍
﻿216,178,241,178,241,199,216,199,神
﻿216,199,241,199,241,221,216,221,策
﻿216,221,241,221,241,242,216,242,四
﻿216,242,241,242,241,263,216,263,衛
﻿216,263,241,263,241,285,216,285,東
﻿216,285,241,285,241,306,216,306,軍
﻿216,306,241,306,241,328,216,328,府
﻿216,328,241,328,241,349,216,349,海
﻿216,349,241,349,241,371,216,371,陽
﻿216,371,241,371,241,392,216,392,安
﻿216,392,241,392,241,414,216,414,󰘊
﻿186,27,211,27,211,48,186,48,等
﻿186,48,211,48,211,69,186,69,處
﻿186,69,211,69,211,91,186,91,三
﻿186,91,211,91,211,112,186,112,司
﻿186,112,211,112,211,134,186,134,軍
﻿186,134,211,134,211,155,186,155,民
﻿186,155,211,155,211,177,186,177,山
﻿186,177,211,177,211,198,186,198,南
﻿186,198,211,198,211,220,186,220,順
﻿186,220,211,220,211,241,186,241,化
﻿186,241,211,241,211,262,186,262,廣
﻿186,262,211,262,211,284,186,284,南
﻿186,284,211,284,211,305,186,305,道
﻿186,305,211,305,211,327,186,327,監
﻿186,327,211,327,211,348,186,348,察
﻿186,348,211,348,211,370,186,370,御
﻿186,370,211,370,211,391,186,391,史
﻿186,391,211,391,211,413,186,413,該
﻿153,24,179,24,179,45,153,45,知
﻿153,45,179,45,179,67,153,67,殿
﻿153,67,179,67,179,88,153,88,前
﻿153,88,179,88,179,110,153,110,司
﻿153,110,179,110,179,132,153,132,六
﻿153,132,179,132,179,153,153,153,衛
﻿153,153,179,153,179,175,153,175,南
﻿153,175,179,175,179,196,153,196,軍
﻿153,196,179,196,179,218,153,218,府
﻿153,218,179,218,179,240,153,240,山
﻿153,240,179,240,179,261,153,261,南
﻿153,261,179,261,179,283,153,283,順
﻿153,283,179,283,179,304,153,304,化
﻿153,304,179,304,179,326,153,326,廣
﻿153,326,179,326,179,348,153,348,南
﻿153,348,179,348,179,369,153,369,等
﻿153,369,179,369,179,391,153,391,處
﻿153,391,179,391,179,413,153,413,三
﻿123,26,149,26,149,47,123,47,司
﻿123,47,149,47,149,69,123,69,軍
﻿123,69,149,69,149,90,123,90,民
﻿123,90,149,90,149,112,123,112,三
﻿123,112,149,112,149,134,123,134,江
﻿123,134,149,134,149,155,123,155,興
﻿123,155,149,155,149,177,123,177,化
﻿123,177,149,177,149,198,123,198,道
﻿123,198,149,198,149,220,123,220,監
﻿123,220,149,220,149,242,123,242,察
﻿123,242,149,242,149,263,123,263,御
﻿123,263,149,263,149,285,123,285,史
﻿123,285,149,285,149,306,123,306,該
﻿123,306,149,306,149,328,123,328,知
﻿123,328,149,328,149,350,123,350,効
﻿123,350,149,350,149,371,123,371,力
﻿123,371,149,371,149,393,123,393,四
﻿123,393,149,393,149,415,123,415,衛
﻿93,25,119,25,119,46,93,46,馴
﻿93,46,119,46,119,68,93,68,象
﻿93,68,119,68,119,89,93,89,四
﻿93,89,119,89,119,111,93,111,衛
﻿93,111,119,111,119,133,93,133,馬
﻿93,133,119,133,119,154,93,154,閑
﻿93,154,119,154,119,176,93,176,四
﻿93,176,119,176,119,197,93,197,衛
﻿93,197,119,197,119,219,93,219,西
﻿93,219,119,219,119,241,93,241,軍
﻿93,241,119,241,119,262,93,262,府
﻿93,262,119,262,119,284,93,284,三
﻿93,284,119,284,119,305,93,305,江
﻿93,305,119,305,119,327,93,327,興
﻿93,327,119,327,119,349,93,349,化
﻿93,349,119,349,119,370,93,370,等
﻿93,370,119,370,119,392,93,392,処
﻿93,392,119,392,119,414,93,414,三
﻿64,28,89,28,89,49,64,49,司
﻿64,49,89,49,89,70,64,70,軍
﻿64,70,89,70,89,92,64,92,民
﻿64,92,89,92,89,113,64,113,京
﻿64,113,89,113,89,135,64,135,北
﻿64,135,89,135,89,156,64,156,諒
﻿64,156,89,156,89,178,64,178,山
﻿64,178,89,178,89,199,64,199,道
﻿64,199,89,199,89,221,64,221,監
﻿64,221,89,221,89,242,64,242,察
﻿64,242,89,242,89,263,64,263,御
﻿64,263,89,263,89,285,64,285,史
﻿64,285,89,285,89,306,64,306,該
﻿64,306,89,306,89,328,64,328,知
﻿64,328,89,328,89,349,64,349,尚
﻿64,349,89,349,89,371,64,371,衣
﻿64,371,89,371,89,392,64,392,御
﻿64,392,89,392,89,414,64,414,用
﻿34,27,58,27,58,48,34,48,監
﻿34,48,58,48,58,70,34,70,工
﻿34,70,58,70,58,91,34,91,部
﻿34,91,58,91,58,113,34,113,各
﻿34,113,58,113,58,134,34,134,匠
﻿34,134,58,134,58,156,34,156,宣
﻿34,156,58,156,58,177,34,177,達
﻿34,177,58,177,58,199,34,199,局
﻿34,199,58,199,58,220,34,220,應
﻿34,220,58,220,58,242,34,242,事
﻿34,242,58,242,58,263,34,263,局
﻿34,263,58,263,58,285,34,285,屯
﻿34,285,58,285,58,306,34,306,田
﻿34,306,58,306,58,328,34,328,蚕
﻿34,328,58,328,58,349,34,349,桑
﻿34,349,58,349,58,371,34,371,精
﻿34,371,58,371,58,392,34,392,米
﻿34,392,58,392,58,414,34,414,種
﻿4,25,31,25,31,46,4,46,菜
﻿4,46,31,46,31,67,4,67,典
﻿4,67,31,67,31,89,4,89,牧
﻿4,89,31,89,31,110,4,110,各
﻿4,110,31,110,31,132,4,132,所
﻿4,132,31,132,31,153,4,153,司
﻿4,153,31,153,31,175,4,175,北
﻿4,175,31,175,31,196,4,196,軍
﻿4,196,31,196,31,218,4,218,府
﻿4,218,31,218,31,239,4,239,京
﻿4,239,31,239,31,260,4,260,北
﻿4,260,31,260,31,282,4,282,諒
﻿4,282,31,282,31,303,4,303,山
﻿4,303,31,303,31,325,4,325,等
﻿4,325,31,325,31,346,4,346,処
﻿4,346,31,346,31,368,4,368,三
﻿4,368,31,368,31,389,4,389,司
﻿4,389,31,389,31,411,4,411,軍
