264,61,288,61,288,81,264,81,是
﻿264,81,288,81,288,102,264,102,也
﻿264,102,288,102,288,122,264,122,帝
﻿264,122,288,122,288,143,264,143,使
﻿264,143,288,143,288,163,264,163,人
﻿264,163,288,163,288,184,264,184,臣
﻿264,184,288,184,288,204,264,204,交
﻿264,204,288,204,288,225,264,225,好
﻿264,225,288,225,288,246,264,246,共
﻿264,246,288,246,288,266,264,266,成
﻿264,266,288,266,288,287,264,287,王
﻿264,287,288,287,288,307,264,307,事
﻿264,307,288,307,288,328,264,328,陳
﻿264,328,288,328,288,348,264,348,家
﻿264,348,288,348,288,369,264,369,忠
﻿264,369,288,369,288,389,264,389,厚
﻿264,389,288,389,288,410,264,410,如
﻿264,410,288,410,288,431,264,431,此
﻿235,64,258,64,258,84,235,84,可
﻿235,84,258,84,258,105,235,105,見
﻿235,105,258,105,258,126,235,126,然
﻿235,126,258,126,258,146,235,146,以
﻿235,146,258,146,258,167,235,167,宦
﻿235,167,258,167,258,188,235,188,官
﻿235,188,258,188,258,209,235,209,不
﻿235,209,258,209,258,229,235,229,識
﻿235,229,258,229,258,250,235,250,字
﻿235,250,258,250,258,271,235,271,為
﻿235,271,258,271,258,292,235,292,行
﻿235,292,258,292,258,312,235,312,遣
﻿235,312,258,312,258,333,235,333,亦
﻿235,333,258,333,258,354,235,354,非
﻿235,354,258,354,258,375,235,375,也
﻿205,43,229,43,229,65,205,65,秋
﻿205,65,229,65,229,87,205,87,九
﻿205,87,229,87,229,109,205,109,月
﻿205,109,229,109,229,131,205,131,興
﻿205,131,229,131,229,153,205,153,道
﻿205,153,229,153,229,175,205,175,王
﻿205,175,229,175,229,197,205,197,夫
﻿205,197,229,197,229,220,205,220,人
﻿205,220,229,220,229,242,205,242,元
﻿205,242,229,242,229,264,205,264,慈
﻿205,264,229,264,229,286,205,286,國
﻿205,286,229,286,229,308,205,308,母
﻿205,308,229,308,229,330,205,330,陳
﻿205,330,229,330,229,352,205,352,氏
﻿205,352,229,352,229,375,205,375,薨
﻿217,378,232,378,232,396,217,396,即
﻿217,396,232,396,232,414,217,414,天
﻿217,414,232,414,232,432,217,432,城
﻿203,378,216,378,216,395,203,395,公
﻿203,395,216,395,216,413,203,413,主
﻿173,44,197,44,197,66,173,66,冬
﻿173,66,197,66,197,89,173,89,十
﻿173,89,197,89,197,112,173,112,月
﻿173,112,197,112,197,135,173,135,遣
﻿173,135,197,135,197,157,173,157,杜
﻿173,157,197,157,197,180,173,180,天
﻿173,180,197,180,197,203,173,203,覰
﻿173,203,197,203,197,226,173,226,如
﻿173,226,197,226,197,249,173,249,元
﻿186,253,201,253,201,271,186,271,天
﻿186,271,201,271,201,290,186,290,覰
﻿186,290,201,290,201,309,186,309,克
﻿171,251,185,251,185,270,171,270,終
﻿171,270,185,270,185,289,171,289,弟
﻿172,314,198,314,198,333,172,333,杜
﻿172,333,198,333,198,353,172,353,克
﻿172,353,198,353,198,373,172,373,終
﻿172,373,198,373,198,392,172,392,使
﻿172,392,198,392,198,412,172,412,元
﻿172,412,198,412,198,432,172,432,軍
﻿141,43,167,43,167,63,141,63,有
﻿141,63,167,63,167,84,141,84,功
﻿141,84,167,84,167,105,141,105,至
﻿141,105,167,105,167,126,141,126,是
﻿141,126,167,126,167,147,141,147,薦
﻿141,147,167,147,167,167,141,167,弟
﻿141,167,167,167,167,188,141,188,天
﻿141,188,167,188,167,209,141,209,覰
﻿141,209,167,209,167,230,141,230,帝
﻿141,230,167,230,167,251,141,251,從
﻿141,251,167,251,167,272,141,272,之
﻿112,46,136,46,136,66,112,66,己
﻿112,66,136,66,136,86,112,86,丑
﻿112,86,136,86,136,106,112,106,五
﻿112,106,136,106,136,127,112,127,年
﻿125,131,139,131,139,149,125,149,元
﻿125,149,139,149,139,167,125,167,至
﻿125,167,139,167,139,185,125,185,元
﻿125,185,139,185,139,203,125,203,二
﻿109,130,123,130,123,149,109,149,十
﻿109,149,123,149,123,169,109,169,六
﻿109,169,123,169,123,189,109,189,年
﻿112,206,136,206,136,226,112,226,春
﻿112,226,136,226,136,247,112,247,二
﻿112,247,136,247,136,268,112,268,月
﻿112,268,136,268,136,288,112,288,遣
﻿112,288,136,288,136,309,112,309,内
﻿112,309,136,309,136,330,112,330,書
﻿112,330,136,330,136,351,112,351,家
﻿112,351,136,351,136,371,112,371,黄
﻿112,371,136,371,136,392,112,392,佐
﻿112,392,136,392,136,413,112,413,寸
﻿112,413,136,413,136,434,112,434,送
﻿82,44,105,44,105,64,82,64,烏
﻿82,64,105,64,105,84,82,84,馬
﻿82,84,105,84,105,105,82,105,兒
﻿82,105,105,105,105,125,82,125,等
﻿82,125,105,125,105,146,82,146,還
﻿82,146,105,146,105,166,82,166,國
﻿82,166,105,166,105,187,82,187,用
﻿82,187,105,187,105,207,82,207,興
﻿82,207,105,207,105,228,82,228,道
﻿82,228,105,228,105,248,82,248,王
﻿82,248,105,248,105,269,82,269,計
﻿82,269,105,269,105,289,82,289,以
﻿82,289,105,289,105,310,82,310,善
﻿82,310,105,310,105,330,82,330,水
﻿82,330,105,330,105,351,82,351,者
﻿82,351,105,351,105,371,82,371,克
﻿82,371,105,371,105,392,82,392,船
﻿82,392,105,392,105,412,82,412,夫
﻿82,412,105,412,105,433,82,433,夜
﻿52,43,75,43,75,63,52,63,鑽
﻿52,63,75,63,75,84,52,84,船
﻿52,84,75,84,75,105,52,105,沉
﻿52,105,75,105,75,125,52,125,水
﻿52,125,75,125,75,146,52,146,烏
﻿52,146,75,146,75,167,52,167,馬
﻿52,167,75,167,75,187,52,187,兒
﻿52,187,75,187,75,208,52,208,等
﻿52,208,75,208,75,229,52,229,溺
﻿52,229,75,229,75,250,52,250,死
﻿21,63,47,63,47,83,21,83,史
﻿21,83,47,83,47,104,21,104,臣
﻿21,104,47,104,47,124,21,124,吳
﻿21,124,47,124,47,145,21,145,士
﻿21,145,47,145,47,166,21,166,連
﻿21,166,47,166,47,186,21,186,曰
﻿21,186,47,186,47,207,21,207,信
﻿21,207,47,207,47,227,21,227,者
﻿21,227,47,227,47,248,21,248,國
﻿21,248,47,248,47,269,21,269,之
﻿21,269,47,269,47,289,21,289,寶
﻿21,289,47,289,47,310,21,310,而
﻿21,310,47,310,47,330,21,330,服
﻿21,330,47,330,47,351,21,351,人
﻿21,351,47,351,47,372,21,372,之
﻿21,372,47,372,47,392,21,392,深
﻿21,392,47,392,47,413,21,413,王
﻿21,413,47,413,47,434,21,434,政
