255,36,278,36,278,56,255,56,二
﻿255,56,278,56,278,77,255,77,十
﻿255,77,278,77,278,98,255,98,二
﻿255,98,278,98,278,119,255,119,日
﻿255,119,278,119,278,139,255,139,禁
﻿255,139,278,139,278,160,255,160,外
﻿255,160,278,160,278,181,255,181,任
﻿255,181,278,181,278,202,255,202,官
﻿255,202,278,202,278,223,255,223,吏
﻿255,223,278,223,278,243,255,243,娶
﻿255,243,278,243,278,264,255,264,部
﻿255,264,278,264,278,285,255,285,内
﻿255,285,278,285,278,306,255,306,婦
﻿255,306,278,306,278,327,255,327,女
﻿227,34,251,34,251,54,227,54,二
﻿227,54,251,54,251,75,227,75,十
﻿227,75,251,75,251,96,227,96,六
﻿227,96,251,96,251,117,227,117,日
﻿227,117,251,117,251,138,227,138,開
﻿227,138,251,138,251,159,227,159,廣
﻿227,159,251,159,251,180,227,180,獄
﻿227,180,251,180,251,200,227,200,房
﻿227,200,251,200,251,221,227,221,漆
﻿227,221,251,221,251,242,227,242,補
﻿227,242,251,242,251,263,227,263,守
﻿227,263,251,263,251,284,227,284,獄
﻿227,284,251,284,251,305,227,305,應
﻿227,305,251,305,251,326,227,326,差
﻿197,32,223,32,223,52,197,52,定
﻿197,52,223,52,223,73,197,73,朝
﻿197,73,223,73,223,94,197,94,冠
﻿197,94,223,94,223,115,197,115,󰱥
﻿197,115,223,115,223,135,197,135,今
﻿197,135,223,135,223,156,197,156,文
﻿197,156,223,156,223,177,197,177,武
﻿197,177,223,177,223,198,197,198,百
﻿197,198,223,198,223,219,197,219,官
﻿197,219,223,219,223,239,197,239,進
﻿197,239,223,239,223,260,197,260,朝
﻿197,260,223,260,223,281,197,281,戴
﻿197,281,223,281,223,302,197,302,烏
﻿197,302,223,302,223,322,197,322,紗
﻿197,322,223,322,223,343,197,343,帽
﻿197,343,223,343,223,364,197,364,两
﻿197,364,223,364,223,385,197,385,趐
﻿197,385,223,385,223,406,197,406,宜
﻿169,37,192,37,192,57,169,57,一
﻿169,57,192,57,192,78,169,78,體
﻿169,78,192,78,192,98,169,98,稍
﻿169,98,192,98,192,119,169,119,仄
﻿169,119,192,119,192,139,169,139,向
﻿169,139,192,139,192,160,169,160,前
﻿169,160,192,160,192,180,169,180,不
﻿169,180,192,180,192,201,169,201,得
﻿169,201,192,201,192,221,169,221,任
﻿169,221,192,221,192,242,169,242,意
﻿169,242,192,242,192,262,169,262,或
﻿169,262,192,262,192,283,169,283,平
﻿169,283,192,283,192,303,169,303,或
﻿169,303,192,303,192,324,169,324,仄
﻿137,33,161,33,161,53,137,53,六
﻿137,53,161,53,161,74,137,74,月
﻿137,74,161,74,161,95,137,95,十
﻿137,95,161,95,161,116,137,116,一
﻿137,116,161,116,161,137,137,137,日
﻿137,137,161,137,161,158,137,158,申
﻿137,158,161,158,161,179,137,179,明
﻿137,179,161,179,161,200,137,200,越
﻿137,200,161,200,161,221,137,221,奏
﻿137,221,161,221,161,241,137,241,告
﻿137,241,161,241,161,262,137,262,令
﻿137,262,161,262,161,283,137,283,󰱥
﻿137,283,161,283,161,304,137,304,今
﻿137,304,161,304,161,325,137,325,凡
﻿137,325,161,325,161,346,137,346,公
﻿137,346,161,346,161,367,137,367,私
﻿137,367,161,367,161,388,137,388,等
﻿137,388,161,388,161,409,137,409,事
﻿106,32,131,32,131,52,106,52,未
﻿106,52,131,52,131,73,106,73,經
﻿106,73,131,73,131,94,106,94,州
﻿106,94,131,94,131,115,106,115,縣
﻿106,115,131,115,131,136,106,136,府
﻿106,136,131,136,131,157,106,157,乘
﻿106,157,131,157,131,178,106,178,憲
﻿106,178,131,178,131,199,106,199,󰱑
﻿106,199,131,199,131,220,106,220,等
﻿106,220,131,220,131,240,106,240,衙
﻿106,240,131,240,131,261,106,261,門
﻿106,261,131,261,131,282,106,282,及
﻿106,282,131,282,131,303,106,303,已
﻿106,303,131,303,131,324,106,324,經
﻿106,324,131,324,131,345,106,345,告
﻿106,345,131,345,131,366,106,366,而
﻿106,366,131,366,131,387,106,387,勘
﻿106,387,131,387,131,408,106,408,理
﻿76,30,102,30,102,52,76,52,未
﻿76,52,102,52,102,74,76,74,完
﻿76,74,102,74,102,96,76,96,者
﻿76,96,102,96,102,119,76,119,並
﻿76,119,102,119,102,141,76,141,不
﻿76,141,102,141,102,163,76,163,得
﻿76,163,102,163,102,186,76,186,越
﻿76,186,102,186,102,208,76,208,奏
﻿76,208,102,208,102,230,76,230,越
﻿76,230,102,230,102,252,76,252,告
﻿76,252,102,252,102,275,76,275,十
﻿76,275,102,275,102,297,76,297,二
﻿76,297,102,297,102,319,76,319,日
﻿76,319,102,319,102,342,76,342,禁
﻿76,342,102,342,102,364,76,364,過
﻿76,364,102,364,102,386,76,386,回
﻿76,386,102,386,102,409,76,409,藩
﻿45,28,72,28,72,49,45,49,鎮
﻿45,49,72,49,72,70,45,70,籍
﻿45,70,72,70,72,91,45,91,令
﻿45,91,72,91,72,112,45,112,如
﻿45,112,72,112,72,133,45,133,清
﻿45,133,72,133,72,155,45,155,華
﻿45,155,72,155,72,176,45,176,乂
﻿45,176,72,176,72,197,45,197,安
﻿45,197,72,197,72,218,45,218,順
﻿45,218,72,218,72,239,45,239,化
﻿45,239,72,239,72,260,45,260,安
﻿45,260,72,260,72,282,45,282,󰘊
﻿45,282,72,282,72,303,45,303,太
﻿45,303,72,303,72,324,45,324,原
﻿45,324,72,324,72,345,45,345,宣
﻿45,345,72,345,72,366,45,366,光
﻿45,366,72,366,72,387,45,387,諒
﻿45,387,72,387,72,409,45,409,山
﻿15,30,40,30,40,51,15,51,等
﻿15,51,40,51,40,72,15,72,處
﻿15,72,40,72,40,93,15,93,承
﻿15,93,40,93,40,114,15,114,宣
﻿15,114,40,114,40,135,15,135,或
﻿15,135,40,135,40,156,15,156,清
﻿15,156,40,156,40,177,15,177,華
﻿15,177,40,177,40,198,15,198,不
﻿15,198,40,198,40,219,15,219,得
﻿15,219,40,219,40,240,15,240,改
﻿15,240,40,240,40,261,15,261,入
﻿15,261,40,261,40,282,15,282,乂
﻿15,282,40,282,40,303,15,303,安
﻿15,303,40,303,40,324,15,324,諒
﻿15,324,40,324,40,345,15,345,山
﻿15,345,40,345,40,366,15,366,不
﻿15,366,40,366,40,387,15,387,得
﻿15,387,40,387,40,408,15,408,著
