253,15,275,15,275,36,253,36,實
﻿253,36,275,36,275,58,253,58,夏
﻿253,58,275,58,275,80,253,80,四
﻿253,80,275,80,275,102,253,102,月
﻿253,102,275,102,275,124,253,124,昭
﻿253,124,275,124,275,145,253,145,慈
﻿253,145,275,145,275,167,253,167,皇
﻿253,167,275,167,275,189,253,189,太
﻿253,189,275,189,275,211,253,211,妃
﻿253,211,275,211,275,233,253,233,薨
﻿253,233,275,233,275,255,253,255,追
﻿253,255,275,255,275,276,253,276,尊
﻿253,276,275,276,275,298,253,298,昭
﻿253,298,275,298,275,320,253,320,慈
﻿253,320,275,320,275,342,253,342,皇
﻿253,342,275,342,275,364,253,364,太
﻿253,364,275,364,275,386,253,386,后
﻿263,392,276,392,276,410,263,410,明
﻿251,390,262,390,262,409,251,409,宗
﻿238,16,250,16,250,30,238,30,母
﻿225,15,237,15,237,30,225,30,也
﻿224,33,248,33,248,56,224,56,秋
﻿224,56,248,56,248,79,224,79,七
﻿224,79,248,79,248,103,224,103,月
﻿224,103,248,103,248,126,224,126,以
﻿224,126,248,126,248,149,224,149,杜
﻿224,149,248,149,248,173,224,173,子
﻿224,173,248,173,248,196,224,196,平
﻿224,196,248,196,248,220,224,220,為
﻿224,220,248,220,248,243,224,243,樞
﻿224,243,248,243,248,266,224,266,𡧸
﻿224,266,248,266,248,290,224,290,院
﻿224,290,248,290,248,313,224,313,事
﻿224,313,248,313,248,336,224,336,八
﻿224,336,248,336,248,360,224,360,月
﻿224,360,248,360,248,383,224,383,二
﻿224,383,248,383,248,407,224,407,十
﻿193,15,219,15,219,36,193,36,七
﻿193,36,219,36,219,58,193,58,日
﻿193,58,219,58,219,80,193,80,至
﻿193,80,219,80,219,101,193,101,九
﻿193,101,219,101,219,123,193,123,月
﻿193,123,219,123,219,145,193,145,三
﻿193,145,219,145,219,166,193,166,日
﻿193,166,219,166,219,188,193,188,大
﻿193,188,219,188,219,210,193,210,雨
﻿193,210,219,210,219,231,193,231,水
﻿193,231,219,231,219,253,193,253,漂
﻿193,253,219,253,219,275,193,275,民
﻿193,275,219,275,219,296,193,296,居
﻿193,296,219,296,219,318,193,318,舍
﻿193,318,219,318,219,340,193,340,禾
﻿193,340,219,340,219,361,193,361,榖
﻿193,361,219,361,219,383,193,383,渰
﻿193,383,219,383,219,405,193,405,浸
﻿164,14,191,14,191,34,164,34,冬
﻿164,34,191,34,191,55,164,55,十
﻿164,55,191,55,191,76,164,76,月
﻿164,76,191,76,191,96,164,96,以
﻿164,96,191,96,191,117,164,117,范
﻿164,117,191,117,191,138,164,138,師
﻿164,138,191,138,191,159,164,159,孟
﻿164,159,191,159,191,179,164,179,為
﻿164,179,191,179,191,200,164,200,行
﻿164,200,191,200,191,221,164,221,遣
﻿164,221,191,221,191,242,164,242,左
﻿164,242,191,242,191,262,164,262,司
﻿164,262,191,262,191,283,164,283,郎
﻿164,283,191,283,191,304,164,304,中
﻿164,304,191,304,191,325,164,325,黎
﻿164,325,191,325,191,345,164,345,适
﻿164,345,191,345,191,366,164,366,兼
﻿164,366,191,366,191,387,164,387,翰
﻿164,387,191,387,191,408,164,408,林
﻿136,14,158,14,158,34,136,34,院
﻿136,34,158,34,158,55,136,55,奉
﻿136,55,158,55,158,76,136,76,㫖
﻿109,17,128,17,128,33,109,33,庚
﻿109,33,128,33,128,50,109,50,子
﻿108,56,130,56,130,76,108,76,三
﻿108,76,130,76,130,97,108,97,年
﻿118,99,132,99,132,117,118,117,元
﻿118,117,132,117,132,135,118,135,至
﻿118,135,132,135,132,154,118,154,正
﻿104,100,117,100,117,119,104,119,二
﻿104,119,117,119,117,139,104,139,十
﻿104,139,117,139,117,159,104,159,年
﻿106,160,129,160,129,182,106,182,春
﻿106,182,129,182,129,204,106,204,正
﻿106,204,129,204,129,227,106,227,月
﻿106,227,129,227,129,249,106,249,鑄
﻿106,249,129,249,129,272,106,272,大
﻿106,272,129,272,129,294,106,294,治
﻿106,294,129,294,129,317,106,317,通
﻿106,317,129,317,129,339,106,339,寶
﻿106,339,129,339,129,362,106,362,錢
﻿106,362,129,362,129,384,106,384,加
﻿106,384,129,384,129,407,106,407,惠
﻿76,14,100,14,100,34,76,34,肅
﻿76,34,100,34,100,55,76,55,公
﻿76,55,100,55,100,76,76,76,大
﻿76,76,100,76,100,97,76,97,年
﻿76,97,100,97,100,118,76,118,平
﻿76,118,100,118,100,139,76,139,章
﻿76,139,100,139,100,160,76,160,政
﻿76,160,100,160,100,180,76,180,事
﻿76,180,100,180,100,201,76,201,復
﻿76,201,100,201,100,222,76,222,王
﻿76,222,100,222,100,243,76,243,爵
﻿76,243,100,243,100,264,76,264,是
﻿76,264,100,264,100,285,76,285,年
﻿76,285,100,285,100,306,76,306,卒
﻿86,307,99,307,99,325,86,325,年
﻿86,325,99,325,99,344,86,344,方
﻿86,344,99,344,99,363,86,363,五
﻿74,307,85,307,85,324,74,324,十
﻿74,324,85,324,85,342,74,342,五
﻿75,366,96,366,96,387,75,387,舊
﻿75,387,96,387,96,409,75,409,制
﻿45,14,69,14,69,34,45,34,凣
﻿45,34,69,34,69,55,45,55,諸
﻿45,55,69,55,69,76,45,76,王
﻿45,76,69,76,69,96,45,96,入
﻿45,96,69,96,69,117,45,117,相
﻿45,117,69,117,69,138,45,138,並
﻿45,138,69,138,69,159,45,159,稱
﻿45,159,69,159,69,179,45,179,公
﻿45,179,69,179,69,200,45,200,惟
﻿45,200,69,200,69,221,45,221,親
﻿45,221,69,221,69,242,45,242,王
﻿45,242,69,242,69,262,45,262,則
﻿45,262,69,262,69,283,45,283,復
﻿45,283,69,283,69,304,45,304,王
﻿45,304,69,304,69,325,45,325,爵
﻿45,325,69,325,69,345,45,345,惠
﻿45,345,69,345,69,366,45,366,肅
﻿45,366,69,366,69,387,45,387,威
﻿45,387,69,387,69,408,45,408,肅
﻿15,14,38,14,38,34,15,34,公
﻿15,34,38,34,38,55,15,55,于
﻿15,55,38,55,38,76,15,76,大
﻿15,76,38,76,38,96,15,96,󰆑
﻿15,96,38,96,38,117,15,117,間
﻿15,117,38,117,38,138,15,138,封
﻿15,138,38,138,38,158,15,158,王
﻿15,158,38,158,38,179,15,179,爵
﻿15,179,38,179,38,200,15,200,入
﻿15,200,38,200,38,220,15,220,相
﻿15,220,38,220,38,241,15,241,並
﻿15,241,38,241,38,262,15,262,稱
﻿15,262,38,262,38,282,15,282,公
﻿15,282,38,282,38,303,15,303,而
﻿15,303,38,303,38,324,15,324,追
﻿15,324,38,324,38,344,15,344,復
﻿15,344,38,344,38,365,15,365,王
﻿15,365,38,365,38,386,15,386,爵
﻿15,386,38,386,38,407,15,407,非
