238,55,261,55,261,76,238,76,辛
﻿238,76,261,76,261,97,238,97,丑
﻿238,97,261,97,261,118,238,118,八
﻿238,118,261,118,261,139,238,139,年
﻿250,140,264,140,264,157,250,157,宋
﻿250,157,264,157,264,174,250,174,咸
﻿250,174,264,174,264,191,250,191,平
﻿236,141,249,141,249,159,236,159,四
﻿236,159,249,159,249,177,236,177,年
﻿238,194,262,194,262,214,238,214,帝
﻿238,214,262,214,262,234,238,234,親
﻿238,234,262,234,262,254,238,254,征
﻿238,254,262,254,262,274,238,274,筥
﻿238,274,262,274,262,294,238,294,隆
﻿238,294,262,294,262,315,238,315,賊
﻿238,315,262,315,262,335,238,335,眾
﻿238,335,262,335,262,355,238,355,見
﻿238,355,262,355,262,375,238,375,帝
﻿238,375,262,375,262,395,238,395,張
﻿238,395,262,395,262,415,238,415,弓
﻿238,415,262,415,262,436,238,436,注
﻿208,55,232,55,232,74,208,74,矢
﻿208,74,232,74,232,94,208,94,將
﻿208,94,232,94,232,114,208,114,發
﻿208,114,232,114,232,134,208,134,矢
﻿208,134,232,134,232,154,208,154,隋
﻿208,154,232,154,232,174,208,174,再
﻿208,174,232,174,232,193,208,193,舉
﻿208,193,232,193,232,213,208,213,絃
﻿208,213,232,213,232,233,208,233,又
﻿208,233,232,233,232,253,208,253,斷
﻿208,253,232,253,232,273,208,273,自
﻿208,273,232,273,232,293,208,293,惧
﻿208,293,232,293,232,312,208,312,而
﻿208,312,232,312,232,332,208,332,退
﻿208,332,232,332,232,352,208,352,帝
﻿208,352,232,352,232,372,208,372,遂
﻿208,372,232,372,232,392,208,392,御
﻿208,392,232,392,232,412,208,412,舟
﻿208,412,232,412,232,432,208,432,入
﻿181,54,201,54,201,74,181,74,窮
﻿181,74,201,74,201,94,181,94,江
﻿181,94,201,94,201,114,181,114,逐
﻿181,114,201,114,201,134,181,134,之
﻿181,134,201,134,201,154,181,154,賊
﻿181,154,201,154,201,174,181,174,陳
﻿181,174,201,174,201,194,181,194,于
﻿181,194,201,194,201,214,181,214,两
﻿181,214,201,214,201,234,181,234,岸
﻿181,234,201,234,201,255,181,255,拒
﻿181,255,201,255,201,275,181,275,戰
﻿181,275,201,275,201,295,181,295,官
﻿181,295,201,295,201,315,181,315,軍
﻿181,315,201,315,201,335,181,335,陷
﻿181,335,201,335,201,355,181,355,于
﻿181,355,201,355,201,375,181,375,江
﻿181,375,201,375,201,395,181,395,故
﻿181,395,201,395,201,415,181,415,主
﻿181,415,201,415,201,436,181,436,衛
﻿150,56,173,56,173,75,150,75,王
﻿150,75,173,75,173,95,150,95,璿
﻿150,95,173,95,173,115,150,115,爲
﻿150,115,173,115,173,135,150,135,流
﻿150,135,173,135,173,155,150,155,矢
﻿150,155,173,155,173,175,150,175,所
﻿150,175,173,175,173,195,150,195,中
﻿150,195,173,195,173,215,150,215,殂
﻿150,215,173,215,173,235,150,235,于
﻿150,235,173,235,173,254,150,254,陣
﻿150,254,173,254,173,274,150,274,帝
﻿150,274,173,274,173,294,150,294,呼
﻿150,294,173,294,173,314,150,314,天
﻿150,314,173,314,173,334,150,334,三
﻿150,334,173,334,173,354,150,354,聲
﻿150,354,173,354,173,374,150,374,督
﻿150,374,173,374,173,394,150,394,戰
﻿150,394,173,394,173,414,150,414,賊
﻿150,414,173,414,173,434,150,434,自
﻿124,55,142,55,142,72,124,72,敗
﻿93,54,116,54,116,75,93,75,壬
﻿93,75,116,75,116,96,93,96,寅
﻿93,96,116,96,116,117,93,117,九
﻿93,117,116,117,116,138,93,138,年
﻿104,139,116,139,116,157,104,157,宋
﻿104,157,116,157,116,175,104,175,咸
﻿104,175,116,175,116,193,104,193,平
﻿93,142,103,142,103,160,93,160,五
﻿93,160,103,160,103,178,93,178,年
﻿91,195,116,195,116,215,91,215,春
﻿91,215,116,215,116,235,91,235,三
﻿91,235,116,235,116,255,91,255,月
﻿91,255,116,255,116,275,91,275,定
﻿91,275,116,275,116,295,91,295,律
﻿91,295,116,295,116,315,91,315,令
﻿91,315,116,315,116,335,91,335,選
﻿91,335,116,335,116,355,91,355,軍
﻿91,355,116,355,116,375,91,375,伍
﻿91,375,116,375,116,395,91,395,分
﻿91,395,116,395,116,415,91,415,將
﻿91,415,116,415,116,436,91,436,校
﻿64,52,86,52,86,73,64,73,爲
﻿64,73,86,73,86,94,64,94,两
﻿64,94,86,94,86,116,64,116,𤤻
﻿64,116,86,116,86,137,64,137,改
﻿64,137,86,137,86,158,64,158,十
﻿64,158,86,158,86,180,64,180,道
﻿64,180,86,180,86,201,64,201,爲
﻿64,201,86,201,86,223,64,223,路
﻿64,223,86,223,86,244,64,244,府
﻿64,244,86,244,86,265,64,265,州
﻿64,265,86,265,86,287,64,287,詔
﻿64,287,86,287,86,308,64,308,造
﻿64,308,86,308,86,330,64,330,兠
﻿64,330,86,330,86,351,64,351,鍪
﻿64,351,86,351,86,372,64,372,數
﻿64,372,86,372,86,394,64,394,千
﻿64,394,86,394,86,415,64,415,頂
﻿64,415,86,415,86,437,64,437,頒
﻿36,53,56,53,56,74,36,74,賜
﻿36,74,56,74,56,96,36,96,六
﻿36,96,56,96,56,118,36,118,軍
﻿11,53,30,53,30,75,11,75,癸
﻿11,75,30,75,30,97,11,97,卯
﻿11,97,30,97,30,119,11,119,十
﻿11,119,30,119,30,141,11,141,年
﻿21,141,32,141,32,158,21,158,宋
﻿21,158,32,158,32,175,21,175,咸
﻿21,175,32,175,32,193,21,193,平
﻿9,142,20,142,20,159,9,159,六
﻿9,159,20,159,20,176,9,176,年
﻿7,194,30,194,30,214,7,214,帝
﻿7,214,30,214,30,234,7,234,幸
﻿7,234,30,234,30,255,7,255,驩
﻿7,255,30,255,30,275,7,275,州
﻿7,275,30,275,30,295,7,295,浚
﻿7,295,30,295,30,316,7,316,多
﻿7,316,30,316,30,336,7,336,盖
﻿7,336,30,336,30,357,7,357,港
﻿20,358,33,358,33,375,20,375,今
﻿20,375,33,375,33,393,20,393,華
﻿7,358,19,358,19,375,7,375,盖
﻿7,375,19,375,19,392,7,392,是
﻿9,395,29,395,29,414,9,414,直
﻿9,414,29,414,29,433,9,433,抵
