259,46,277,46,277,66,259,66,君
﻿259,66,277,66,277,87,259,87,臣
﻿259,87,277,87,277,108,259,108,厲
﻿259,108,277,108,277,129,259,129,志
﻿259,129,277,129,277,149,259,149,圖
﻿259,149,277,149,277,170,259,170,回
﻿259,170,277,170,277,191,259,191,恢
﻿259,191,277,191,277,212,259,212,復
﻿259,212,277,212,277,232,259,232,𦾔
﻿259,232,277,232,277,253,259,253,物
﻿259,253,277,253,277,274,259,274,故
﻿259,274,277,274,277,295,259,295,䏻
﻿259,295,277,295,277,315,259,315,再
﻿259,315,277,315,277,336,259,336,造
﻿259,336,277,336,277,357,259,357,中
﻿259,357,277,357,277,378,259,378,興
﻿259,378,277,378,277,399,259,399,混
﻿230,49,254,49,254,69,230,69,一
﻿230,69,254,69,254,90,230,90,󰲛
﻿230,90,254,90,254,110,230,110,圖
﻿230,110,254,110,254,131,230,131,重
﻿230,131,254,131,254,151,230,151,新
﻿230,151,254,151,254,172,230,172,社
﻿230,172,254,172,254,192,230,192,則
﻿230,192,254,192,254,213,230,213,誅
﻿230,213,254,213,254,233,230,233,奸
﻿230,233,254,233,254,254,230,254,䧺
﻿230,254,254,254,254,274,230,274,之
﻿230,274,254,274,254,295,230,295,残
﻿230,295,254,295,254,315,230,315,虐
﻿230,315,254,315,254,336,230,336,正
﻿230,336,254,336,254,356,230,356,日
﻿230,356,254,356,254,377,230,377,月
﻿230,377,254,377,254,398,230,398,於
﻿200,47,223,47,223,67,200,67,當
﻿200,67,223,67,223,88,200,88,天
﻿200,88,223,88,223,109,200,109,以
﻿200,109,223,109,223,130,200,130,大
﻿200,130,223,130,223,151,200,151,其
﻿200,151,223,151,223,171,200,171,一
﻿200,171,223,171,223,192,200,192,統
﻿200,192,223,192,223,213,200,213,也
﻿200,213,223,213,223,234,200,234,故
﻿200,234,223,234,223,255,200,255,於
﻿200,255,223,255,223,276,200,276,此
﻿200,276,223,276,223,296,200,296,特
﻿200,296,223,296,223,317,200,317,書
﻿200,317,223,317,223,338,200,338,之
﻿200,338,223,338,223,359,200,359,詩
﻿200,359,223,359,223,380,200,380,云
﻿200,380,223,380,223,401,200,401,黎
﻿169,48,193,48,193,68,169,68,祚
﻿169,68,193,68,193,89,169,89,重
﻿169,89,193,89,193,110,169,110,興
﻿169,110,193,110,193,130,169,130,𦾔
﻿169,130,193,130,193,151,169,151,物
﻿169,151,193,151,193,172,169,172,回
﻿169,172,193,172,193,192,169,192,籃
﻿169,192,193,192,193,213,169,213,山
﻿169,213,193,213,193,234,169,234,復
﻿169,234,193,234,193,255,169,255,見
﻿169,255,193,255,193,275,169,275,𦾔
﻿169,275,193,275,193,296,169,296,樓
﻿169,296,193,296,193,317,169,317,󰱑
﻿169,317,193,317,193,337,169,337,君
﻿169,337,193,337,193,358,169,358,臣
﻿169,358,193,358,193,379,169,379,道
﻿169,379,193,379,193,400,169,400,合
﻿138,47,160,47,160,67,138,67,斯
﻿138,67,160,67,160,88,138,88,為
﻿138,88,160,88,160,109,138,109,羙
﻿138,109,160,109,160,129,138,129,政
﻿138,129,160,129,160,150,138,150,治
﻿138,150,160,150,160,171,138,171,欣
﻿138,171,160,171,160,192,138,192,觀
﻿138,192,160,192,160,212,138,212,萬
﻿138,212,160,212,160,233,138,233,國
﻿138,233,160,233,160,254,138,254,恢
﻿138,254,160,254,160,274,138,274,此
﻿138,274,160,274,160,295,138,295,之
﻿138,295,160,295,160,316,138,316,謂
﻿138,316,160,316,160,337,138,337,也
﻿106,27,130,27,130,47,106,47,右
﻿106,47,130,47,130,68,106,68,黎
﻿106,68,130,68,130,89,106,89,皇
﻿106,89,130,89,130,110,106,110,朝
﻿106,110,130,110,130,130,106,130,始
﻿106,130,130,130,130,151,106,151,太
﻿106,151,130,151,130,172,106,172,祖
﻿106,172,130,172,130,193,106,193,戊
﻿106,193,130,193,130,214,106,214,戌
﻿106,214,130,214,130,234,106,234,歷
﻿106,234,130,234,130,255,106,255,恭
﻿106,255,130,255,130,276,106,276,皇
﻿106,276,130,276,130,297,106,297,丁
﻿106,297,130,297,130,317,106,317,亥
﻿106,317,130,317,130,338,106,338,凣
﻿106,338,130,338,130,359,106,359,一
﻿106,359,130,359,130,380,106,380,百
﻿106,380,130,380,130,401,106,401,十
﻿73,29,99,29,99,49,73,49,年
﻿73,49,99,49,99,70,73,70,併
﻿73,70,99,70,99,90,73,90,與
﻿73,90,99,90,99,111,73,111,莫
﻿73,111,99,111,99,131,73,131,僣
﻿73,131,99,131,99,152,73,152,自
﻿73,152,99,152,99,172,73,172,戊
﻿73,172,99,172,99,193,73,193,子
﻿73,193,99,193,99,214,73,214,至
﻿73,214,99,214,99,234,73,234,壬
﻿73,234,99,234,99,255,73,255,辰
﻿73,255,99,255,99,275,73,275,凣
﻿73,275,99,275,99,296,73,296,五
﻿73,296,99,296,99,316,73,316,年
﻿73,316,99,316,99,337,73,337,通
﻿73,337,99,337,99,357,73,357,計
﻿73,357,99,357,99,378,73,378,一
﻿73,378,99,378,99,399,73,399,百
﻿46,30,67,30,67,50,46,50,十
﻿46,50,67,50,67,71,46,71,五
﻿46,71,67,71,67,92,46,92,年
