252,43,282,43,282,62,252,62,又
﻿252,62,282,62,282,82,252,82,敗
﻿252,82,282,82,282,102,252,102,之
﻿252,102,282,102,282,121,252,121,潮
﻿252,121,282,121,282,141,252,141,退
﻿252,141,282,141,282,161,252,161,甚
﻿252,161,282,161,282,180,252,180,急
﻿252,180,282,180,282,200,252,200,文
﻿252,200,282,200,282,220,252,220,虎
﻿252,220,282,220,282,240,252,240,粮
﻿252,240,282,240,282,259,252,259,船
﻿252,259,282,259,282,279,252,279,閣
﻿252,279,282,279,282,299,252,299,樁
﻿252,299,282,299,282,318,252,318,上
﻿252,318,282,318,282,338,252,338,傾
﻿252,338,282,338,282,358,252,358,襨
﻿252,358,282,358,282,377,252,377,殆
﻿252,377,282,377,282,397,252,397,盡
﻿252,397,282,397,282,417,252,417,元
﻿252,417,282,417,282,437,252,437,?
﻿221,43,248,43,248,63,221,63,溺
﻿221,63,248,63,248,84,221,84,死
﻿221,84,248,84,248,105,221,105,甚
﻿221,105,248,105,248,126,221,126,眾
﻿221,126,248,126,248,147,221,147,󰱐
﻿221,147,248,147,248,168,221,168,哨
﻿221,168,248,168,248,189,221,189,船
﻿221,189,248,189,248,210,221,210,四
﻿221,210,248,210,248,231,221,231,百
﻿221,231,248,231,248,251,221,251,餘
﻿221,251,248,251,248,272,221,272,艘
﻿221,272,248,272,248,293,221,293,内
﻿221,293,248,293,248,314,221,314,明
﻿221,314,248,314,248,335,221,335,字
﻿221,335,248,335,248,356,221,356,杜
﻿221,356,248,356,248,377,221,377,衡
﻿221,377,248,377,248,398,221,398,󰱐
﻿221,398,248,398,248,419,221,419,烏
﻿221,419,248,419,248,440,221,440,馬
﻿191,43,218,43,218,63,191,63,兒
﻿191,63,218,63,218,84,191,84,昔
﻿191,84,218,84,218,105,191,105,戾
﻿191,105,218,105,218,126,191,126,基
﻿191,126,218,126,218,146,191,146,玉
﻿191,146,218,146,218,167,191,167,献
﻿191,167,218,167,218,188,191,188,于
﻿191,188,218,188,218,209,191,209,上
﻿191,209,218,209,218,230,191,230,皇
﻿191,230,218,230,218,250,191,250,上
﻿191,250,218,250,218,271,191,271,皇
﻿191,271,218,271,218,292,191,292,命
﻿191,292,218,292,218,313,191,313,引
﻿191,313,218,313,218,334,191,334,登
﻿191,334,218,334,218,354,191,354,御
﻿191,354,218,354,218,375,191,375,舶
﻿191,375,218,375,218,396,191,396,同
﻿191,396,218,396,218,417,191,417,坐
﻿191,417,218,417,218,438,191,438,與
﻿160,43,186,43,186,63,160,63,語
﻿160,63,186,63,186,84,160,84,歡
﻿160,84,186,84,186,105,160,105,飲
﻿160,105,186,105,186,126,160,126,之
﻿160,126,186,126,186,147,160,147,酒
﻿160,147,186,147,186,168,160,168,脱
﻿160,168,186,168,186,189,160,189,驩
﻿160,189,186,189,186,210,160,210,及
﻿160,210,186,210,186,231,160,231,阿
﻿160,231,186,231,186,251,160,251,台
﻿160,251,186,251,186,272,160,272,領
﻿160,272,186,272,186,293,160,293,眾
﻿160,293,186,293,186,314,160,314,遁
﻿160,314,186,314,186,335,160,335,㱕
﻿160,335,186,335,186,356,160,356,思
﻿160,356,186,356,186,377,160,377,明
﻿160,377,186,377,186,398,160,398,土
﻿160,398,186,398,186,419,160,419,官
﻿160,419,186,419,186,440,160,440,黃
﻿128,44,155,44,155,64,128,64,詣
﻿128,64,155,64,155,85,128,85,擒
﻿128,85,155,85,155,106,128,106,之
﻿128,106,155,106,155,127,128,127,以
﻿128,127,155,127,155,148,128,148,献
﻿128,148,155,148,155,169,128,169,二
﻿128,169,155,169,155,190,128,190,帝
﻿128,190,155,190,155,211,128,211,駕
﻿128,211,155,211,155,232,128,232,回
﻿128,232,155,232,155,252,128,252,龍
﻿128,252,155,252,155,273,128,273,興
﻿128,273,155,273,155,294,128,294,府
﻿128,294,155,294,155,315,128,315,十
﻿128,315,155,315,155,336,128,336,七
﻿128,336,155,336,155,357,128,357,日
﻿128,357,155,357,155,378,128,378,俘
﻿128,378,155,378,155,399,128,399,賊
﻿128,399,155,399,155,420,128,420,将
﻿128,420,155,420,155,441,128,441,昔
﻿99,44,125,44,125,65,99,65,戾
﻿99,65,125,65,125,86,99,86,基
﻿99,86,125,86,125,107,99,107,玉
﻿99,107,125,107,125,128,99,128,元
﻿99,128,125,128,125,149,99,149,帥
﻿99,149,125,149,125,170,99,170,烏
﻿99,170,125,170,125,191,99,191,馬
﻿99,191,125,191,125,212,99,212,兒
﻿99,212,125,212,125,233,99,233,參
﻿99,233,125,233,125,254,99,254,政
﻿99,254,125,254,125,275,99,275,岑
﻿99,275,125,275,125,296,99,296,段
﻿99,296,125,296,125,317,99,317,焚
﻿99,317,125,317,125,338,99,338,接
﻿99,338,125,338,125,359,99,359,田
﻿99,359,125,359,125,380,99,380,元
﻿99,380,125,380,125,401,99,401,帥
﻿99,401,125,401,125,422,99,422,萬
﻿99,422,125,422,125,443,99,443,戶
﻿68,44,93,44,93,64,68,64,千
﻿68,64,93,64,93,85,68,85,戶
﻿68,85,93,85,93,106,68,106,献
﻿68,106,93,106,93,127,68,127,捷
﻿68,127,93,127,93,148,68,148,于
﻿68,148,93,148,93,169,68,169,昭
﻿68,169,93,169,93,190,68,190,陵
﻿68,190,93,190,93,211,68,211,𥘉
﻿68,211,93,211,93,232,68,232,元
﻿68,232,93,232,93,252,68,252,人
﻿68,252,93,252,93,273,68,273,嘗
﻿68,273,93,273,93,294,68,294,𭛁
﻿68,294,93,294,93,315,68,315,昭
﻿68,315,93,315,93,336,68,336,陵
﻿68,336,93,336,93,357,68,357,欲
﻿68,357,93,357,93,378,68,378,󰱧
﻿68,378,93,378,93,399,68,399,之
﻿68,399,93,399,93,420,68,420,而
﻿68,420,93,420,93,441,68,441,梓
﻿38,43,63,43,63,64,38,64,宫
﻿38,64,63,64,63,85,38,85,不
﻿38,85,63,85,63,106,38,106,犯
﻿38,106,63,106,63,127,38,127,及
﻿38,127,63,127,63,148,38,148,賊
﻿38,148,63,148,63,169,38,169,敗
﻿38,169,63,169,63,190,38,190,石
﻿38,190,63,190,63,211,38,211,馬
﻿38,211,63,211,63,232,38,232,之
﻿38,232,63,232,63,253,38,253,足
﻿38,253,63,253,63,274,38,274,皆
﻿38,274,63,274,63,295,38,295,沾
﻿38,295,63,295,63,316,38,316,泥
﻿38,316,63,316,63,337,38,337,盖
﻿38,337,63,337,63,358,38,358,神
﻿38,358,63,358,63,379,38,379,靈
﻿38,379,63,379,63,400,38,400,陰
﻿38,400,63,400,63,421,38,421,相
﻿38,421,63,421,63,443,38,443,也
﻿11,43,36,43,36,64,11,64,帝
﻿11,64,36,64,36,85,11,85,進
﻿11,85,36,85,36,106,11,106,謁
﻿11,106,36,106,36,127,11,127,時
﻿11,127,36,127,36,148,11,148,有
﻿11,148,36,148,36,169,11,169,詩
﻿11,169,36,169,36,190,11,190,云
﻿11,190,36,190,36,211,11,211,社
﻿11,211,36,211,36,232,11,232,稷
﻿11,232,36,232,36,254,11,254,两
﻿11,254,36,254,36,275,11,275,回
﻿11,275,36,275,36,296,11,296,勞
﻿11,296,36,296,36,317,11,317,石
﻿11,317,36,317,36,338,11,338,馬
﻿11,338,36,338,36,359,11,359,山
﻿11,359,36,359,36,380,11,380,河
﻿11,380,36,380,36,401,11,401,千
﻿11,401,36,401,36,422,11,422,古
﻿11,422,36,422,36,444,11,444,奠
