255,65,279,65,279,85,255,85,王
﻿255,85,279,85,279,105,255,105,以
﻿255,105,279,105,279,125,255,125,上
﻿255,125,279,125,279,145,255,145,無
﻿255,145,279,145,279,165,255,165,年
﻿255,165,279,165,279,185,255,185,表
﻿255,185,279,185,279,205,255,205,者
﻿255,205,279,205,279,225,255,225,世
﻿255,225,279,225,279,245,255,245,主
﻿255,245,279,245,279,265,255,265,傳
﻿255,265,279,265,279,285,255,285,序
﻿255,285,279,285,279,305,255,305,不
﻿255,305,279,305,279,325,255,325,可
﻿255,325,279,325,279,345,255,345,得
﻿255,345,279,345,279,365,255,365,而
﻿255,365,279,365,279,385,255,385,知
﻿255,385,279,385,279,405,255,405,也
﻿255,405,279,405,279,426,255,426,或
﻿229,64,253,64,253,84,229,84,云
﻿229,84,253,84,253,104,229,104,十
﻿229,104,253,104,253,124,229,124,八
﻿229,124,253,124,253,144,229,144,世
﻿229,144,253,144,253,164,229,164,恐
﻿229,164,253,164,253,184,229,184,未
﻿229,184,253,184,253,204,229,204,必
﻿229,204,253,204,253,225,229,225,然
﻿196,45,223,45,223,65,196,65,一
﻿196,65,223,65,223,85,196,85,趙
﻿196,85,223,85,223,105,196,105,紀
﻿196,105,223,105,223,125,196,125,當
﻿196,125,223,125,223,145,196,145,北
﻿196,145,223,145,223,165,196,165,朝
﻿196,165,223,165,223,185,196,185,漢
﻿196,185,223,185,223,205,196,205,高
﻿196,205,223,205,223,225,196,225,惠
﻿196,225,223,225,223,245,196,245,文
﻿196,245,223,245,223,265,196,265,景
﻿196,265,223,265,223,285,196,285,之
﻿196,285,223,285,223,305,196,305,世
﻿196,305,223,305,223,325,196,325,以
﻿196,325,223,325,223,345,196,345,建
﻿196,345,223,345,223,365,196,365,亥
﻿196,365,223,365,223,385,196,385,爲
﻿196,385,223,385,223,405,196,405,嵗
﻿196,405,223,405,223,425,196,425,首
﻿166,61,193,61,193,81,166,81,者
﻿166,81,193,81,193,102,166,102,庶
﻿166,102,193,102,193,122,166,122,考
﻿166,122,193,122,193,143,166,143,之
﻿166,143,193,143,193,163,166,163,朱
﻿166,163,193,163,193,184,166,184,子
﻿166,184,193,184,193,204,166,204,綱
﻿166,204,193,204,193,225,166,225,目
﻿166,225,193,225,193,245,166,245,不
﻿166,245,193,245,193,266,166,266,爲
﻿166,266,193,266,193,286,166,286,謬
﻿166,286,193,286,193,307,166,307,矣
﻿137,45,162,45,162,65,137,65,一
﻿137,65,162,65,162,85,137,85,每
﻿137,85,162,85,162,105,137,105,年
﻿137,105,162,105,162,125,137,125,甲
﻿137,125,162,125,162,145,137,145,子
﻿137,145,162,145,162,165,137,165,之
﻿137,165,162,165,162,185,137,185,下
﻿137,185,162,185,162,205,137,205,分
﻿137,205,162,205,162,225,137,225,註
﻿137,225,162,225,162,245,137,245,止
﻿137,245,162,245,162,265,137,265,書
﻿137,265,162,265,162,285,137,285,曆
﻿137,285,162,285,162,305,137,305,代
﻿137,305,162,305,162,325,137,325,繼
﻿137,325,162,325,162,345,137,345,正
﻿137,345,162,345,162,365,137,365,統
﻿137,365,162,365,162,385,137,385,者
﻿137,385,162,385,162,405,137,405,其
﻿137,405,162,405,162,425,137,425,餘
﻿107,60,133,60,133,80,107,80,列
﻿107,80,133,80,133,100,107,100,國
﻿107,100,133,100,133,121,107,121,不
﻿107,121,133,121,133,141,107,141,書
﻿107,141,133,141,133,161,107,161,無
﻿107,161,133,161,133,182,107,182,接
﻿107,182,133,182,133,202,107,202,我
﻿107,202,133,202,133,222,107,222,也
﻿107,222,133,222,133,243,107,243,如
﻿107,243,133,243,133,263,107,263,吳
﻿107,263,133,263,133,283,107,283,魏
﻿107,283,133,283,133,304,107,304,南
﻿107,304,133,304,133,324,107,324,漢
﻿107,324,133,324,133,344,107,344,事
﻿107,344,133,344,133,365,107,365,有
﻿107,365,133,365,133,385,107,385,接
﻿107,385,133,385,133,405,107,405,我
﻿107,405,133,405,133,426,107,426,則
﻿80,58,105,58,105,80,80,80,書
﻿80,80,105,80,105,102,80,102,某
﻿80,102,105,102,105,124,80,124,主
﻿48,44,74,44,74,63,48,63,一
﻿48,63,74,63,74,83,48,83,凣
﻿48,83,74,83,74,103,48,103,紀
﻿48,103,74,103,74,123,48,123,本
﻿48,123,74,123,74,143,48,143,事
﻿48,143,74,143,74,163,48,163,而
﻿48,163,74,163,74,183,48,183,涉
﻿48,183,74,183,74,203,48,203,前
﻿48,203,74,203,74,223,48,223,後
﻿48,223,74,223,74,243,48,243,事
﻿48,243,74,243,74,263,48,263,本
﻿48,263,74,263,74,283,48,283,事
﻿48,283,74,283,74,303,48,303,大
﻿48,303,74,303,74,323,48,323,書
﻿48,323,74,323,74,343,48,343,前
﻿48,343,74,343,74,363,48,363,後
﻿48,363,74,363,74,383,48,383,事
﻿48,383,74,383,74,403,48,403,分
﻿48,403,74,403,74,423,48,423,註
﻿20,60,44,60,44,80,20,80,庶
﻿20,80,44,80,44,101,20,101,得
﻿20,101,44,101,44,122,20,122,耳
﻿20,122,44,122,44,142,20,142,見
﻿20,142,44,142,44,163,20,163,無
﻿20,163,44,163,44,184,20,184,遺
