257,58,278,58,278,78,257,78,公
﻿257,78,278,78,278,99,257,99,羡
﻿257,99,278,99,278,119,257,119,乃
﻿257,119,278,119,278,140,257,140,楊
﻿257,140,278,140,278,161,257,161,正
﻿257,161,278,161,278,181,257,181,公
﻿257,181,278,181,278,202,257,202,之
﻿257,202,278,202,278,222,257,222,󰒂
﻿257,222,278,222,278,243,257,243,兒
﻿257,243,278,243,278,264,257,264,忘
﻿257,264,278,264,278,284,257,284,其
﻿257,284,278,284,278,305,257,305,豢
﻿257,305,278,305,278,325,257,325,養
﻿257,325,278,325,278,346,257,346,之
﻿257,346,278,346,278,367,257,367,恩
﻿257,367,278,367,278,387,257,387,率
﻿257,387,278,387,278,408,257,408,其
﻿257,408,278,408,278,429,257,429,黨
﻿228,60,251,60,251,80,228,80,而
﻿228,80,251,80,251,100,228,100,殺
﻿228,100,251,100,251,120,228,120,正
﻿228,120,251,120,251,140,228,140,公
﻿228,140,251,140,251,160,228,160,是
﻿228,160,251,160,251,181,228,181,以
﻿228,181,251,181,251,201,228,201,子
﻿228,201,251,201,251,221,228,221,而
﻿228,221,251,221,251,241,228,241,殺
﻿228,241,251,241,251,261,228,261,其
﻿228,261,251,261,251,281,228,281,父
﻿228,281,251,281,251,302,228,302,竟
﻿228,302,251,302,251,322,228,322,為
﻿228,322,251,322,251,342,228,342,先
﻿228,342,251,342,251,362,228,362,主
﻿228,362,251,362,251,382,228,382,所
﻿228,382,251,382,251,402,228,402,誅
﻿228,402,251,402,251,423,228,423,三
﻿198,54,222,54,222,74,198,74,哥
﻿198,74,222,74,222,95,198,95,乃
﻿198,95,222,95,222,115,198,115,吳
﻿198,115,222,115,222,136,198,136,昌
﻿198,136,222,136,222,157,198,157,岌
﻿198,157,222,157,222,177,198,177,之
﻿198,177,222,177,222,198,198,198,舊
﻿198,198,222,198,222,218,198,218,臣
﻿198,218,222,218,222,239,198,239,背
﻿198,239,222,239,222,260,198,260,其
﻿198,260,222,260,222,280,198,280,顧
﻿198,280,222,280,222,301,198,301,托
﻿198,301,222,301,222,321,198,321,之
﻿198,321,222,321,222,342,198,342,言
﻿198,342,222,342,222,363,198,363,逐
﻿198,363,222,363,222,383,198,383,其
﻿198,383,222,383,222,404,198,404,君
﻿198,404,222,404,222,425,198,425,而
﻿168,59,191,59,191,79,168,79,自
﻿168,79,191,79,191,99,168,99,立
﻿168,99,191,99,191,119,168,119,是
﻿168,119,191,119,191,140,168,140,以
﻿168,140,191,140,191,160,168,160,臣
﻿168,160,191,160,191,180,168,180,而
﻿168,180,191,180,191,200,168,200,叛
﻿168,200,191,200,191,221,168,221,其
﻿168,221,191,221,191,241,168,241,君
﻿168,241,191,241,191,261,168,261,又
﻿168,261,191,261,191,282,168,282,為
﻿168,282,191,282,191,302,168,302,後
﻿168,302,191,302,191,322,168,322,主
﻿168,322,191,322,191,342,168,342,所
﻿168,342,191,342,191,363,168,363,戮
﻿168,363,191,363,191,383,168,383,乱
﻿168,383,191,383,191,403,168,403,賊
﻿168,403,191,403,191,424,168,424,之
﻿139,58,162,58,162,78,139,78,軰
﻿139,78,162,78,162,98,139,98,生
﻿139,98,162,98,162,119,139,119,前
﻿139,119,162,119,162,139,139,139,則
﻿139,139,162,139,162,159,139,159,不
﻿139,159,162,159,162,180,139,180,容
﻿139,180,162,180,162,200,139,200,天
﻿139,200,162,200,162,221,139,221,地
﻿139,221,162,221,162,241,139,241,之
﻿139,241,162,241,162,261,139,261,間
﻿139,261,162,261,162,282,139,282,没
﻿139,282,162,282,162,302,139,302,後
﻿139,302,162,302,162,323,139,323,則
﻿139,323,162,323,162,343,139,343,難
﻿139,343,162,343,162,363,139,363,迯
﻿139,363,162,363,162,384,139,384,春
﻿139,384,162,384,162,404,139,404,秋
﻿139,404,162,404,162,425,139,425,之
﻿109,60,132,60,132,80,109,80,法
﻿109,80,132,80,132,100,109,100,故
﻿109,100,132,100,132,120,109,120,史
﻿109,120,132,120,132,140,109,140,臣
﻿109,140,132,140,132,161,109,161,筆
﻿109,161,132,161,132,181,109,181,之
﻿109,181,132,181,132,201,109,201,通
﻿109,201,132,201,132,221,109,221,鑑
﻿109,221,132,221,132,242,109,242,深
﻿109,242,132,242,132,262,109,262,致
﻿109,262,132,262,132,282,109,282,意
﻿109,282,132,282,132,302,109,302,於
﻿109,302,132,302,132,322,109,322,其
﻿109,322,132,322,132,343,109,343,間
﻿109,343,132,343,132,363,109,363,焉
﻿109,363,132,363,132,383,109,383,吳
﻿109,383,132,383,132,403,109,403,氏
﻿109,403,132,403,132,424,109,424,既
﻿79,59,102,59,102,79,79,79,亡
﻿79,79,102,79,102,99,79,99,十
﻿79,99,102,99,102,120,79,120,二
﻿79,120,102,120,102,140,79,140,使
﻿79,140,102,140,102,160,79,160,君
﻿79,160,102,160,102,181,79,181,乘
﻿79,181,102,181,102,201,79,201,時
﻿79,201,102,201,102,222,79,222,蜂
﻿79,222,102,222,102,242,79,242,起
﻿79,242,102,242,102,262,79,262,吳
﻿79,262,102,262,102,283,79,283,日
﻿79,283,102,283,102,303,79,303,慶
﻿79,303,102,303,102,324,79,324,㨿
﻿79,324,102,324,102,344,79,344,唐
﻿79,344,102,344,102,364,79,364,林
﻿79,364,102,364,102,385,79,385,李
﻿79,385,102,385,102,405,79,405,朗
﻿79,405,102,405,102,426,79,426,公
﻿49,57,73,57,73,77,49,77,㨿
﻿49,77,73,77,73,97,49,97,超
﻿49,97,73,97,73,118,49,118,類
﻿49,118,73,118,73,138,49,138,矯
﻿49,138,73,138,73,159,49,159,順
﻿49,159,73,159,73,179,49,179,㨿
﻿49,179,73,179,73,200,49,200,洄
﻿49,200,73,200,73,220,49,220,湖
﻿49,220,73,220,73,241,49,241,吳
﻿49,241,73,241,73,261,49,261,南
﻿49,261,73,261,73,281,49,281,帝
﻿49,281,73,281,73,302,49,302,㨿
﻿49,302,73,302,73,322,49,322,夜
﻿49,322,73,322,73,343,49,343,澤
﻿49,343,73,343,73,363,49,363,阮
﻿49,363,73,363,73,384,49,384,超
﻿49,384,73,384,73,404,49,404,㨿
﻿49,404,73,404,73,425,49,425,扶
﻿19,54,43,54,43,74,19,74,烈
﻿19,74,43,74,43,95,19,95,范
﻿19,95,43,95,43,116,19,116,防
﻿19,116,43,116,43,137,19,137,遏
﻿19,137,43,137,43,157,19,157,㨿
﻿19,157,43,157,43,178,19,178,藤
﻿19,178,43,178,43,199,19,199,州
﻿19,199,43,199,43,220,19,220,陳
﻿19,220,43,220,43,241,19,241,明
﻿19,241,43,241,43,261,19,261,公
﻿19,261,43,261,43,282,19,282,㨿
﻿19,282,43,282,43,303,19,303,長
﻿19,303,43,303,43,324,19,324,州
﻿19,324,43,324,43,344,19,344,吳
﻿19,344,43,344,43,365,19,365,昌
﻿19,365,43,365,43,386,19,386,熾
﻿19,386,43,386,43,407,19,407,㨿
﻿19,407,43,407,43,428,19,428,平
