251,32,275,32,275,53,251,53,買
﻿251,53,275,53,275,75,251,75,帖
﻿251,75,275,75,275,97,251,97,子
﻿251,97,275,97,275,119,251,119,侵
﻿251,119,275,119,275,141,251,141,占
﻿251,141,275,141,275,162,251,162,民
﻿251,162,275,162,275,184,251,184,田
﻿251,184,275,184,275,206,251,206,土
﻿251,206,275,206,275,228,251,228,奪
﻿251,228,275,228,275,250,251,250,取
﻿251,250,275,250,275,272,251,272,民
﻿251,272,275,272,275,293,251,293,才
﻿251,293,275,293,275,315,251,315,貨
﻿251,315,275,315,275,337,251,337,敺
﻿251,337,275,337,275,359,251,359,打
﻿251,359,275,359,275,381,251,381,良
﻿251,381,275,381,275,403,251,403,民
﻿219,33,244,33,244,54,219,54,挑
﻿219,54,244,54,244,76,219,76,謔
﻿219,76,244,76,244,98,219,98,婦
﻿219,98,244,98,244,120,219,120,女
﻿219,120,244,120,244,142,219,142,亦
﻿219,142,244,142,244,163,219,163,有
﻿219,163,244,163,244,185,219,185,停
﻿219,185,244,185,244,207,219,207,止
﻿219,207,244,207,244,229,219,229,奸
﻿219,229,244,229,244,251,219,251,人
﻿219,251,244,251,244,273,219,273,分
﻿219,273,244,273,244,294,219,294,財
﻿219,294,244,294,244,316,219,316,入
﻿219,316,244,316,244,338,219,338,己
﻿219,338,244,338,244,360,219,360,恃
﻿219,360,244,360,244,382,219,382,勢
﻿219,382,244,382,244,404,219,404,凌
﻿188,31,213,31,213,52,188,52,櫟
﻿188,52,213,52,213,74,188,74,為
﻿188,74,213,74,213,96,188,96,害
﻿188,96,213,96,213,118,188,118,愈
﻿188,118,213,118,213,139,188,139,滋
﻿188,139,213,139,213,161,188,161,今
﻿188,161,213,161,213,183,188,183,惡
﻿188,183,213,183,213,205,188,205,黨
﻿188,205,213,205,213,226,188,226,𨿽
﻿188,226,213,226,213,248,188,248,已
﻿188,248,213,248,213,270,188,270,伏
﻿188,270,213,270,213,292,188,292,辜
﻿188,292,213,292,213,313,188,313,而
﻿188,313,213,313,213,335,188,335,前
﻿188,335,213,335,213,357,188,357,項
﻿188,357,213,357,213,379,188,379,奸
﻿188,379,213,379,213,401,188,401,人
﻿160,31,182,31,182,52,160,52,猶
﻿160,52,182,52,182,74,160,74,狃
﻿160,74,182,74,182,96,160,96,故
﻿160,96,182,96,182,118,160,118,熊
﻿160,118,182,118,182,139,160,139,肆
﻿160,139,182,139,182,161,160,161,行
﻿160,161,182,161,182,183,160,183,㓙
﻿160,183,182,183,182,205,160,205,惡
﻿160,205,182,205,182,226,160,226,攪
﻿160,226,182,226,182,248,160,248,擾
﻿160,248,182,248,182,270,160,270,細
﻿160,270,182,270,182,292,160,292,民
﻿160,292,182,292,182,313,160,313,者
﻿160,313,182,313,182,335,160,335,德
﻿160,335,182,335,182,357,160,357,被
﻿160,357,182,357,182,379,160,379,害
﻿160,379,182,379,182,401,160,401,人
﻿129,32,151,32,151,53,129,53,并
﻿129,53,151,53,151,75,129,75,坊
﻿129,75,151,75,151,96,129,96,社
﻿129,96,151,96,151,118,129,118,村
﻿129,118,151,118,151,140,129,140,長
﻿129,140,151,140,151,161,129,161,押
﻿129,161,151,161,151,183,129,183,引
﻿129,183,151,183,151,205,129,205,正
﻿129,205,151,205,151,226,129,226,身
﻿129,226,151,226,151,248,129,248,投
﻿129,248,151,248,151,270,129,270,告
﻿129,270,151,270,151,291,129,291,承
﻿129,291,151,291,151,313,129,313,憲
﻿129,313,151,313,151,335,129,335,府
﻿129,335,151,335,151,356,129,356,縣
﻿129,356,151,356,151,378,129,378,州
﻿129,378,151,378,151,400,129,400,官
﻿98,31,121,31,121,51,98,51,具
﻿98,51,121,51,121,72,98,72,本
﻿98,72,121,72,121,93,98,93,如
﻿98,93,121,93,121,113,98,113,律
﻿98,113,121,113,121,134,98,134,治
﻿98,134,121,134,121,155,98,155,罪
﻿98,155,121,155,121,175,98,175,若
﻿98,175,121,175,121,196,98,196,承
﻿98,196,121,196,121,217,98,217,憲
﻿98,217,121,217,121,237,98,237,府
﻿98,237,121,237,121,258,98,258,縣
﻿98,258,121,258,121,279,98,279,州
﻿98,279,121,279,121,299,98,299,官
﻿98,299,121,299,121,320,98,320,畏
﻿98,320,121,320,121,341,98,341,避
﻿98,341,121,341,121,361,98,361,不
﻿98,361,121,361,121,382,98,382,肯
﻿98,382,121,382,121,403,98,403,為
﻿68,33,92,33,92,54,68,54,理
﻿68,54,92,54,92,76,68,76,許
﻿68,76,92,76,92,97,68,97,被
﻿68,97,92,97,92,119,68,119,害
﻿68,119,92,119,92,140,68,140,人
﻿68,140,92,140,92,162,68,162,詣
﻿68,162,92,162,92,183,68,183,闕
﻿68,183,92,183,92,205,68,205,奏
﻿68,205,92,205,92,226,68,226,聞
﻿68,226,92,226,92,248,68,248,一
﻿68,248,92,248,92,269,68,269,體
﻿68,269,92,269,92,291,68,291,送
﻿68,291,92,291,92,312,68,312,刑
﻿68,312,92,312,92,334,68,334,部
﻿68,334,92,334,92,355,68,355,治
﻿68,355,92,355,92,377,68,377,罪
﻿41,31,62,31,62,52,41,52,五
﻿41,52,62,52,62,74,41,74,月
﻿41,74,62,74,62,96,41,96,初
﻿41,96,62,96,62,118,41,118,五
﻿41,118,62,118,62,140,41,140,日
﻿41,140,62,140,62,161,41,161,上
﻿41,161,62,161,62,183,41,183,御
﻿41,183,62,183,62,205,41,205,敬
﻿41,205,62,205,62,227,41,227,天
﻿41,227,62,227,62,249,41,249,殿
﻿41,249,62,249,62,271,41,271,鴻
﻿41,271,62,271,62,292,41,292,臚
﻿41,292,62,292,62,314,41,314,傳
﻿41,314,62,314,62,336,41,336,唱
﻿41,336,62,336,62,358,41,358,進
﻿41,358,62,358,62,380,41,380,士
﻿41,380,62,380,62,402,41,402,黄
﻿11,30,33,30,33,51,11,51,義
﻿11,51,33,51,33,73,11,73,富
﻿11,73,33,73,33,95,11,95,等
﻿11,95,33,95,33,117,11,117,名
﻿11,117,33,117,33,139,11,139,百
﻿11,139,33,139,33,161,11,161,官
﻿11,161,33,161,33,183,11,183,朝
﻿11,183,33,183,33,205,11,205,服
﻿11,205,33,205,33,227,11,227,慶
﻿11,227,33,227,33,249,11,249,賀
﻿11,249,33,249,33,271,11,271,奉
﻿11,271,33,271,33,293,11,293,頒
﻿11,293,33,293,33,315,11,315,恩
﻿11,315,33,315,33,337,11,337,命
﻿11,337,33,337,33,359,11,359,禮
﻿11,359,33,359,33,381,11,381,部
﻿11,381,33,381,33,403,11,403,捧
