243,69,265,69,265,86,243,86,大
﻿243,86,265,86,265,103,243,103,會
﻿243,103,265,103,265,121,243,121,諸
﻿243,121,265,121,265,138,243,138,將
﻿243,138,265,138,265,155,243,155,文
﻿243,155,265,155,265,173,243,173,武
﻿243,173,265,173,265,190,243,190,臣
﻿243,190,265,190,265,208,243,208,僚
﻿243,208,265,208,265,225,243,225,定
﻿243,225,265,225,265,242,243,242,功
﻿243,242,265,242,265,260,243,260,行
﻿243,260,265,260,265,277,243,277,賞
﻿243,277,265,277,265,294,243,294,眎
﻿243,294,265,294,265,312,243,312,功
﻿243,312,265,312,265,329,243,329,之
﻿243,329,265,329,265,347,243,347,高
﻿243,347,265,347,265,364,243,364,下
﻿243,364,265,364,265,381,243,381,定
﻿243,381,265,381,265,399,243,399,爲
﻿243,399,265,399,265,416,243,416,等
﻿243,416,265,416,265,434,243,434,級
﻿213,70,239,70,239,85,213,85,以
﻿213,85,239,85,239,101,213,101,承
﻿213,101,239,101,239,117,213,117,旨
﻿213,117,239,117,239,132,213,132,阮
﻿213,132,239,132,239,148,213,148,廌
﻿213,148,239,148,239,164,213,164,爲
﻿213,164,239,164,239,180,213,180,冠
﻿213,180,239,180,239,195,213,195,服
﻿213,195,239,195,239,211,213,211,候
﻿213,211,239,211,239,227,213,227,司
﻿213,227,239,227,239,243,213,243,徒
﻿213,243,239,243,239,258,213,258,陳
﻿213,258,239,258,239,274,213,274,扞
﻿213,274,239,274,239,290,213,290,爲
﻿213,290,239,290,239,306,213,306,左
﻿213,306,239,306,239,321,213,321,相
﻿213,321,239,321,239,337,213,337,國
﻿213,337,239,337,239,353,213,353,樞
﻿213,353,239,353,239,369,213,369,密
﻿213,369,239,369,239,384,213,384,大
﻿213,384,239,384,239,400,213,400,使
﻿213,400,239,400,239,416,213,416,范
﻿213,416,239,416,239,432,213,432,文
﻿184,69,208,69,208,85,184,85,巧
﻿184,85,208,85,208,102,184,102,爲
﻿184,102,208,102,208,118,184,118,太
﻿184,118,208,118,208,135,184,135,保
﻿184,135,208,135,208,151,184,151,並
﻿184,151,208,151,208,168,184,168,賜
﻿184,168,208,168,208,184,184,184,國
﻿184,184,208,184,208,201,184,201,姓
﻿184,201,208,201,208,217,184,217,分
﻿184,217,208,217,208,234,184,234,國
﻿184,234,208,234,208,250,184,250,中
﻿184,250,208,250,208,267,184,267,爲
﻿184,267,208,267,208,283,184,283,五
﻿184,283,208,283,208,300,184,300,道
﻿184,300,208,300,208,316,184,316,道
﻿184,316,208,316,208,333,184,333,置
﻿184,333,208,333,208,349,184,349,衛
﻿184,349,208,349,208,366,184,366,軍
﻿184,366,208,366,208,382,184,382,衛
﻿184,382,208,382,208,399,184,399,置
﻿184,399,208,399,208,415,184,415,總
﻿184,415,208,415,208,432,184,432,管
﻿155,66,179,66,179,83,155,83,大
﻿155,83,179,83,179,100,155,100,小
﻿155,100,179,100,179,118,155,118,相
﻿155,118,179,118,179,135,155,135,維
﻿155,135,179,135,179,153,155,153,上
﻿155,153,179,153,179,170,155,170,下
﻿155,170,179,170,179,188,155,188,相
﻿155,188,179,188,179,205,155,205,繋
﻿155,205,179,205,179,223,155,223,又
﻿155,223,179,223,179,240,155,240,置
﻿155,240,179,240,179,258,155,258,各
﻿155,258,179,258,179,275,155,275,道
﻿155,275,179,275,179,293,155,293,行
﻿155,293,179,293,179,310,155,310,遣
﻿155,310,179,310,179,328,155,328,分
﻿155,328,179,328,179,345,155,345,掌
﻿155,345,179,345,179,363,155,363,軍
﻿155,363,179,363,179,380,155,380,民
﻿155,380,179,380,179,398,155,398,簿
﻿155,398,179,398,179,415,155,415,籍
﻿155,415,179,415,179,432,155,432,遣
﻿125,68,150,68,150,88,125,88,官
﻿125,88,150,88,150,108,125,108,分
﻿125,108,150,108,150,128,125,128,祭
﻿125,128,150,128,150,149,125,149,?
﻿125,149,150,149,150,169,125,169,處
﻿125,169,150,169,150,189,125,189,山
﻿125,189,150,189,150,209,125,209,川
﻿125,209,150,209,150,230,125,230,廟
﻿125,230,150,230,150,250,125,250,社
﻿125,250,150,250,150,270,125,270,神
﻿125,270,150,270,150,291,125,291,祗
﻿125,291,150,291,150,311,125,311,及
﻿125,311,150,311,150,331,125,331,先
﻿125,331,150,331,150,351,125,351,朝
﻿125,351,150,351,150,372,125,372,陵
﻿125,372,150,372,150,392,125,392,寝
﻿125,392,150,392,150,412,125,412,追
﻿125,412,150,412,150,433,125,433,尊
﻿95,68,119,68,119,86,95,86,考
﻿95,86,119,86,119,104,95,104,妣
﻿95,104,119,104,119,122,95,122,以
﻿95,122,119,122,119,141,95,141,上
﻿95,141,119,141,119,159,95,159,謚
﻿95,159,119,159,119,177,95,177,號
﻿95,177,119,177,119,195,95,195,祖
﻿95,195,119,195,119,214,95,214,考
﻿95,214,119,214,119,232,95,232,汀
﻿95,232,119,232,119,250,95,250,爲
﻿95,250,119,250,119,268,95,268,昭
﻿95,268,119,268,119,287,95,287,德
﻿95,287,119,287,119,305,95,305,皇
﻿95,305,119,305,119,323,95,323,帝
﻿95,323,119,323,119,341,95,341,妣
﻿95,341,119,341,119,360,95,360,阮
﻿95,360,119,360,119,378,95,378,氏
﻿95,378,119,378,119,396,95,396,廓
﻿95,396,119,396,119,414,95,414,爲
﻿95,414,119,414,119,433,95,433,嘉
﻿66,70,91,70,91,89,66,89,淑
﻿66,89,91,89,91,108,66,108,皇
﻿66,108,91,108,91,127,66,127,后
﻿66,127,91,127,91,146,66,146,考
﻿66,146,91,146,91,165,66,165,曠
﻿66,165,91,165,91,184,66,184,爲
﻿66,184,91,184,91,203,66,203,宣
﻿66,203,91,203,91,222,66,222,祖
﻿66,222,91,222,91,241,66,241,皇
﻿66,241,91,241,91,261,66,261,帝
﻿66,261,91,261,91,280,66,280,妣
﻿66,280,91,280,91,299,66,299,鄭
﻿66,299,91,299,91,318,66,318,氏
﻿66,318,91,318,91,337,66,337,蒼
﻿66,337,91,337,91,356,66,356,爲
﻿66,356,91,356,91,375,66,375,懿
﻿66,375,91,375,91,394,66,394,文
﻿66,394,91,394,91,413,66,413,皇
﻿66,413,91,413,91,433,66,433,后
﻿39,71,61,71,61,92,39,92,夏
﻿39,92,61,92,61,113,39,113,四
﻿39,113,61,113,61,134,39,134,月
﻿39,134,61,134,61,155,39,155,帝
﻿39,155,61,155,61,177,39,177,由
﻿39,177,61,177,61,198,39,198,菩
﻿39,198,61,198,61,219,39,219,提
﻿39,219,61,219,61,240,39,240,草
﻿39,240,61,240,61,262,39,262,殿
﻿39,262,61,262,61,283,39,283,就
﻿39,283,61,283,61,304,39,304,居
﻿39,304,61,304,61,325,39,325,東
﻿39,325,61,325,61,347,39,347,京
﻿39,347,61,347,61,368,39,368,城
﻿39,368,61,368,61,389,39,389,十
﻿39,389,61,389,61,410,39,410,五
﻿39,410,61,410,61,432,39,432,日
﻿11,70,34,70,34,91,11,91,帝
﻿11,91,34,91,34,112,11,112,即
﻿11,112,34,112,34,133,11,133,位
﻿11,133,34,133,34,154,11,154,于
﻿11,154,34,154,34,176,11,176,東
﻿11,176,34,176,34,197,11,197,京
﻿11,197,34,197,34,218,11,218,大
﻿11,218,34,218,34,239,11,239,赦
﻿11,239,34,239,34,261,11,261,改
﻿11,261,34,261,34,282,11,282,元
﻿11,282,34,282,34,303,11,303,順
﻿11,303,34,303,34,324,11,324,天
﻿11,324,34,324,34,346,11,346,建
﻿11,346,34,346,34,367,11,367,國
﻿11,367,34,367,34,388,11,388,號
﻿11,388,34,388,34,409,11,409,大
﻿11,409,34,409,34,431,11,431,越
