248,35,273,35,273,56,248,56,名
﻿248,56,273,56,273,77,248,77,如
﻿248,77,273,77,273,98,248,98,𦾔
﻿248,98,273,98,273,120,248,120,有
﻿248,120,273,120,273,141,248,141,著
﻿248,141,273,141,273,162,248,162,者
﻿248,162,273,162,273,184,248,184,即
﻿248,184,273,184,273,205,248,205,改
﻿248,205,273,205,273,226,248,226,别
﻿248,226,273,226,273,248,248,248,字
﻿248,248,273,248,273,269,248,269,新
﻿248,269,273,269,273,290,248,290,𦾔
﻿248,290,273,290,273,312,248,312,不
﻿248,312,273,312,273,333,248,333,得
﻿248,333,273,333,273,354,248,354,虫
﻿248,354,273,354,273,376,248,376,復
﻿216,34,243,34,243,56,216,56,十
﻿216,56,243,56,243,78,216,78,一
﻿216,78,243,78,243,101,216,101,月
﻿216,101,243,101,243,123,216,123,󰱇
﻿216,123,243,123,243,146,216,146,補
﻿216,146,243,146,243,168,216,168,軍
﻿216,168,243,168,243,190,216,190,伍
﻿216,190,243,190,243,213,216,213,定
﻿216,213,243,213,243,235,216,235,脧
﻿216,235,243,235,243,258,216,258,削
﻿216,258,243,258,243,280,216,280,䂓
﻿216,280,243,280,243,302,216,302,財
﻿216,302,243,302,243,325,216,325,令
﻿216,325,243,325,243,347,216,347,係
﻿216,347,243,347,243,370,216,370,營
﻿216,370,243,370,243,392,216,392,造
﻿216,392,243,392,243,415,216,415,修
﻿185,37,212,37,212,58,185,58,理
﻿185,58,212,58,212,79,185,79,托
﻿185,79,212,79,212,100,185,100,以
﻿185,100,212,100,212,122,185,122,營
﻿185,122,212,122,212,143,185,143,内
﻿185,143,212,143,212,164,185,164,而
﻿185,164,212,164,212,185,185,185,脧
﻿185,185,212,185,212,207,185,207,削
﻿185,207,212,207,212,228,185,228,䂓
﻿185,228,212,228,212,249,185,249,財
﻿185,249,212,249,212,270,185,270,以
﻿185,270,212,270,212,292,185,292,䂓
﻿185,292,212,292,212,313,185,313,財
﻿185,313,212,313,212,334,185,334,罪
﻿185,334,212,334,212,355,185,355,罪
﻿185,355,212,355,212,377,185,377,之
﻿154,34,179,34,179,55,154,55,定
﻿154,55,179,55,179,76,154,76,試
﻿154,76,179,76,179,97,154,97,官
﻿154,97,179,97,179,118,154,118,罪
﻿154,118,179,118,179,139,154,139,一
﻿154,139,179,139,179,160,154,160,干
﻿154,160,179,160,179,181,154,181,公
﻿154,181,179,181,179,202,154,202,事
﻿154,202,179,202,179,223,154,223,以
﻿154,223,179,223,179,244,154,244,有
﻿154,244,179,244,179,265,154,265,官
﻿154,265,179,265,179,286,154,286,議
﻿154,286,179,286,179,307,154,307,之
﻿154,307,179,307,179,328,154,328,若
﻿154,328,179,328,179,349,154,349,干
﻿154,349,179,349,179,370,154,370,私
﻿154,370,179,370,179,391,154,391,事
﻿154,391,179,391,179,413,154,413,以
﻿124,34,149,34,149,55,124,55,無
﻿124,55,149,55,149,76,124,76,官
﻿124,76,149,76,149,97,124,97,議
﻿124,97,149,97,149,119,124,119,之
﻿93,35,121,35,121,56,93,56,勑
﻿93,56,121,56,121,77,93,77,旨
﻿93,77,121,77,121,98,93,98,天
﻿93,98,121,98,121,119,93,119,下
﻿93,119,121,119,121,140,93,140,修
﻿93,140,121,140,121,162,93,162,治
﻿93,162,121,162,121,183,93,183,堤
﻿93,183,121,183,121,204,93,204,防
﻿93,204,121,204,121,225,93,225,及
﻿93,225,121,225,121,246,93,246,道
﻿93,246,121,246,121,267,93,267,路
﻿93,267,121,267,121,289,93,289,等
﻿93,289,121,289,121,310,93,310,處
﻿93,310,121,310,121,331,93,331,置
﻿93,331,121,331,121,352,93,352,勸
﻿93,352,121,352,121,373,93,373,農
﻿93,373,121,373,121,394,93,394,河
﻿93,394,121,394,121,416,93,416,堤
﻿64,35,88,35,88,58,64,58,等
﻿64,58,88,58,88,81,64,81,官
﻿64,81,88,81,88,104,64,104,明
﻿64,104,88,104,88,127,64,127,立
﻿64,127,88,127,88,150,64,150,皇
﻿64,150,88,150,88,173,64,173,子
﻿64,173,88,173,88,196,64,196,榶
﻿64,196,88,196,88,219,64,219,?
﻿64,219,88,219,88,242,64,242,?
﻿64,242,88,242,88,265,64,265,皇
﻿64,265,88,265,88,288,64,288,太
﻿64,288,88,288,88,311,64,311,子
﻿33,34,57,34,57,55,33,55,勑
﻿33,55,57,55,57,76,33,76,旨
﻿33,76,57,76,57,97,33,97,總
﻿33,97,57,97,57,118,33,118,兵
﻿33,118,57,118,57,139,33,139,官
﻿33,139,57,139,57,161,33,161,赴
﻿33,161,57,161,57,182,33,182,京
﻿33,182,57,182,57,203,33,203,必
﻿33,203,57,203,57,224,33,224,降
﻿33,224,57,224,57,245,33,245,勅
﻿33,245,57,245,57,266,33,266,書
﻿33,266,57,266,57,288,33,288,内
﻿33,288,57,288,57,309,33,309,符
﻿33,309,57,309,57,330,33,330,果
﻿33,330,57,330,57,351,33,351,無
﻿33,351,57,351,57,372,33,372,差
﻿33,372,57,372,57,393,33,393,忒
﻿33,393,57,393,57,415,33,415,方
﻿6,37,28,37,28,58,6,58,可
﻿6,58,28,58,28,79,6,79,從
﻿6,79,28,79,28,100,6,100,命
﻿6,100,28,100,28,121,6,121,若
﻿6,121,28,121,28,142,6,142,有
﻿6,142,28,142,28,163,6,163,符
﻿6,163,28,163,28,184,6,184,無
﻿6,184,28,184,28,205,6,205,勑
﻿6,205,28,205,28,227,6,227,有
﻿6,227,28,227,28,248,6,248,勑
﻿6,248,28,248,28,269,6,269,無
﻿6,269,28,269,28,290,6,290,符
﻿6,290,28,290,28,311,6,311,而
﻿6,311,28,311,28,332,6,332,擅
﻿6,332,28,332,28,353,6,353,自
﻿6,353,28,353,28,374,6,374,離
﻿6,374,28,374,28,395,6,395,任
﻿6,395,28,395,28,417,6,417,者
