254,11,275,11,275,31,254,31,有
﻿254,31,275,31,275,52,254,52,頃
﻿254,52,275,52,275,73,254,73,太
﻿254,73,275,73,275,94,254,94,子
﻿254,94,275,94,275,115,254,115,自
﻿254,115,275,115,275,136,254,136,祥
﻿254,136,275,136,275,157,254,157,符
﻿254,157,275,157,275,178,254,178,門
﻿254,178,275,178,275,199,254,199,入
﻿254,199,275,199,275,220,254,220,至
﻿254,220,275,220,275,241,254,241,乾
﻿254,241,275,241,275,262,254,262,元
﻿254,262,275,262,275,283,254,283,殿
﻿254,283,275,283,275,304,254,304,覺
﻿254,304,275,304,275,325,254,325,變
﻿254,325,275,325,275,346,254,346,命
﻿254,346,275,346,275,367,254,367,内
﻿254,367,275,367,275,388,254,388,竪
﻿254,388,275,388,275,409,254,409,閉
﻿225,11,247,11,247,31,225,31,諸
﻿225,31,247,31,247,52,225,52,殿
﻿225,52,247,52,247,73,225,73,門
﻿225,73,247,73,247,94,225,94,及
﻿225,94,247,94,247,115,225,115,使
﻿225,115,247,115,247,136,225,136,宫
﻿225,136,247,136,247,156,225,156,中
﻿225,156,247,156,247,177,225,177,衛
﻿225,177,247,177,247,198,225,198,士
﻿225,198,247,198,247,219,225,219,守
﻿225,219,247,219,247,240,225,240,備
﻿225,240,247,240,247,261,225,261,因
﻿225,261,247,261,247,281,225,281,謂
﻿225,281,247,281,247,302,225,302,左
﻿225,302,247,302,247,323,225,323,右
﻿225,323,247,323,247,344,225,344,曰
﻿225,344,247,344,247,365,225,365,我
﻿225,365,247,365,247,386,225,386,於
﻿225,386,247,386,247,407,225,407,兄
﻿194,12,218,12,218,33,194,33,弟
﻿194,33,218,33,218,54,194,54,無
﻿194,54,218,54,218,75,194,75,所
﻿194,75,218,75,218,96,194,96,毫
﻿194,96,218,96,218,117,194,117,負
﻿194,117,218,117,218,138,194,138,今
﻿194,138,218,138,218,159,194,159,三
﻿194,159,218,159,218,180,194,180,王
﻿194,180,218,180,218,201,194,201,行
﻿194,201,218,201,218,222,194,222,不
﻿194,222,218,222,218,243,194,243,義
﻿194,243,218,243,218,264,194,264,忘
﻿194,264,218,264,218,285,194,285,先
﻿194,285,218,285,218,306,194,306,帝
﻿194,306,218,306,218,327,194,327,之
﻿194,327,218,327,218,348,194,348,遺
﻿194,348,218,348,218,369,194,369,命
﻿194,369,218,369,218,390,194,390,欲
﻿194,390,218,390,218,411,194,411,圖
﻿166,10,191,10,191,31,166,31,大
﻿166,31,191,31,191,52,166,52,位
﻿166,52,191,52,191,73,166,73,卿
﻿166,73,191,73,191,94,166,94,等
﻿166,94,191,94,191,115,166,115,以
﻿166,115,191,115,191,136,166,136,為
﻿166,136,191,136,191,157,166,157,何
﻿166,157,191,157,191,178,166,178,如
﻿166,178,191,178,191,199,166,199,内
﻿166,199,191,199,191,221,166,221,侍
﻿166,221,191,221,191,242,166,242,李
﻿166,242,191,242,191,263,166,263,仁
﻿166,263,191,263,191,284,166,284,義
﻿166,284,191,284,191,305,166,305,曰
﻿166,305,191,305,191,326,166,326,兄
﻿166,326,191,326,191,347,166,347,之
﻿166,347,191,347,191,368,166,368,與
﻿166,368,191,368,191,389,166,389,弟
﻿166,389,191,389,191,411,166,411,内
﻿137,12,160,12,160,33,137,33,可
﻿137,33,160,33,160,54,137,54,以
﻿137,54,160,54,160,75,137,75,協
﻿137,75,160,75,160,96,137,96,謀
﻿137,96,160,96,160,117,137,117,外
﻿137,117,160,117,160,138,137,138,可
﻿137,138,160,138,160,159,137,159,以
﻿137,159,160,159,160,180,137,180,禦
﻿137,180,160,180,160,201,137,201,侮
﻿137,201,160,201,160,222,137,222,今
﻿137,222,160,222,160,243,137,243,三
﻿137,243,160,243,160,264,137,264,王
﻿137,264,160,264,160,285,137,285,反
﻿137,285,160,285,160,306,137,306,以
﻿137,306,160,306,160,327,137,327,為
﻿137,327,160,327,160,348,137,348,兄
﻿137,348,160,348,160,369,137,369,弟
﻿137,369,160,369,160,390,137,390,乎
﻿137,390,160,390,160,411,137,411,以
﻿106,11,128,11,128,32,106,32,為
﻿106,32,128,32,128,53,106,53,仇
﻿106,53,128,53,128,74,106,74,讎
﻿106,74,128,74,128,95,106,95,乎
﻿106,95,128,95,128,116,106,116,願
﻿106,116,128,116,128,137,106,137,許
﻿106,137,128,137,128,158,106,158,臣
﻿106,158,128,158,128,179,106,179,等
﻿106,179,128,179,128,200,106,200,一
﻿106,200,128,200,128,221,106,221,戰
﻿106,221,128,221,128,242,106,242,以
﻿106,242,128,242,128,263,106,263,决
﻿106,263,128,263,128,284,106,284,勝
﻿106,284,128,284,128,305,106,305,負
﻿106,305,128,305,128,326,106,326,太
﻿106,326,128,326,128,347,106,347,子
﻿106,347,128,347,128,368,106,368,曰
﻿106,368,128,368,128,389,106,389,吾
﻿106,389,128,389,128,411,106,411,耻
﻿76,10,101,10,101,31,76,31,先
﻿76,31,101,31,101,52,76,52,帝
﻿76,52,101,52,101,73,76,73,未
﻿76,73,101,73,101,94,76,94,殯
﻿76,94,101,94,101,115,76,115,骨
﻿76,115,101,115,101,136,76,136,肉
﻿76,136,101,136,101,157,76,157,相
﻿76,157,101,157,101,178,76,178,殘
﻿76,178,101,178,101,199,76,199,寧
﻿76,199,101,199,101,221,76,221,不
﻿76,221,101,221,101,242,76,242,為
﻿76,242,101,242,101,263,76,263,萬
﻿76,263,101,263,101,284,76,284,世
﻿76,284,101,284,101,305,76,305,笑
﻿76,305,101,305,101,326,76,326,耶
﻿76,326,101,326,101,347,76,347,仁
﻿76,347,101,347,101,368,76,368,義
﻿76,368,101,368,101,389,76,389,曰
﻿76,389,101,389,101,411,76,411,臣
﻿46,9,69,9,69,30,46,30,聞
﻿46,30,69,30,69,51,46,51,務
﻿46,51,69,51,69,72,46,72,遠
﻿46,72,69,72,69,93,46,93,圖
﻿46,93,69,93,69,114,46,114,者
﻿46,114,69,114,69,135,46,135,忘
﻿46,135,69,135,69,157,46,157,近
﻿46,157,69,157,69,178,46,178,功
﻿46,178,69,178,69,199,46,199,存
﻿46,199,69,199,69,220,46,220,公
﻿46,220,69,220,69,241,46,241,道
﻿46,241,69,241,69,262,46,262,者
﻿46,262,69,262,69,284,46,284,割
﻿46,284,69,284,69,305,46,305,私
﻿46,305,69,305,69,326,46,326,愛
﻿46,326,69,326,69,347,46,347,此
﻿46,347,69,347,69,368,46,368,唐
﻿46,368,69,368,69,389,46,389,太
﻿46,389,69,389,69,411,46,411,宗
﻿15,10,40,10,40,31,15,31,周
﻿15,31,40,31,40,52,15,52,公
﻿15,52,40,52,40,73,15,73,旦
﻿15,73,40,73,40,94,15,94,出
﻿15,94,40,94,40,115,15,115,不
﻿15,115,40,115,40,136,15,136,得
﻿15,136,40,136,40,158,15,158,已
﻿15,158,40,158,40,179,15,179,之
﻿15,179,40,179,40,200,15,200,奉
﻿15,200,40,200,40,221,15,221,今
﻿15,221,40,221,40,242,15,242,殿
﻿15,242,40,242,40,263,15,263,下
﻿15,263,40,263,40,285,15,285,以
﻿15,285,40,285,40,306,15,306,唐
﻿15,306,40,306,40,327,15,327,太
﻿15,327,40,327,40,348,15,348,周
﻿15,348,40,348,40,369,15,369,公
﻿15,369,40,369,40,390,15,390,為
﻿15,390,40,390,40,412,15,412,務
