250,60,271,60,271,80,250,80,四
﻿250,80,271,80,271,101,250,101,月
﻿250,101,271,101,271,122,250,122,初
﻿250,122,271,122,271,142,250,142,七
﻿250,142,271,142,271,163,250,163,日
﻿250,163,271,163,271,184,250,184,行
﻿250,184,271,184,271,204,250,204,在
﻿250,204,271,204,271,225,250,225,内
﻿250,225,271,225,271,246,250,246,殿
﻿250,246,271,246,271,266,250,266,流
﻿250,266,271,266,271,287,250,287,星
﻿250,287,271,287,271,308,250,308,大
﻿250,308,271,308,271,328,250,328,起
﻿250,328,271,328,271,349,250,349,敬
﻿250,349,271,349,271,370,250,370,天
﻿250,370,271,370,271,390,250,390,殿
﻿250,390,271,390,271,411,250,411,折
﻿250,411,271,411,271,432,250,432,一
﻿217,58,239,58,239,80,217,80,角
﻿217,80,239,80,239,102,217,102,進
﻿217,102,239,102,239,124,217,124,封
﻿217,124,239,124,239,146,217,146,都
﻿217,146,239,146,239,168,217,168,将
﻿217,168,239,168,239,190,217,190,節
﻿217,190,239,190,239,212,217,212,制
﻿217,212,239,212,239,234,217,234,各
﻿217,234,239,234,239,256,217,256,處
﻿217,256,239,256,239,278,217,278,水
﻿217,278,239,278,239,300,217,300,步
﻿217,300,239,300,239,322,217,322,諸
﻿217,322,239,322,239,344,217,344,營
﻿217,344,239,344,239,366,217,366,兼
﻿217,366,239,366,239,388,217,388,總
﻿217,388,239,388,239,410,217,410,内
﻿217,410,239,410,239,433,217,433,外
﻿184,60,209,60,209,80,184,80,平
﻿184,80,209,80,209,101,184,101,章
﻿184,101,209,101,209,122,184,122,軍
﻿184,122,209,122,209,143,184,143,國
﻿184,143,209,143,209,164,184,164,重
﻿184,164,209,164,209,185,184,185,事
﻿184,185,209,185,209,205,184,205,左
﻿184,205,209,205,209,226,184,226,相
﻿184,226,209,226,209,247,184,247,太
﻿184,247,209,247,209,268,184,268,尉
﻿184,268,209,268,209,289,184,289,長
﻿184,289,209,289,209,310,184,310,國
﻿184,310,209,310,209,330,184,330,公
﻿184,330,209,330,209,351,184,351,鄭
﻿184,351,209,351,209,372,184,372,松
﻿184,372,209,372,209,393,184,393,爲
﻿184,393,209,393,209,414,184,414,都
﻿184,414,209,414,209,435,184,435,元
﻿154,61,178,61,178,81,154,81,帥
﻿154,81,178,81,178,102,154,102,總
﻿154,102,178,102,178,123,154,123,國
﻿154,123,178,123,178,144,154,144,政
﻿154,144,178,144,178,164,154,164,尚
﻿154,164,178,164,178,185,154,185,父
﻿154,185,178,185,178,206,154,206,平
﻿154,206,178,206,178,227,154,227,安
﻿154,227,178,227,178,248,154,248,王
﻿154,248,178,248,178,268,154,268,使
﻿154,268,178,268,178,289,154,289,司
﻿154,289,178,289,178,310,154,310,天
﻿154,310,178,310,178,331,154,331,監
﻿154,331,178,331,178,351,154,351,黎
﻿154,351,178,351,178,372,154,372,文
﻿154,372,178,372,178,393,154,393,惠
﻿154,393,178,393,178,414,154,414,等
﻿154,414,178,414,178,435,154,435,擇
﻿125,60,147,60,147,80,125,80,日
﻿125,80,147,80,147,101,125,101,行
﻿125,101,147,101,147,122,125,122,󰀋
﻿125,122,147,122,147,143,125,143,封
﻿125,143,147,143,147,163,125,163,禮
﻿125,163,147,163,147,184,125,184,其
﻿125,184,147,184,147,205,125,205,冊
﻿125,205,147,205,147,226,125,226,文
﻿125,226,147,226,147,247,125,247,曰
﻿125,247,147,247,147,267,125,267,王
﻿125,267,147,267,147,288,125,288,者
﻿125,288,147,288,147,309,125,309,建
﻿125,309,147,309,147,330,125,330,極
﻿125,330,147,330,147,350,125,350,錫
﻿125,350,147,350,147,371,125,371,福
﻿125,371,147,371,147,392,125,392,道
﻿125,392,147,392,147,413,125,413,惟
﻿125,413,147,413,147,434,125,434,公
﻿92,57,116,57,116,78,92,78,蕩
﻿92,78,116,78,116,99,92,99,蕩
﻿92,99,116,99,116,120,92,120,平
﻿92,120,116,120,116,141,92,141,平
﻿92,141,116,141,116,162,92,162,人
﻿92,162,116,162,116,183,92,183,臣
﻿92,183,116,183,116,204,92,204,定
﻿92,204,116,204,116,225,92,225,國
﻿92,225,116,225,116,246,92,246,樹
﻿92,246,116,246,116,267,92,267,勳
﻿92,267,116,267,116,288,92,288,禮
﻿92,288,116,288,116,309,92,309,當
﻿92,309,116,309,116,330,92,330,厚
﻿92,330,116,330,116,351,92,351,尊
﻿92,351,116,351,116,372,92,372,尊
﻿92,372,116,372,116,393,92,393,貴
﻿92,393,116,393,116,414,92,414,貴
﻿92,414,116,414,116,435,92,435,蠲
﻿63,58,85,58,85,78,63,78,辰
﻿63,78,85,78,85,99,63,99,誕
﻿63,99,85,99,85,120,63,120,恊
﻿63,120,85,120,85,141,63,141,鏤
﻿63,141,85,141,85,162,63,162,冊
﻿63,162,85,162,85,183,63,183,載
﻿63,183,85,183,85,204,63,204,華
﻿63,204,85,204,85,225,63,225,推
﻿63,225,85,225,85,246,63,246,忠
﻿63,246,85,246,85,267,63,267,翊
﻿63,267,85,267,85,288,63,288,運
﻿63,288,85,288,85,309,63,309,竭
﻿63,309,85,309,85,330,63,330,節
﻿63,330,85,330,85,351,63,351,宣
﻿63,351,85,351,85,372,63,372,力
﻿63,372,85,372,85,393,63,393,功
﻿63,393,85,393,85,414,63,414,臣
﻿63,414,85,414,85,435,63,435,都
﻿33,56,55,56,55,77,33,77,将
﻿33,77,55,77,55,98,33,98,節
﻿33,98,55,98,55,119,33,119,制
﻿33,119,55,119,55,140,33,140,各
﻿33,140,55,140,55,161,33,161,處
﻿33,161,55,161,55,182,33,182,水
﻿33,182,55,182,55,203,33,203,步
﻿33,203,55,203,55,224,33,224,諸
﻿33,224,55,224,55,246,33,246,營
﻿33,246,55,246,55,267,33,267,兼
﻿33,267,55,267,55,288,33,288,總
﻿33,288,55,288,55,309,33,309,内
﻿33,309,55,309,55,330,33,330,外
﻿33,330,55,330,55,351,33,351,平
﻿33,351,55,351,55,372,33,372,章
﻿33,372,55,372,55,393,33,393,軍
﻿33,393,55,393,55,414,33,414,國
﻿33,414,55,414,55,436,33,436,重
﻿8,57,29,57,29,78,8,78,事
﻿8,78,29,78,29,99,8,99,左
﻿8,99,29,99,29,120,8,120,相
﻿8,120,29,120,29,141,8,141,太
﻿8,141,29,141,29,162,8,162,尉
﻿8,162,29,162,29,183,8,183,長
﻿8,183,29,183,29,204,8,204,國
﻿8,204,29,204,29,225,8,225,公
﻿8,225,29,225,29,246,8,246,鄭
﻿8,246,29,246,29,267,8,267,松
﻿8,267,29,267,29,288,8,288,國
﻿8,288,29,288,29,309,8,309,望
﻿8,309,29,309,29,330,8,330,泰
﻿8,330,29,330,29,351,8,351,喬
﻿8,351,29,351,29,372,8,372,家
﻿8,372,29,372,29,393,8,393,庭
﻿8,393,29,393,29,414,8,414,文
﻿8,414,29,414,29,436,8,436,武
