254,30,278,30,278,50,254,50,而
﻿254,50,278,50,278,71,254,71,猶
﻿254,71,278,71,278,92,254,92,在
﻿254,92,278,92,278,113,254,113,端
﻿254,113,278,113,278,133,254,133,門
﻿254,133,278,133,278,154,254,154,左
﻿254,154,278,154,278,175,254,175,右
﻿254,175,278,175,278,196,254,196,者
﻿254,196,278,196,278,217,254,217,該
﻿254,217,278,217,278,237,254,237,宇
﻿254,237,278,237,278,258,254,258,門
﻿254,258,278,258,278,279,254,279,官
﻿254,279,278,279,278,300,254,300,一
﻿254,300,278,300,278,320,254,320,體
﻿254,320,278,320,278,341,254,341,遏
﻿254,341,278,341,278,362,254,362,截
﻿254,362,278,362,278,383,254,383,錦
﻿254,383,278,383,278,404,254,404,衣
﻿225,27,246,27,246,48,225,48,舍
﻿225,48,246,48,246,69,225,69,人
﻿225,69,246,69,246,90,225,90,司
﻿225,90,246,90,246,111,225,111,紏
﻿225,111,246,111,246,132,225,132,舉
﻿225,132,246,132,246,153,225,153,送
﻿225,153,246,153,246,174,225,174,治
﻿193,27,215,27,215,48,193,48,九
﻿193,48,215,48,215,69,193,69,月
﻿193,69,215,69,215,90,193,90,定
﻿193,90,215,90,215,111,193,111,識
﻿193,111,215,111,215,132,193,132,字
﻿193,132,215,132,215,154,193,154,借
﻿193,154,215,154,215,175,193,175,寫
﻿193,175,215,175,215,196,193,196,状
﻿193,196,215,196,215,217,193,217,非
﻿193,217,215,217,215,238,193,238,教
﻿193,238,215,238,215,259,193,259,唆
﻿193,259,215,259,215,281,193,281,令
﻿163,27,184,27,184,47,163,47,冬
﻿163,47,184,47,184,68,163,68,十
﻿163,68,184,68,184,89,163,89,月
﻿163,89,184,89,184,110,163,110,十
﻿163,110,184,110,184,131,163,131,四
﻿163,131,184,131,184,152,163,152,日
﻿163,152,184,152,184,173,163,173,正
﻿163,173,184,173,184,194,163,194,嫡
﻿163,194,184,194,184,215,163,215,庶
﻿163,215,184,215,184,235,163,235,子
﻿163,235,184,235,184,256,163,256,令
﻿163,256,184,256,184,277,163,277,上
﻿163,277,184,277,184,298,163,298,諭
﻿163,298,184,298,184,319,163,319,大
﻿163,319,184,319,184,340,163,340,小
﻿163,340,184,340,184,361,163,361,官
﻿163,361,184,361,184,382,163,382,員
﻿163,382,184,382,184,403,163,403,百
﻿132,28,154,28,154,48,132,48,姓
﻿132,48,154,48,154,69,132,69,等
﻿132,69,154,69,154,90,132,90,凡
﻿132,90,154,90,154,111,132,111,預
﻿132,111,154,111,154,132,132,132,子
﻿132,132,154,132,154,153,132,153,孫
﻿132,153,154,153,154,173,132,173,奉
﻿132,173,154,173,154,194,132,194,承
﻿132,194,154,194,154,215,132,215,祀
﻿132,215,154,215,154,236,132,236,事
﻿132,236,154,236,154,257,132,257,不
﻿132,257,154,257,154,278,132,278,問
﻿132,278,154,278,154,298,132,298,年
﻿132,298,154,298,154,319,132,319,甲
﻿132,319,154,319,154,340,132,340,之
﻿132,340,154,340,154,361,132,361,長
﻿132,361,154,361,154,382,132,382,幼
﻿132,382,154,382,154,403,132,403,不
﻿103,28,124,28,124,48,103,48,抅
﻿103,48,124,48,124,69,103,69,官
﻿103,69,124,69,124,90,103,90,秩
﻿103,90,124,90,124,111,103,111,之
﻿103,111,124,111,124,132,103,132,崇
﻿103,132,124,132,124,153,103,153,卑
﻿103,153,124,153,124,174,103,174,宜
﻿103,174,124,174,124,195,103,195,守
﻿103,195,124,195,124,216,103,216,經
﻿103,216,124,216,124,236,103,236,常
﻿103,236,124,236,124,257,103,257,委
﻿103,257,124,257,124,278,103,278,之
﻿103,278,124,278,124,299,103,299,嫡
﻿103,299,124,299,124,320,103,320,子
﻿103,320,124,320,124,341,103,341,嫡
﻿103,341,124,341,124,362,103,362,子
﻿103,362,124,362,124,383,103,383,先
﻿103,383,124,383,124,404,103,404,死
﻿71,29,93,29,93,49,71,49,即
﻿71,49,93,49,93,70,71,70,以
﻿71,70,93,70,93,91,71,91,長
﻿71,91,93,91,93,112,71,112,孫
﻿71,112,93,112,93,133,71,133,或
﻿71,133,93,133,93,154,71,154,無
﻿71,154,93,154,93,174,71,174,長
﻿71,174,93,174,93,195,71,195,孫
﻿71,195,93,195,93,216,71,216,方
﻿71,216,93,216,93,237,71,237,用
﻿71,237,93,237,93,258,71,258,庶
﻿71,258,93,258,93,279,71,279,子
﻿71,279,93,279,93,299,71,299,嫡
﻿71,299,93,299,93,320,71,320,妻
﻿71,320,93,320,93,341,71,341,又
﻿71,341,93,341,93,362,71,362,無
﻿71,362,93,362,93,383,71,383,眾
﻿71,383,93,383,93,404,71,404,子
﻿42,28,62,28,62,49,42,49,方
﻿42,49,62,49,62,70,42,70,擇
﻿42,70,62,70,62,91,42,91,次
﻿42,91,62,91,62,112,42,112,子
﻿42,112,62,112,62,133,42,133,之
﻿42,133,62,133,62,154,42,154,賢
﻿42,154,62,154,62,175,42,175,若
﻿42,175,62,175,62,196,42,196,長
﻿42,196,62,196,62,217,42,217,子
﻿42,217,62,217,62,238,42,238,長
﻿42,238,62,238,62,259,42,259,孫
﻿42,259,62,259,62,280,42,280,方
﻿42,280,62,280,62,301,42,301,有
﻿42,301,62,301,62,322,42,322,嬰
﻿42,322,62,322,62,343,42,343,疾
﻿42,343,62,343,62,364,42,364,及
﻿42,364,62,364,62,385,42,385,不
﻿42,385,62,385,62,406,42,406,肖
﻿15,29,34,29,34,49,15,49,之
﻿15,49,34,49,34,70,15,70,行
﻿15,70,34,70,34,91,15,91,不
﻿15,91,34,91,34,112,15,112,宜
﻿15,112,34,112,34,133,15,133,奉
﻿15,133,34,133,34,154,15,154,承
﻿15,154,34,154,34,175,15,175,即
﻿15,175,34,175,34,196,15,196,當
﻿15,196,34,196,34,217,15,217,京
﻿15,217,34,217,34,238,15,238,告
﻿15,238,34,238,34,259,15,259,所
﻿15,259,34,259,34,280,15,280,司
﻿15,280,34,280,34,301,15,301,擇
﻿15,301,34,301,34,322,15,322,别
﻿15,322,34,322,34,343,15,343,子
﻿15,343,34,343,34,364,15,364,孫
﻿15,364,34,364,34,385,15,385,承
﻿15,385,34,385,34,406,15,406,祀
