258,13,282,13,282,35,258,35,矯
﻿258,35,282,35,282,58,258,58,賢
﻿258,58,282,58,282,81,258,81,作
﻿258,81,282,81,282,103,258,103,乱
﻿258,103,282,103,282,126,258,126,三
﻿258,126,282,126,282,149,258,149,月
﻿258,149,282,149,282,171,258,171,選
﻿258,171,282,171,282,194,258,194,丁
﻿258,194,282,194,282,217,258,217,壯
﻿258,217,282,217,282,240,258,240,為
﻿258,240,282,240,282,262,258,262,兵
﻿258,262,282,262,282,285,258,285,定
﻿258,285,282,285,282,308,258,308,上
﻿258,308,282,308,282,330,258,330,中
﻿258,330,282,330,282,353,258,353,下
﻿258,353,282,353,282,376,258,376,三
﻿258,376,282,376,282,399,258,399,等
﻿231,12,254,12,254,32,231,32,秋
﻿231,32,254,32,254,52,231,52,八
﻿231,52,254,52,254,72,231,72,月
﻿231,72,254,72,254,93,231,93,矯
﻿231,93,254,93,254,113,231,113,賢
﻿231,113,254,113,254,133,231,133,伏
﻿231,133,254,133,254,154,231,154,誅
﻿200,15,224,15,224,34,200,34,庚
﻿200,34,224,34,224,54,200,54,子
﻿200,54,224,54,224,73,200,73,九
﻿200,73,224,73,224,93,200,93,年
﻿213,95,226,95,226,114,213,114,宋
﻿213,114,226,114,226,133,213,133,嘉
﻿213,133,226,133,226,153,213,153,熙
﻿197,98,211,98,211,117,197,117,四
﻿197,117,211,117,211,136,197,136,年
﻿199,154,226,154,226,174,199,174,春
﻿199,174,226,174,226,195,199,195,正
﻿199,195,226,195,226,215,199,215,月
﻿199,215,226,215,226,236,199,236,命
﻿199,236,226,236,226,256,199,256,馮
﻿199,256,226,256,226,277,199,277,佐
﻿199,277,226,277,226,297,199,297,周
﻿199,297,226,297,226,318,199,318,營
﻿199,318,226,318,226,338,199,338,造
﻿199,338,226,338,226,359,199,359,清
﻿199,359,226,359,226,379,199,379,化
﻿199,379,226,379,226,400,199,400,府
﻿169,12,194,12,194,34,169,34,行
﻿169,34,194,34,194,57,169,57,宫
﻿169,57,194,57,194,80,169,80,五
﻿169,80,194,80,194,102,169,102,處
﻿169,102,194,102,194,125,169,125,秋
﻿169,125,194,125,194,148,169,148,七
﻿169,148,194,148,194,170,169,170,月
﻿169,170,194,170,194,193,169,193,暴
﻿169,193,194,193,194,216,169,216,風
﻿169,216,194,216,194,239,169,239,大
﻿169,239,194,239,194,261,169,261,雨
﻿169,261,194,261,194,284,169,284,水
﻿169,284,194,284,194,307,169,307,地
﻿169,307,194,307,194,329,169,329,震
﻿169,329,194,329,194,352,169,352,九
﻿169,352,194,352,194,375,169,375,月
﻿169,375,194,375,194,398,169,398,二
﻿139,12,163,12,163,33,139,33,十
﻿139,33,163,33,163,54,139,54,五
﻿139,54,163,54,163,76,139,76,日
﻿139,76,163,76,163,97,139,97,皇
﻿139,97,163,97,163,119,139,119,適
﻿139,119,163,119,163,140,139,140,長
﻿139,140,163,140,163,162,139,162,子
﻿139,162,163,162,163,183,139,183,晃
﻿139,183,163,183,163,205,139,205,生
﻿139,205,163,205,163,226,139,226,立
﻿139,226,163,226,163,247,139,247,為
﻿139,247,163,247,163,269,139,269,東
﻿139,269,163,269,163,290,139,290,宫
﻿139,290,163,290,163,312,139,312,皇
﻿139,312,163,312,163,333,139,333,太
﻿139,333,163,333,163,355,139,355,子
﻿139,355,163,355,163,376,139,376,大
﻿139,376,163,376,163,398,139,398,赦
﻿108,11,134,11,134,31,108,31,冬
﻿108,31,134,31,134,52,108,52,十
﻿108,52,134,52,134,72,108,72,月
﻿108,72,134,72,134,93,108,93,諒
﻿108,93,134,93,134,113,108,113,江
﻿108,113,134,113,134,134,108,134,守
﻿108,134,134,134,134,154,108,154,臣
﻿108,154,134,154,134,175,108,175,驛
﻿108,175,134,175,134,195,108,195,奏
﻿108,195,134,195,134,216,108,216,所
﻿108,216,134,216,134,236,108,236,部
﻿108,236,134,236,134,257,108,257,被
﻿108,257,134,257,134,277,108,277,北
﻿108,277,134,277,134,298,108,298,人
﻿108,298,134,298,134,318,108,318,虜
﻿108,318,134,318,134,339,108,339,掠
﻿108,339,134,339,134,359,108,359,民
﻿108,359,134,359,134,380,108,380,間
﻿108,380,134,380,134,401,108,401,財
﻿78,10,102,10,102,30,78,30,物
﻿78,30,102,30,102,51,78,51,命
﻿78,51,102,51,102,71,78,71,侍
﻿78,71,102,71,102,92,78,92,臣
﻿78,92,102,92,102,113,78,113,裴
﻿78,113,102,113,102,133,78,133,欽
﻿78,133,102,133,102,154,78,154,徃
﻿78,154,102,154,102,175,78,175,北
﻿78,175,102,175,102,195,78,195,邉
﻿78,195,102,195,102,216,78,216,申
﻿78,216,102,216,102,237,78,237,理
﻿48,12,73,12,73,32,48,32,辛
﻿48,32,73,32,73,52,48,52,丑
﻿48,52,73,52,73,72,48,72,十
﻿48,72,73,72,73,93,48,93,年
﻿61,95,74,95,74,114,61,114,宋
﻿61,114,74,114,74,133,61,133,淳
﻿61,133,74,133,74,152,61,152,祐
﻿46,98,60,98,60,118,46,118,元
﻿46,118,60,118,60,138,46,138,年
﻿48,153,73,153,73,173,48,173,春
﻿48,173,73,173,73,194,48,194,二
﻿48,194,73,194,73,215,48,215,月
﻿48,215,73,215,73,235,48,235,選
﻿48,235,73,235,73,256,48,256,有
﻿48,256,73,256,73,277,48,277,勇
﻿48,277,73,277,73,297,48,297,力
﻿48,297,73,297,73,318,48,318,諳
﻿48,318,73,318,73,339,48,339,武
﻿48,339,73,339,73,359,48,359,藝
﻿48,359,73,359,73,380,48,380,者
﻿48,380,73,380,73,401,48,401,充
﻿18,10,42,10,42,32,18,32,上
﻿18,32,42,32,42,55,18,55,都
﻿18,55,42,55,42,78,18,78,宿
﻿18,78,42,78,42,101,18,101,衛
﻿18,101,42,101,42,124,18,124,夏
﻿18,124,42,124,42,147,18,147,四
﻿18,147,42,147,42,170,18,170,月
﻿18,170,42,170,42,193,18,193,旱
﻿18,193,42,193,42,215,18,215,各
﻿18,215,42,215,42,238,18,238,處
﻿18,238,42,238,42,261,18,261,山
﻿18,261,42,261,42,284,18,284,崩
﻿18,284,42,284,42,307,18,307,椰
﻿18,307,42,307,42,330,18,330,市
﻿18,330,42,330,42,353,18,353,地
﻿18,353,42,353,42,376,18,376,裂
﻿18,376,42,376,42,399,18,399,秋
