264,26,281,26,281,47,264,47,羙
﻿264,47,281,47,281,68,264,68,壽
﻿264,68,281,68,281,89,264,89,潜
﻿264,89,281,89,281,110,264,110,通
﻿264,110,281,110,281,131,264,131,使
﻿264,131,281,131,281,153,264,153,徃
﻿264,153,281,153,281,174,264,174,來
﻿264,174,281,174,281,195,264,195,隂
﻿264,195,281,195,281,216,264,216,使
﻿264,216,281,216,281,237,264,237,人
﻿264,237,281,237,281,258,264,258,侵
﻿264,258,281,258,281,280,264,280,掠
﻿264,280,281,280,281,301,264,301,山
﻿264,301,281,301,281,322,264,322,西
﻿264,322,281,322,281,343,264,343,原
﻿264,343,281,343,281,364,264,364,頭
﻿264,364,281,364,281,385,264,385,各
﻿264,385,281,385,281,407,264,407,縣
﻿234,25,259,25,259,46,234,46,攻
﻿234,46,259,46,259,67,234,67,破
﻿234,67,259,67,259,89,234,89,青
﻿234,89,259,89,259,110,234,110,波
﻿234,110,259,110,259,131,234,131,下
﻿234,131,259,131,259,153,234,153,華
﻿234,153,259,153,259,174,234,174,又
﻿234,174,259,174,259,195,234,195,徙
﻿234,195,259,195,259,217,234,217,東
﻿234,217,259,217,259,238,234,238,蘭
﻿234,238,259,238,259,259,234,259,西
﻿234,259,259,259,259,281,234,281,蘭
﻿234,281,259,281,259,302,234,302,居
﻿234,302,259,302,259,323,234,323,民
﻿234,323,259,323,259,345,234,345,移
﻿234,345,259,345,259,366,234,366,入
﻿234,366,259,366,259,387,234,387,大
﻿234,387,259,387,259,409,234,409,同
﻿203,26,227,26,227,47,203,47,駐
﻿203,47,227,47,227,68,203,68,焉
﻿203,68,227,68,227,89,203,89,節
﻿203,89,227,89,227,111,203,111,制
﻿203,111,227,111,227,132,203,132,鄭
﻿203,132,227,132,227,153,203,153,松
﻿203,153,227,153,227,174,203,174,命
﻿203,174,227,174,227,196,203,196,太
﻿203,196,227,196,227,217,203,217,尉
﻿203,217,227,217,227,238,203,238,阮
﻿203,238,227,238,227,260,203,260,有
﻿203,260,227,260,227,281,203,281,僚
﻿203,281,227,281,227,302,203,302,領
﻿203,302,227,302,227,323,203,323,兵
﻿203,323,227,323,227,345,203,345,攻
﻿203,345,227,345,227,366,203,366,勦
﻿203,366,227,366,227,387,203,387,逐
﻿203,387,227,387,227,409,203,409,比
﻿174,25,196,25,196,47,174,47,擒
﻿174,47,196,47,196,70,174,70,󰱐
﻿174,70,196,70,196,93,174,93,羙
﻿174,93,196,93,196,116,174,116,壽
﻿174,116,196,116,196,139,174,139,而
﻿174,139,196,139,196,162,174,162,還
﻿174,162,196,162,196,185,174,185,三
﻿174,185,196,185,196,208,174,208,月
﻿174,208,196,208,196,231,174,231,望
﻿174,231,196,231,196,254,174,254,月
﻿174,254,196,254,196,277,174,277,食
﻿174,277,196,277,196,300,174,300,天
﻿174,300,196,300,196,323,174,323,大
﻿174,323,196,323,196,346,174,346,雨
﻿138,28,162,28,162,49,138,49,二
﻿138,49,162,49,162,70,138,70,十
﻿138,70,162,70,162,91,138,91,二
﻿138,91,162,91,162,112,138,112,日
﻿138,112,162,112,162,134,138,134,帝
﻿138,134,162,134,162,155,138,155,遣
﻿138,155,162,155,162,176,138,176,阮
﻿138,176,162,176,162,197,138,197,黄
﻿138,197,162,197,162,219,138,219,賫
﻿138,219,162,219,162,240,138,240,金
﻿138,240,162,240,162,261,138,261,冊
﻿138,261,162,261,162,282,138,282,加
﻿138,282,162,282,162,303,138,303,贈
﻿138,303,162,303,162,325,138,325,明
﻿138,325,162,325,162,346,138,346,康
﻿138,346,162,346,162,367,138,367,太
﻿138,367,162,367,162,388,138,388,王
﻿138,388,162,388,162,410,138,410,為
﻿107,27,132,27,132,48,107,48,明
﻿107,48,132,48,132,69,107,69,康
﻿107,69,132,69,132,90,107,90,仁
﻿107,90,132,90,132,112,107,112,智
﻿107,112,132,112,132,133,107,133,武
﻿107,133,132,133,132,154,107,154,貞
﻿107,154,132,154,132,175,107,175,䧺
﻿107,175,132,175,132,197,107,197,畧
﻿107,197,132,197,132,218,107,218,太
﻿107,218,132,218,132,239,107,239,王
﻿107,239,132,239,132,261,107,261,其
﻿107,261,132,261,132,282,107,282,金
﻿107,282,132,282,132,303,107,303,冊
﻿107,303,132,303,132,324,107,324,曰
﻿107,324,132,324,132,346,107,346,大
﻿107,346,132,346,132,367,107,367,臣
﻿107,367,132,367,132,388,107,388,之
﻿107,388,132,388,132,410,107,410,有
﻿77,26,101,26,101,47,77,47,宿
﻿77,47,101,47,101,68,77,68,勳
﻿77,68,101,68,101,89,77,89,實
﻿77,89,101,89,101,110,77,110,䦕
﻿77,110,101,110,101,132,77,132,眾
﻿77,132,101,132,101,153,77,153,望
﻿77,153,101,153,101,174,77,174,朝
﻿77,174,101,174,101,195,77,195,廷
﻿77,195,101,195,101,217,77,217,之
﻿77,217,101,217,101,238,77,238,追
﻿77,238,101,238,101,259,77,259,元
﻿77,259,101,259,101,280,77,280,祀
﻿77,280,101,280,101,301,77,301,必
﻿77,301,101,301,101,323,77,323,紀
﻿77,323,101,323,101,344,77,344,宗
﻿77,344,101,344,101,365,77,365,功
﻿77,365,101,365,101,386,77,386,肆
﻿77,386,101,386,101,408,77,408,頒
﻿46,26,69,26,69,47,46,47,蠲
﻿46,47,69,47,69,68,46,68,榖
﻿46,68,69,68,69,89,46,89,之
﻿46,89,69,89,69,111,46,111,攸
﻿46,111,69,111,69,132,46,132,同
﻿46,132,69,132,69,153,46,153,宜
﻿46,153,69,153,69,174,46,174,載
﻿46,174,69,174,69,196,46,196,鏤
﻿46,196,69,196,69,217,46,217,金
﻿46,217,69,217,69,238,46,238,之
﻿46,238,69,238,69,260,46,260,孔
﻿46,260,69,260,69,281,46,281,耀
﻿46,281,69,281,69,302,46,302,推
﻿46,302,69,302,69,323,46,323,忠
﻿46,323,69,323,69,345,46,345,翊
﻿46,345,69,345,69,366,46,366,運
﻿46,366,69,366,69,387,46,387,恊
﻿46,387,69,387,69,409,46,409,謀
﻿15,28,39,28,39,49,15,49,同
﻿15,49,39,49,39,70,15,70,德
﻿15,70,39,70,39,91,15,91,輔
﻿15,91,39,91,39,112,15,112,國
﻿15,112,39,112,39,134,15,134,竭
﻿15,134,39,134,39,155,15,155,節
﻿15,155,39,155,39,176,15,176,󰦛
﻿15,176,39,176,39,197,15,197,厚
﻿15,197,39,197,39,219,15,219,明
﻿15,219,39,219,39,240,15,240,義
﻿15,240,39,240,39,261,15,261,功
﻿15,261,39,261,39,282,15,282,臣
﻿15,282,39,282,39,303,15,303,特
﻿15,303,39,303,39,325,15,325,進
﻿15,325,39,325,39,346,15,346,開
﻿15,346,39,346,39,367,15,367,府
﻿15,367,39,367,39,388,15,388,金
﻿15,388,39,388,39,410,15,410,紫
