241,33,263,33,263,54,241,54,安
﻿241,54,263,54,263,75,241,75,廣
﻿241,75,263,75,263,96,241,96,海
﻿241,96,263,96,263,117,241,117,陽
﻿241,117,263,117,263,138,241,138,山
﻿241,138,263,138,263,159,241,159,南
﻿241,159,263,159,263,180,241,180,二
﻿241,180,263,180,263,201,241,201,處
﻿241,201,263,201,263,222,241,222,亦
﻿241,222,263,222,263,243,241,243,稍
﻿241,243,263,243,263,264,241,264,削
﻿241,264,263,264,263,285,241,285,平
﻿241,285,263,285,263,306,241,306,惟
﻿241,306,263,306,263,327,241,327,餘
﻿241,327,263,327,263,348,241,348,偽
﻿241,348,263,348,263,369,241,369,乾
﻿241,369,263,369,263,390,241,390,統
﻿241,390,263,390,263,411,241,411,莫
﻿211,33,234,33,234,54,211,54,敬
﻿211,54,234,54,234,75,211,75,恭
﻿211,75,234,75,234,96,211,96,莫
﻿211,96,234,96,234,117,211,117,玉
﻿211,117,234,117,234,138,211,138,󱗲
﻿211,138,234,138,234,159,211,159,及
﻿211,159,234,159,234,180,211,180,次
﻿211,180,234,180,234,201,211,201,王
﻿211,201,234,201,234,222,211,222,慶
﻿211,222,234,222,234,243,211,243,王
﻿211,243,234,243,234,264,211,264,莫
﻿211,264,234,264,234,285,211,285,敬
﻿211,285,234,285,234,306,211,306,寬
﻿211,306,234,306,234,327,211,327,安
﻿211,327,234,327,234,348,211,348,勇
﻿211,348,234,348,234,369,211,369,王
﻿211,369,234,369,234,390,211,390,唐
﻿211,390,234,390,234,411,211,411,國
﻿179,33,203,33,203,54,179,54,公
﻿179,54,203,54,203,75,179,75,德
﻿179,75,203,75,203,96,179,96,國
﻿179,96,203,96,203,117,179,117,公
﻿179,117,203,117,203,138,179,138,東
﻿179,138,203,138,203,159,179,159,國
﻿179,159,203,159,203,180,179,180,公
﻿179,180,203,180,203,201,179,201,文
﻿179,201,203,201,203,222,179,222,國
﻿179,222,203,222,203,243,179,243,公
﻿179,243,203,243,203,264,179,264,忠
﻿179,264,203,264,203,285,179,285,國
﻿179,285,203,285,203,306,179,306,公
﻿179,306,203,306,203,327,179,327,福
﻿179,327,203,327,203,348,179,348,國
﻿179,348,203,348,203,369,179,369,公
﻿179,369,203,369,203,390,179,390,等
﻿179,390,203,390,203,412,179,412,偽
﻿150,30,172,30,172,51,150,51,賊
﻿150,51,172,51,172,72,150,72,而
﻿150,72,172,72,172,93,150,93,已
﻿150,93,172,93,172,114,150,114,六
﻿150,114,172,114,172,135,150,135,月
﻿150,135,172,135,172,156,150,156,節
﻿150,156,172,156,172,177,150,177,制
﻿150,177,172,177,172,198,150,198,鄭
﻿150,198,172,198,172,220,150,220,松
﻿150,220,172,220,172,241,150,241,差
﻿150,241,172,241,172,262,150,262,諸
﻿150,262,172,262,172,283,150,283,将
﻿150,283,172,283,172,304,150,304,領
﻿150,304,172,304,172,325,150,325,兵
﻿150,325,172,325,172,346,150,346,分
﻿150,346,172,346,172,367,150,367,守
﻿150,367,172,367,172,388,150,388,上
﻿150,388,172,388,172,410,150,410,洪
﻿121,33,142,33,142,53,121,53,下
﻿121,53,142,53,142,74,121,74,洪
﻿121,74,142,74,142,95,121,95,快
﻿121,95,142,95,142,116,121,116,州
﻿121,116,142,116,142,137,121,137,順
﻿121,137,142,137,142,158,121,158,安
﻿121,158,142,158,142,179,121,179,慈
﻿121,179,142,179,142,200,121,200,山
﻿121,200,142,200,142,221,121,221,等
﻿121,221,142,221,142,242,121,242,府
﻿121,242,142,242,142,263,121,263,復
﻿121,263,142,263,142,284,121,284,令
﻿121,284,142,284,142,305,121,305,許
﻿121,305,142,305,142,326,121,326,各
﻿121,326,142,326,142,347,121,347,縣
﻿121,347,142,347,142,368,121,368,流
﻿121,368,142,368,142,389,121,389,民
﻿121,389,142,389,142,410,121,410,回
﻿89,32,113,32,113,54,89,54,貫
﻿89,54,113,54,113,77,89,77,復
﻿89,77,113,77,113,99,89,99,業
﻿89,99,113,99,113,122,89,122,七
﻿89,122,113,122,113,144,89,144,月
﻿89,144,113,144,113,167,89,167,二
﻿89,167,113,167,113,189,89,189,日
﻿89,189,113,189,113,212,89,212,彗
﻿89,212,113,212,113,235,89,235,星
﻿89,235,113,235,113,257,89,257,見
﻿89,257,113,257,113,280,89,280,東
﻿89,280,113,280,113,302,89,302,方
﻿89,302,113,302,113,325,89,325,指
﻿89,325,113,325,113,347,89,347,東
﻿89,347,113,347,113,370,89,370,北
﻿89,370,113,370,113,393,89,393,行
﻿59,32,81,32,81,53,59,53,時
﻿59,53,81,53,81,74,59,74,莫
﻿59,74,81,74,81,95,59,95,玉
﻿59,95,81,95,81,116,59,116,󱗲
﻿59,116,81,116,81,137,59,137,子
﻿59,137,81,137,81,158,59,158,立
﻿59,158,81,158,81,179,59,179,郡
﻿59,179,81,179,81,200,59,200,及
﻿59,200,81,200,81,221,59,221,山
﻿59,221,81,221,81,242,59,242,東
﻿59,242,81,242,81,263,59,263,侯
﻿59,263,81,263,81,284,59,284,扶
﻿59,284,81,284,81,305,59,305,髙
﻿59,305,81,305,81,326,59,326,侯
﻿59,326,81,326,81,347,59,347,等
﻿59,347,81,347,81,368,59,368,先
﻿59,368,81,368,81,389,59,389,已
﻿59,389,81,389,81,410,59,410,效
﻿29,32,51,32,51,53,29,53,順
﻿29,53,51,53,51,74,29,74,至
﻿29,74,51,74,51,95,29,95,是
﻿29,95,51,95,51,117,29,117,山
﻿29,117,51,117,51,138,29,138,東
﻿29,138,51,138,51,159,29,159,扶
﻿29,159,51,159,51,180,29,180,髙
﻿29,180,51,180,51,202,29,202,又
﻿29,202,51,202,51,223,29,223,謀
﻿29,223,51,223,51,244,29,244,反
﻿29,244,51,244,51,265,29,265,俱
﻿29,265,51,265,51,287,29,287,去
﻿29,287,51,287,51,308,29,308,立
﻿29,308,51,308,51,329,29,329,郡
﻿29,329,51,329,51,350,29,350,被
﻿29,350,51,350,51,372,29,372,誅
﻿6,31,21,31,21,52,6,52,十
﻿6,52,21,52,21,73,6,73,月
﻿6,73,21,73,21,94,6,94,太
﻿6,94,21,94,21,115,6,115,保
﻿6,115,21,115,21,136,6,136,和
﻿6,136,21,136,21,157,6,157,郡
﻿6,157,21,157,21,178,6,178,公
﻿6,178,21,178,21,199,6,199,武
﻿6,199,21,199,21,220,6,220,德
﻿6,220,21,220,21,241,6,241,恭
﻿6,241,21,241,21,262,6,262,自
﻿6,262,21,262,21,283,6,283,請
﻿6,283,21,283,21,304,6,304,回
﻿6,304,21,304,21,325,6,325,鎮
﻿6,325,21,325,21,346,6,346,守
﻿6,346,21,346,21,367,6,367,大
﻿6,367,21,367,21,388,6,388,同
﻿6,388,21,388,21,410,6,410,以
