248,28,273,28,273,49,248,49,翟
﻿248,49,273,49,273,70,248,70,就
﻿248,70,273,70,273,92,248,92,擒
﻿248,92,273,92,273,113,248,113,王
﻿248,113,273,113,273,135,248,135,宣
﻿262,141,276,141,276,159,262,159,一
﻿262,159,276,159,276,177,262,177,作
﻿247,141,261,141,261,159,247,159,王
﻿247,159,261,159,261,178,247,178,亶
﻿250,179,275,179,275,200,250,200,勢
﻿250,200,275,200,275,221,250,221,窮
﻿250,221,275,221,275,242,250,242,自
﻿250,242,275,242,275,263,250,263,刎
﻿250,263,275,263,275,284,250,284,興
﻿250,284,275,284,275,306,250,306,󰆑
﻿250,306,275,306,275,327,250,327,帝
﻿250,327,275,327,275,348,250,348,授
﻿250,348,275,348,275,369,250,369,墨
﻿250,369,275,369,275,390,250,390,清
﻿250,390,275,390,275,412,250,412,化
﻿216,30,246,30,246,51,216,51,郡
﻿216,51,246,51,246,72,216,72,府
﻿216,72,246,72,246,93,216,93,管
﻿216,93,246,93,246,114,216,114,又
﻿216,114,246,114,246,135,216,135,有
﻿216,135,246,135,246,157,216,157,阮
﻿216,157,246,157,246,178,216,178,銀
﻿216,178,246,178,246,199,216,199,河
﻿216,199,246,199,246,220,216,220,雖
﻿216,220,246,220,246,241,216,241,不
﻿216,241,246,241,246,262,216,262,及
﻿216,262,246,262,246,284,216,284,墨
﻿216,284,246,284,246,305,216,305,亦
﻿216,305,246,305,246,326,216,326,諸
﻿216,326,246,326,246,347,216,347,豪
﻿216,347,246,347,246,368,216,368,之
﻿216,368,246,368,246,389,216,389,尤
﻿216,389,246,389,246,411,216,411,者
﻿188,26,213,26,213,47,188,47,清
﻿188,47,213,47,213,68,188,68,威
﻿188,68,213,68,213,90,188,90,黎
﻿188,90,213,90,213,111,188,111,蘂
﻿188,111,213,111,213,132,188,132,殺
﻿188,132,213,132,213,154,188,154,都
﻿188,154,213,154,213,175,188,175,司
﻿188,175,213,175,213,196,188,196,盧
﻿188,196,213,196,213,218,188,218,旺
﻿188,218,213,218,213,239,188,239,父
﻿188,239,213,239,213,260,188,260,子
﻿188,260,213,260,213,282,188,282,於
﻿188,282,213,282,213,303,188,303,玉
﻿188,303,213,303,213,324,188,324,傘
﻿188,324,213,324,213,346,188,346,橋
﻿188,346,213,346,213,367,188,367,又
﻿188,367,213,367,213,388,188,388,?
﻿188,388,213,388,213,410,188,410,慈
﻿155,26,183,26,183,47,155,47,廉
﻿155,47,183,47,183,68,155,68,明
﻿155,68,183,68,183,90,155,90,人
﻿155,90,183,90,183,111,155,111,畏
﻿155,111,183,111,183,132,155,132,憚
﻿155,132,183,132,183,154,155,154,清
﻿155,154,183,154,183,175,155,175,潭
﻿155,175,183,175,183,197,155,197,黎
﻿155,197,183,197,183,218,155,218,康
﻿155,218,183,218,183,239,155,239,長
﻿155,239,183,239,183,261,155,261,安
﻿155,261,183,261,183,282,155,282,杜
﻿155,282,183,282,183,304,155,304,檜
﻿155,304,183,304,183,325,155,325,阮
﻿155,325,183,325,183,346,155,346,囂
﻿155,346,183,346,183,368,155,368,亦
﻿155,368,183,368,183,389,155,389,擁
﻿155,389,183,389,183,411,155,411,眾
﻿122,28,151,28,151,49,122,49,拒
﻿122,49,151,49,151,70,122,70,敵
﻿122,70,151,70,151,92,122,92,但
﻿122,92,151,92,151,113,122,113,節
﻿122,113,151,113,151,134,122,134,制
﻿122,134,151,134,151,156,122,156,不
﻿122,156,151,156,151,177,122,177,一
﻿122,177,151,177,151,199,122,199,軍
﻿122,199,151,199,151,220,122,220,無
﻿122,220,151,220,151,241,122,241,統
﻿122,241,151,241,151,263,122,263,攝
﻿122,263,151,263,151,284,122,284,後
﻿122,284,151,284,151,306,122,306,皆
﻿122,306,151,306,151,327,122,327,?
﻿122,327,151,327,151,348,122,348,散
﻿122,348,151,348,151,370,122,370,會
﻿122,370,151,370,151,391,122,391,張
﻿122,391,151,391,151,413,122,413,輔
﻿93,27,120,27,120,49,93,49,至
﻿93,49,120,49,120,72,93,72,演
﻿93,72,120,72,120,95,93,95,州
﻿93,95,120,95,120,118,93,118,帝
﻿93,118,120,118,120,140,93,140,復
﻿93,140,120,140,120,163,93,163,引
﻿93,163,120,163,120,186,93,186,軍
﻿93,186,120,186,120,209,93,209,還
﻿93,209,120,209,120,231,93,231,乂
﻿93,231,120,231,120,254,93,254,安
﻿93,254,120,254,120,277,93,277,黄
﻿93,277,120,277,120,300,93,300,福
﻿93,300,120,300,120,322,93,322,請
﻿93,322,120,322,120,345,93,345,拨
﻿93,345,120,345,120,368,93,368,土
﻿93,368,120,368,120,391,93,391,官
﻿93,391,120,391,120,414,93,414,職
﻿61,27,91,27,91,48,61,48,田
﻿61,48,91,48,91,69,61,69,隨
﻿61,69,91,69,91,91,61,91,其
﻿61,91,91,91,91,112,61,112,品
﻿61,112,91,112,91,134,61,134,秩
﻿61,134,91,134,91,155,61,155,召
﻿61,155,91,155,91,177,61,177,人
﻿61,177,91,177,91,198,61,198,佃
﻿61,198,91,198,91,220,61,220,種
﻿61,220,91,220,91,241,61,241,收
﻿61,241,91,241,91,262,61,262,租
﻿61,262,91,262,91,284,61,284,代
﻿61,284,91,284,91,305,61,305,禄
﻿61,305,91,305,91,327,61,327,流
﻿61,327,91,327,91,348,61,348,官
﻿61,348,91,348,91,370,61,370,聽
﻿61,370,91,370,91,391,61,391,供
﻿61,391,91,391,91,413,61,413,兵
﻿33,26,56,26,56,47,33,47,種
﻿33,47,56,47,56,69,33,69,田
﻿33,69,56,69,56,90,33,90,收
﻿33,90,56,90,56,112,33,112,榖
﻿33,112,56,112,56,134,33,134,䦕
﻿33,134,56,134,56,155,33,155,之
﻿33,155,56,155,56,177,33,177,食
﻿33,177,56,177,56,199,33,199,米
﻿4,12,25,12,25,31,4,31,辛
﻿4,31,25,31,25,51,4,51,卯
﻿4,51,25,51,25,71,4,71,三
﻿4,71,25,71,25,91,4,91,年
﻿14,98,29,98,29,118,14,118,明
﻿14,118,29,118,29,138,14,138,永
﻿14,138,29,138,29,159,14,159,樂
﻿0,97,13,97,13,116,0,116,九
﻿0,116,13,116,13,136,0,136,年
﻿4,160,28,160,28,181,4,181,春
﻿4,181,28,181,28,202,4,202,正
﻿4,202,28,202,28,223,4,223,月
﻿4,223,28,223,28,244,4,244,張
﻿4,244,28,244,28,265,4,265,輔
﻿4,265,28,265,28,286,4,286,劄
﻿4,286,28,286,28,307,4,307,各
﻿4,307,28,307,28,328,4,328,府
﻿4,328,28,328,28,349,4,349,土
﻿4,349,28,349,28,370,4,370,官
﻿4,370,28,370,28,391,4,391,以
﻿4,391,28,391,28,412,4,412,為
