234,52,259,52,259,72,234,72,以
﻿234,72,259,72,259,92,234,92,寶
﻿234,92,259,92,259,113,234,113,於
﻿234,113,259,113,259,133,234,133,世
﻿234,133,259,133,259,154,234,154,為
﻿234,154,259,154,259,174,234,174,干
﻿234,174,259,174,259,195,234,195,将
﻿234,195,259,195,259,215,234,215,鏌
﻿234,215,259,215,259,236,234,236,鎁
﻿234,236,259,236,259,256,234,256,以
﻿234,256,259,256,259,277,234,277,平
﻿234,277,259,277,259,297,234,297,僣
﻿234,297,259,297,259,318,234,318,亂
﻿234,318,259,318,259,338,234,338,為
﻿234,338,259,338,259,359,234,359,楩
﻿234,359,259,359,259,379,234,379,楠
﻿234,379,259,379,259,400,234,400,杞
﻿203,53,228,53,228,73,203,73,梓
﻿203,73,228,73,228,93,203,93,以
﻿203,93,228,93,228,114,203,114,壯
﻿203,114,228,114,228,134,203,134,棟
﻿203,134,228,134,228,155,203,155,梁
﻿203,155,228,155,228,175,203,175,為
﻿203,175,228,175,228,195,203,195,菽
﻿203,195,228,195,228,216,203,216,栗
﻿203,216,228,216,228,236,203,236,布
﻿203,236,228,236,228,257,203,257,帛
﻿203,257,228,257,228,277,203,277,以
﻿203,277,228,277,228,297,203,297,濟
﻿203,297,228,297,228,318,203,318,民
﻿203,318,228,318,228,338,203,338,生
﻿203,338,228,338,228,359,203,359,為
﻿203,359,228,359,228,379,203,379,參
﻿203,379,228,379,228,400,203,400,苓
﻿174,50,199,50,199,70,174,70,芝
﻿174,70,199,70,199,91,174,91,术
﻿174,91,199,91,199,111,174,111,以
﻿174,111,199,111,199,132,174,132,壽
﻿174,132,199,132,199,153,174,153,國
﻿174,153,199,153,199,173,174,173,脉
﻿174,173,199,173,199,194,174,194,使
﻿174,194,199,194,199,215,174,215,治
﻿174,215,199,215,199,235,174,235,躋
﻿174,235,199,235,199,256,174,256,熙
﻿174,256,199,256,199,277,174,277,暭
﻿174,277,199,277,199,297,174,297,而
﻿174,297,199,297,199,318,174,318,措
﻿174,318,199,318,199,339,174,339,天
﻿174,339,199,339,199,359,174,359,下
﻿174,359,199,359,199,380,174,380,於
﻿174,380,199,380,199,401,174,401,泰
﻿144,51,166,51,166,71,144,71,山
﻿144,71,166,71,166,91,144,91,磐
﻿144,91,166,91,166,112,144,112,石
﻿144,112,166,112,166,132,144,132,之
﻿144,132,166,132,166,153,144,153,安
﻿144,153,166,153,166,173,144,173,方
﻿144,173,166,173,166,194,144,194,為
﻿144,194,166,194,166,214,144,214,上
﻿144,214,166,214,166,235,144,235,不
﻿144,235,166,235,166,255,144,255,負
﻿144,255,166,255,166,276,144,276,聖
﻿144,276,166,276,166,296,144,296,德
﻿144,296,166,296,166,317,144,317,之
﻿144,317,166,317,166,337,144,337,所
﻿144,337,166,337,166,358,144,358,褒
﻿144,358,166,358,166,378,144,378,下
﻿144,378,166,378,166,399,144,399,不
﻿113,51,138,51,138,71,113,71,負
﻿113,71,138,71,138,92,113,92,平
﻿113,92,138,92,138,112,113,112,生
﻿113,112,138,112,138,133,113,133,之
﻿113,133,138,133,138,153,113,153,所
﻿113,153,138,153,138,174,113,174,𭓇
﻿113,174,138,174,138,194,113,194,斯
﻿113,194,138,194,138,215,113,215,功
﻿113,215,138,215,138,235,113,235,名
﻿113,235,138,235,138,256,113,256,事
﻿113,256,138,256,138,276,113,276,業
﻿113,276,138,276,138,297,113,297,垂
﻿113,297,138,297,138,317,113,317,堅
﻿113,317,138,317,138,338,113,338,珉
﻿113,338,138,338,138,358,113,358,於
﻿113,358,138,358,138,379,113,379,不
﻿113,379,138,379,138,400,113,400,朽
﻿84,51,109,51,109,71,84,71,矣
﻿84,71,109,71,109,91,84,91,儻
﻿84,91,109,91,109,112,84,112,或
﻿84,112,109,112,109,132,84,132,不
﻿84,132,109,132,109,153,84,153,然
﻿84,153,109,153,109,173,84,173,則
﻿84,173,109,173,109,193,84,193,賢
﻿84,193,109,193,109,214,84,214,否
﻿84,214,109,214,109,234,84,234,忠
﻿84,234,109,234,109,255,84,255,邪
﻿84,255,109,255,109,275,84,275,之
﻿84,275,109,275,109,295,84,295,迹
﻿84,295,109,295,109,316,84,316,是
﻿84,316,109,316,109,336,84,336,非
﻿84,336,109,336,109,357,84,357,得
﻿84,357,109,357,109,377,84,377,失
﻿84,377,109,377,109,398,84,398,之
﻿54,52,79,52,79,72,54,72,分
﻿54,72,79,72,79,93,54,93,𡸈
﻿54,93,79,93,79,114,54,114,容
﻿54,114,79,114,79,135,54,135,揜
﻿54,135,79,135,79,156,54,156,哉
﻿25,32,48,32,48,53,25,53,秋
﻿25,53,48,53,48,75,25,75,七
﻿25,75,48,75,48,96,25,96,月
﻿25,96,48,96,48,118,25,118,帝
﻿25,118,48,118,48,140,25,140,幸
﻿25,140,48,140,48,161,25,161,莫
﻿25,161,48,161,48,183,25,183,登
﻿25,183,48,183,48,205,25,205,庸
﻿25,205,48,205,48,226,25,226,邸
﻿25,226,48,226,48,248,25,248,加
﻿25,248,48,248,48,270,25,270,封
﻿25,270,48,270,48,291,25,291,太
﻿25,291,48,291,48,313,25,313,傅
﻿25,313,48,313,48,335,25,335,八
﻿25,335,48,335,48,356,25,356,月
﻿25,356,48,356,48,378,25,378,帝
﻿25,378,48,378,48,400,25,400,幸
﻿0,29,18,29,18,49,0,49,瓊
﻿0,49,18,49,18,70,0,70,雲
﻿0,70,18,70,18,90,0,90,殿
﻿0,90,18,90,18,111,0,111,尉
﻿0,111,18,111,18,131,0,131,勞
﻿0,131,18,131,18,152,0,152,莫
﻿0,152,18,152,18,172,0,172,登
﻿0,172,18,172,18,193,0,193,庸
﻿0,193,18,193,18,213,0,213,及
﻿0,213,18,213,18,234,0,234,諸
﻿0,234,18,234,18,254,0,254,将
﻿0,254,18,254,18,275,0,275,士
﻿0,275,18,275,18,295,0,295,往
﻿0,295,18,295,18,316,0,316,京
﻿0,316,18,316,18,336,0,336,北
﻿0,336,18,336,18,357,0,357,諒
﻿0,357,18,357,18,377,0,377,源
﻿0,377,18,377,18,398,0,398,地
