249,44,274,44,274,64,249,64,林
﻿249,64,274,64,274,84,249,84,邑
﻿249,84,274,84,274,104,249,104,破
﻿249,104,274,104,274,124,249,124,五
﻿249,124,274,124,274,144,249,144,十
﻿249,144,274,144,274,164,249,164,餘
﻿249,164,274,164,274,185,249,185,壘
﻿260,188,273,188,273,208,260,208,初
﻿260,208,273,208,273,228,260,228,晋
﻿260,228,273,228,273,249,260,249,平
﻿260,249,273,249,273,269,260,269,吳
﻿260,269,273,269,273,290,260,290,徵
﻿260,290,273,290,273,310,260,310,交
﻿260,310,273,310,273,330,260,330,州
﻿260,330,273,330,273,351,260,351,兵
﻿260,351,273,351,273,371,260,371,交
﻿260,371,273,371,273,392,260,392,州
﻿260,392,273,392,273,412,260,412,刺
﻿260,412,273,412,273,433,260,433,史
﻿244,188,259,188,259,208,244,208,陶
﻿244,208,259,208,259,229,244,229,璜
﻿244,229,259,229,259,249,244,249,上
﻿244,249,259,249,259,270,244,270,言
﻿244,270,259,270,259,290,244,290,曰
﻿244,290,259,290,259,311,244,311,交
﻿244,311,259,311,259,332,244,332,州
﻿244,332,259,332,259,352,244,352,外
﻿244,352,259,352,259,373,244,373,距
﻿244,373,259,373,259,393,244,393,林
﻿244,393,259,393,259,414,244,414,邑
﻿244,414,259,414,259,435,244,435,繩
﻿229,46,243,46,243,66,229,66,數
﻿229,66,243,66,243,86,229,86,千
﻿229,86,243,86,243,106,229,106,里
﻿229,106,243,106,243,126,229,126,夷
﻿229,126,243,126,243,147,229,147,帥
﻿229,147,243,147,243,167,229,167,范
﻿229,167,243,167,243,187,229,187,熊
﻿229,187,243,187,243,207,229,207,世
﻿229,207,243,207,243,227,229,227,爲
﻿229,227,243,227,243,248,229,248,逋
﻿229,248,243,248,243,268,229,268,寇
﻿229,268,243,268,243,288,229,288,自
﻿229,288,243,288,243,308,229,308,稱
﻿229,308,243,308,243,328,229,328,王
﻿229,328,243,328,243,349,229,349,數
﻿229,349,243,349,243,369,229,369,攻
﻿229,369,243,369,243,389,229,389,百
﻿229,389,243,389,243,409,229,409,姓
﻿229,409,243,409,243,430,229,430,旦
﻿214,47,228,47,228,67,214,67,連
﻿214,67,228,67,228,87,214,87,扶
﻿214,87,228,87,228,107,214,107,南
﻿214,107,228,107,228,127,214,127,種
﻿214,127,228,127,228,148,214,148,類
﻿214,148,228,148,228,168,214,168,猥
﻿214,168,228,168,228,188,214,188,多
﻿214,188,228,188,228,208,214,208,明
﻿214,208,228,208,228,228,214,228,黨
﻿214,228,228,228,228,249,214,249,相
﻿214,249,228,249,228,269,214,269,倚
﻿214,269,228,269,228,289,214,289,負
﻿214,289,228,289,228,309,214,309,險
﻿214,309,228,309,228,329,214,329,不
﻿214,329,228,329,228,350,214,350,實
﻿214,350,228,350,228,370,214,370,往
﻿214,370,228,370,228,390,214,390,隸
﻿214,390,228,390,228,410,214,410,吳
﻿214,410,228,410,228,431,214,431,時
﻿198,49,212,49,212,69,198,69,劫
﻿198,69,212,69,212,89,198,89,掠
﻿198,89,212,89,212,109,198,109,良
﻿198,109,212,109,212,129,198,129,民
﻿198,129,212,129,212,149,198,149,殺
﻿198,149,212,149,212,169,198,169,害
﻿198,169,212,169,212,190,198,190,長
﻿198,190,212,190,212,210,198,210,吏
﻿198,210,212,210,212,230,198,230,臣
﻿198,230,212,230,212,250,198,250,昔
﻿198,250,212,250,212,270,198,270,爲
﻿198,270,212,270,212,290,198,290,固
﻿198,290,212,290,212,311,198,311,國
﻿198,311,212,311,212,331,198,331,所
﻿198,331,212,331,212,351,198,351,采
﻿198,351,212,351,212,371,198,371,編
﻿198,371,212,371,212,391,198,391,戍
﻿198,391,212,391,212,411,198,411,在
﻿198,411,212,411,212,432,198,432,南
﻿184,48,197,48,197,68,184,68,十
﻿184,68,197,68,197,88,184,88,有
﻿184,88,197,88,197,108,184,108,餘
﻿184,108,197,108,197,128,184,128,年
﻿184,128,197,128,197,149,184,149,雖
﻿184,149,197,149,197,169,184,169,剪
﻿184,169,197,169,197,189,184,189,其
﻿184,189,197,189,197,209,184,209,魁
﻿184,209,197,209,197,229,184,229,桀
﻿184,229,197,229,197,250,184,250,而
﻿184,250,197,250,197,270,184,270,深
﻿184,270,197,270,197,290,184,290,山
﻿184,290,197,290,197,310,184,310,僻
﻿184,310,197,310,197,330,184,330,穴
﻿184,330,197,330,197,351,184,351,常
﻿184,351,197,351,197,371,184,371,有
﻿184,371,197,371,197,391,184,391,逋
﻿184,391,197,391,197,411,184,411,竄
﻿184,411,197,411,197,432,184,432,初
﻿168,45,183,45,183,65,168,65,臣
﻿168,65,183,65,183,85,168,85,所
﻿168,85,183,85,183,106,168,106,統
﻿168,106,183,106,183,126,168,126,之
﻿168,126,183,126,183,146,168,146,卒
﻿168,146,183,146,183,167,168,167,八
﻿168,167,183,167,183,187,168,187,千
﻿168,187,183,187,183,207,168,207,南
﻿168,207,183,207,183,228,168,228,土
﻿168,228,183,228,183,248,168,248,湿
﻿168,248,183,248,183,269,168,269,潤
﻿168,269,183,269,183,289,168,289,多
﻿168,289,183,289,183,309,168,309,有
﻿168,309,183,309,183,330,168,330,毒
﻿168,330,183,330,183,350,168,350,氣
﻿168,350,183,350,183,370,168,370,累
﻿168,370,183,370,183,391,168,391,年
﻿168,391,183,391,183,411,168,411,征
﻿168,411,183,411,183,432,168,432,討
﻿154,46,167,46,167,66,154,66,死
﻿154,66,167,66,167,86,154,86,亡
﻿154,86,167,86,167,106,154,106,减
﻿154,106,167,106,167,127,154,127,耗
﻿154,127,167,127,167,147,154,147,見
﻿154,147,167,147,167,167,154,167,在
﻿154,167,167,167,167,188,154,188,二
﻿154,188,167,188,167,208,154,208,千
﻿154,208,167,208,167,228,154,228,四
﻿154,228,167,228,167,249,154,249,百
﻿154,249,167,249,167,269,154,269,人
﻿154,269,167,269,167,289,154,289,今
﻿154,289,167,289,167,310,154,310,四
﻿154,310,167,310,167,330,154,330,海
﻿154,330,167,330,167,350,154,350,混
﻿154,350,167,350,167,371,154,371,同
﻿154,371,167,371,167,391,154,391,無
﻿154,391,167,391,167,411,154,411,思
﻿154,411,167,411,167,431,154,431,不
﻿138,46,152,46,152,66,138,66,服
﻿138,66,152,66,152,86,138,86,當
﻿138,86,152,86,152,106,138,106,卷
﻿138,106,152,106,152,127,138,127,甲
﻿138,127,152,127,152,147,138,147,鎖
﻿138,147,152,147,152,167,138,167,兵
﻿138,167,152,167,152,187,138,187,令
﻿138,187,152,187,152,208,138,208,其
﻿138,208,152,208,152,228,138,228,損
﻿138,228,152,228,152,248,138,248,約
﻿138,248,152,248,152,268,138,268,以
﻿138,268,152,268,152,289,138,289,示
﻿138,289,152,289,152,309,138,309,單
﻿138,309,152,309,152,329,138,329,弱
﻿138,329,152,329,152,349,138,349,夫
﻿138,349,152,349,152,370,138,370,風
﻿138,370,152,370,152,390,138,390,塵
﻿138,390,152,390,152,410,138,410,之
﻿138,410,152,410,152,431,138,431,變
﻿124,45,137,45,137,65,124,65,出
﻿124,65,137,65,137,85,124,85,於
﻿124,85,137,85,137,106,124,106,非
﻿124,106,137,106,137,126,124,126,常
﻿124,126,137,126,137,147,124,147,臣
﻿124,147,137,147,137,167,124,167,亡
﻿124,167,137,167,137,187,124,187,國
﻿124,187,137,187,137,208,124,208,之
﻿124,208,137,208,137,228,124,228,餘
﻿124,228,137,228,137,249,124,249,議
﻿124,249,137,249,137,269,124,269,不
﻿124,269,137,269,137,290,124,290,足
﻿124,290,137,290,137,310,124,310,取
﻿124,310,137,310,137,330,124,330,晋
﻿124,330,137,330,137,351,124,351,武
﻿124,351,137,351,137,371,124,371,從
﻿124,371,137,371,137,392,124,392,之
﻿124,392,137,392,137,412,124,412,至
﻿124,412,137,412,137,433,124,433,今
﻿110,44,123,44,123,63,110,63,猶
﻿110,63,123,63,123,83,110,83,見
﻿95,48,109,48,109,64,95,64,其
﻿95,64,109,64,109,81,95,81,效
﻿70,45,89,45,89,64,70,64,庚
﻿70,64,89,64,89,84,70,84,辰
﻿79,87,92,87,92,107,79,107,晋
﻿79,107,92,107,92,127,79,127,武
﻿79,127,92,127,92,147,79,147,帝
﻿79,147,92,147,92,167,79,167,昌
﻿79,167,92,167,92,187,79,187,明
﻿66,85,78,85,78,106,66,106,太
﻿66,106,78,106,78,127,66,127,元
﻿66,127,78,127,78,148,66,148,五
﻿66,148,78,148,78,170,66,170,年
﻿66,189,91,189,91,209,66,209,冬
﻿66,209,91,209,91,229,66,229,十
﻿66,229,91,229,91,249,66,249,月
﻿66,249,91,249,91,270,66,270,九
﻿66,270,91,270,91,290,66,290,真
﻿66,290,91,290,91,310,66,310,太
﻿66,310,91,310,91,330,66,330,守
﻿66,330,91,330,91,351,66,351,李
﻿66,351,91,351,91,371,66,371,遜
﻿66,371,91,371,91,391,66,391,據
﻿66,391,91,391,91,411,66,411,州
﻿66,411,91,411,91,432,66,432,反
﻿42,44,60,44,60,63,42,63,辛
﻿42,63,60,63,60,82,42,82,巳
﻿51,86,62,86,62,105,51,105,晋
﻿51,105,62,105,62,125,51,125,太
﻿51,125,62,125,62,145,51,145,元
﻿39,88,50,88,50,108,39,108,六
﻿39,108,50,108,50,129,39,129,年
﻿37,147,59,147,59,167,37,167,交
﻿37,167,59,167,59,187,37,187,州
﻿37,187,59,187,59,208,37,208,太
﻿37,208,59,208,59,228,37,228,守
﻿37,228,59,228,59,248,37,248,杜
﻿37,248,59,248,59,269,37,269,瑗
﻿37,269,59,269,59,289,37,289,斬
﻿37,289,59,289,59,309,37,309,李
﻿37,309,59,309,59,330,37,330,遜
﻿37,330,59,330,59,350,37,350,州
﻿37,350,59,350,59,370,37,370,境
﻿37,370,59,370,59,391,37,391,乃
﻿37,391,59,391,59,411,37,411,平
﻿37,411,59,411,59,432,37,432,進
﻿11,43,31,43,31,63,11,63,瑗
﻿11,63,31,63,31,84,11,84,爲
﻿11,84,31,84,31,105,11,105,州
﻿11,105,31,105,31,125,11,125,交
﻿11,125,31,125,31,146,11,146,刺
﻿11,146,31,146,31,167,11,167,史
﻿19,170,32,170,32,243,19,243,#
﻿19,243,32,243,32,316,19,316,#
﻿19,316,32,316,32,390,19,390,#
﻿6,170,18,170,18,236,6,236,#
﻿6,236,18,236,18,302,6,302,#
﻿6,302,18,302,18,369,6,369,#
