256,65,277,65,277,85,256,85,乂
﻿256,85,277,85,277,105,256,105,安
﻿256,105,277,105,277,125,256,125,承
﻿256,125,277,125,277,145,256,145,政
﻿256,145,277,145,277,166,256,166,使
﻿256,166,277,166,277,186,256,186,潘
﻿256,186,277,186,277,206,256,206,廷
﻿256,206,277,206,277,226,256,226,佐
﻿256,226,277,226,277,247,256,247,為
﻿256,247,277,247,277,267,256,267,京
﻿256,267,277,267,277,287,256,287,北
﻿256,287,277,287,277,307,256,307,承
﻿256,307,277,307,277,327,256,327,政
﻿256,327,277,327,277,348,256,348,使
﻿256,348,277,348,277,368,256,368,盖
﻿256,368,277,368,277,388,256,388,以
﻿256,388,277,388,277,408,256,408,謙
﻿256,408,277,408,277,429,256,429,柄
﻿227,64,251,64,251,84,227,84,京
﻿227,84,251,84,251,104,227,104,北
﻿227,104,251,104,251,125,227,125,桂
﻿227,125,251,125,251,145,227,145,陽
﻿227,145,251,145,251,165,227,165,人
﻿227,165,251,165,251,186,227,186,廷
﻿227,186,251,186,251,206,227,206,佐
﻿227,206,251,206,251,226,227,226,乂
﻿227,226,251,226,251,247,227,247,安
﻿227,247,251,247,251,267,227,267,天
﻿227,267,251,267,251,287,227,287,祿
﻿227,287,251,287,251,308,227,308,人
﻿227,308,251,308,251,328,227,328,故
﻿227,328,251,328,251,348,227,348,改
﻿227,348,251,348,251,369,227,369,命
﻿227,369,251,369,251,389,227,389,之
﻿227,389,251,389,251,409,227,409,謙
﻿227,409,251,409,251,430,227,430,柄
﻿197,64,222,64,222,85,197,85,受
﻿197,85,222,85,222,107,197,107,命
﻿197,107,222,107,222,128,197,128,廷
﻿197,128,222,128,222,150,197,150,佐
﻿197,150,222,150,222,171,197,171,不
﻿197,171,222,171,222,193,197,193,肯
﻿197,193,222,193,222,214,197,214,就
﻿197,214,222,214,222,236,197,236,京
﻿197,236,222,236,222,257,197,257,北
﻿197,257,222,257,222,279,197,279,因
﻿197,279,222,279,222,300,197,300,𭁈
﻿197,300,222,300,222,322,197,322,謙
﻿197,322,222,322,222,343,197,343,柄
﻿197,343,222,343,222,365,197,365,共
﻿197,365,222,365,222,386,197,386,任
﻿197,386,222,386,222,408,197,408,乂
﻿197,408,222,408,222,430,197,430,安
﻿167,64,193,64,193,85,167,85,以
﻿167,85,193,85,193,107,167,107,譚
﻿167,107,193,107,193,129,167,129,慎
﻿167,129,193,129,193,150,167,150,徽
﻿167,150,193,150,193,172,167,172,為
﻿167,172,193,172,193,194,167,194,少
﻿167,194,193,194,193,215,167,215,保
﻿167,215,193,215,193,237,167,237,禮
﻿167,237,193,237,193,259,167,259,部
﻿167,259,193,259,193,281,167,281,尚
﻿167,281,193,281,193,302,167,302,書
﻿167,302,193,302,193,324,167,324,入
﻿167,324,193,324,193,346,167,346,侍
﻿167,346,193,346,193,367,167,367,經
﻿167,367,193,367,193,389,167,389,筵
﻿167,389,193,389,193,411,167,411,遣
﻿167,411,193,411,193,433,167,433,吏
﻿137,64,162,64,162,84,137,84,部
﻿137,84,162,84,162,104,137,104,尚
﻿137,104,162,104,162,125,137,125,書
﻿137,125,162,125,162,145,137,145,黎
﻿137,145,162,145,162,166,137,166,𡺄
﻿137,166,162,166,162,186,137,186,諭
﻿137,186,162,186,162,207,137,207,祭
﻿137,207,162,207,162,227,137,227,故
﻿137,227,162,227,162,248,137,248,都
﻿137,248,162,248,162,268,137,268,御
﻿137,268,162,268,162,288,137,288,史
﻿137,288,162,288,162,309,137,309,杜
﻿137,309,162,309,162,329,137,329,岳
﻿137,329,162,329,162,350,137,350,并
﻿137,350,162,350,162,370,137,370,賜
﻿137,370,162,370,162,391,137,391,吊
﻿137,391,162,391,162,411,137,411,慰
﻿137,411,162,411,162,432,137,432,錢
﻿107,66,128,66,128,85,107,85,一
﻿107,85,128,85,128,104,107,104,百
﻿107,104,128,104,128,124,107,124,貫
﻿120,126,135,126,135,146,120,146,岳
﻿120,146,135,146,135,166,120,166,文
﻿120,166,135,166,135,186,120,186,江
﻿120,186,135,186,135,206,120,206,賴
﻿120,206,135,206,135,227,120,227,屋
﻿120,227,135,227,135,247,120,247,人
﻿120,247,135,247,135,267,120,267,字
﻿120,267,135,267,135,287,120,287,󰦛
﻿120,287,135,287,135,307,120,307,正
﻿120,307,135,307,135,328,120,328,謚
﻿120,328,135,328,135,348,120,348,文
﻿120,348,135,348,135,368,120,368,節
﻿120,368,135,368,135,388,120,388,號
﻿120,388,135,388,135,408,120,408,義
﻿120,408,135,408,135,429,120,429,山
﻿107,125,119,125,119,143,107,143,先
﻿107,143,119,143,119,162,107,162,生
﻿107,162,119,162,119,181,107,181,生
﻿107,181,119,181,119,200,107,200,四
﻿107,200,119,200,119,219,107,219,男
﻿107,219,119,219,119,238,107,238,長
﻿107,238,119,238,119,257,107,257,子
﻿107,257,119,257,119,276,107,276,總
﻿107,276,119,276,119,295,107,295,莫
﻿107,295,119,295,119,314,107,314,明
﻿107,314,119,314,119,333,107,333,德
﻿107,333,119,333,119,352,107,352,己
﻿107,352,119,352,119,371,107,371,丑
﻿107,371,119,371,119,390,107,390,科
﻿107,390,119,390,119,409,107,409,進
﻿107,409,119,409,119,428,107,428,?
﻿90,66,103,66,103,86,90,86,及
﻿90,86,103,86,103,106,90,106,第
﻿90,106,103,106,103,126,90,126,仕
﻿90,126,103,126,103,146,90,146,至
﻿90,146,103,146,103,167,90,167,東
﻿90,167,103,167,103,187,90,187,閣
﻿90,187,103,187,103,207,90,207,大
﻿90,207,103,207,103,227,90,227,𭓇
﻿90,227,103,227,103,248,90,248,士
﻿90,248,103,248,103,268,90,268,次
﻿90,268,103,268,103,288,90,288,子
﻿90,288,103,288,103,308,90,308,縉
﻿90,308,103,308,103,328,90,328,莫
﻿90,328,103,328,103,349,90,349,大
﻿90,349,103,349,103,369,90,369,正
﻿90,369,103,369,103,389,90,389,己
﻿90,389,103,389,103,409,90,409,未
﻿90,409,103,409,103,430,90,430,科
﻿77,67,89,67,89,87,77,87,同
﻿77,87,89,87,89,107,77,107,進
﻿77,107,89,107,89,127,77,127,士
﻿77,127,89,127,89,147,77,147,仕
﻿77,147,89,147,89,168,77,168,至
﻿77,168,89,168,89,188,77,188,刑
﻿77,188,89,188,89,208,77,208,部
﻿77,208,89,208,89,228,77,228,尚
﻿77,228,89,228,89,249,77,249,書
﻿77,249,89,249,89,269,77,269,茶
﻿77,269,89,269,89,289,77,289,郡
﻿77,289,89,289,89,309,77,309,公
﻿77,309,89,309,89,329,77,329,陣
﻿77,329,89,329,89,350,77,350,亡
﻿77,350,89,350,89,370,77,370,岳
﻿77,370,89,370,89,390,77,390,有
﻿77,390,89,390,89,410,77,410,詠
﻿77,410,89,410,89,431,77,431,史
﻿59,66,74,66,74,86,59,86,帝
﻿59,86,74,86,74,106,59,106,王
﻿59,106,74,106,74,126,59,126,唐
﻿59,126,74,126,74,146,59,146,律
﻿59,146,74,146,74,166,59,166,詩
﻿45,66,58,66,58,85,45,85,集
﻿45,85,58,85,58,104,45,104,行
﻿45,104,58,104,58,123,45,123,于
﻿45,123,58,123,58,143,45,143,世
﻿18,49,37,49,37,68,18,68,己
﻿18,68,37,68,37,88,18,88,卯
﻿18,88,37,88,37,107,18,107,四
﻿18,107,37,107,37,127,18,127,年
﻿29,129,41,129,41,148,29,148,明
﻿29,148,41,148,41,167,29,167,政
﻿29,167,41,167,41,186,29,186,德
﻿17,129,28,129,28,149,17,149,十
﻿17,149,28,149,28,169,17,169,四
﻿17,169,28,169,28,189,17,189,年
﻿17,191,41,191,41,211,17,211,春
﻿17,211,41,211,41,231,17,231,正
﻿17,231,41,231,41,251,17,251,月
﻿17,251,41,251,41,271,17,271,帝
﻿17,271,41,271,41,291,17,291,在
﻿17,291,41,291,41,312,17,312,菩
﻿17,312,41,312,41,332,17,332,提
﻿17,332,41,332,41,352,17,352,行
﻿17,352,41,352,41,372,17,372,營
﻿17,372,41,372,41,392,17,392,鄭
﻿17,392,41,392,41,412,17,412,綏
﻿17,412,41,412,41,433,17,433,作
