264,65,282,65,282,85,264,85,九
﻿264,85,282,85,282,106,264,106,月
﻿264,106,282,106,282,126,264,126,太
﻿264,126,282,126,282,147,264,147,傅
﻿264,147,282,147,282,168,264,168,安
﻿264,168,282,168,282,188,264,188,郡
﻿264,188,282,188,282,209,264,209,公
﻿264,209,282,209,282,229,264,229,頼
﻿264,229,282,229,282,250,264,250,世
﻿264,250,282,250,282,271,264,271,卿
﻿264,271,282,271,282,291,264,291,卒
﻿264,291,282,291,282,312,264,312,贈
﻿264,312,282,312,282,332,264,332,謙
﻿264,332,282,332,282,353,264,353,國
﻿264,353,282,353,282,374,264,374,公
﻿236,43,260,43,260,63,236,63,庚
﻿236,63,260,63,260,84,236,84,辰
﻿236,84,260,84,260,105,236,105,三
﻿236,105,260,105,260,126,236,126,年
﻿250,128,262,128,262,148,250,148,莫
﻿250,148,262,148,262,169,250,169,延
﻿250,169,262,169,262,189,250,189,成
﻿250,189,262,189,262,210,250,210,三
﻿250,210,262,210,262,231,250,231,年
﻿235,128,248,128,248,148,235,148,明
﻿235,148,248,148,248,168,235,168,萬
﻿235,168,248,168,248,188,235,188,曆
﻿235,188,248,188,248,208,235,208,八
﻿235,208,248,208,248,229,235,229,年
﻿236,231,261,231,261,251,236,251,莫
﻿236,251,261,251,261,272,236,272,開
﻿236,272,261,272,261,292,236,292,會
﻿236,292,261,292,261,313,236,313,試
﻿236,313,261,313,261,333,236,333,科
﻿236,333,261,333,261,354,236,354,賜
﻿236,354,261,354,261,374,236,374,杜
﻿236,374,261,374,261,395,236,395,珙
﻿236,395,261,395,261,415,236,415,進
﻿236,415,261,415,261,436,236,436,士
﻿204,66,231,66,231,86,204,86,及
﻿204,86,231,86,231,107,204,107,第
﻿204,107,231,107,231,127,204,127,杜
﻿204,127,231,127,231,148,204,148,直
﻿204,148,231,148,231,168,204,168,等
﻿204,168,231,168,231,189,204,189,三
﻿204,189,231,189,231,209,204,209,人
﻿204,209,231,209,231,230,204,230,進
﻿204,230,231,230,231,250,204,250,士
﻿204,250,231,250,231,271,204,271,出
﻿204,271,231,271,231,291,204,291,身
﻿204,291,231,291,231,312,204,312,阮
﻿204,312,231,312,231,332,204,332,壽
﻿204,332,231,332,231,353,204,353,椿
﻿204,353,231,353,231,373,204,373,等
﻿204,373,231,373,231,394,204,394,二
﻿204,394,231,394,231,414,204,414,十
﻿204,414,231,414,231,435,204,435,人
﻿174,64,199,64,199,86,174,86,同
﻿174,86,199,86,199,108,174,108,進
﻿174,108,199,108,199,130,174,130,士
﻿174,130,199,130,199,152,174,152,出
﻿174,152,199,152,199,175,174,175,身
﻿143,64,168,64,168,84,143,84,五
﻿143,84,168,84,168,105,143,105,月
﻿143,105,168,105,168,126,143,126,榜
﻿143,126,168,126,168,147,143,147,郡
﻿143,147,168,147,168,168,143,168,公
﻿143,168,168,168,168,188,143,188,宋
﻿143,188,168,188,168,209,143,209,德
﻿143,209,168,209,168,230,143,230,位
﻿143,230,168,230,168,251,143,251,卒
﻿143,251,168,251,168,272,143,272,德
﻿143,272,168,272,168,292,143,292,位
﻿143,292,168,292,168,313,143,313,安
﻿143,313,168,313,168,334,143,334,定
﻿143,334,168,334,168,355,143,355,快
﻿143,355,168,355,168,376,143,376,樂
﻿143,376,168,376,168,397,143,397,人
﻿112,66,136,66,136,86,112,86,七
﻿112,86,136,86,136,107,112,107,月
﻿112,107,136,107,136,127,112,127,莫
﻿112,127,136,127,136,148,112,148,遣
﻿112,148,136,148,136,169,112,169,南
﻿112,169,136,169,136,189,112,189,道
﻿112,189,136,189,136,210,112,210,将
﻿112,210,136,210,136,230,112,230,阮
﻿112,230,136,230,136,251,112,251,倦
﻿112,251,136,251,136,272,112,272,西
﻿112,272,136,272,136,292,112,292,道
﻿112,292,136,292,136,313,112,313,将
﻿112,313,136,313,136,333,112,333,莫
﻿112,333,136,333,136,354,112,354,玉
﻿112,354,136,354,136,375,112,375,󱗲
﻿112,375,136,375,136,395,112,395,降
﻿112,395,136,395,136,416,112,416,将
﻿112,416,136,416,136,437,112,437,弘
﻿83,67,108,67,108,87,83,87,郡
﻿83,87,108,87,108,108,83,108,公
﻿83,108,108,108,108,128,83,128,等
﻿83,128,108,128,108,149,83,149,領
﻿83,149,108,149,108,169,83,169,兵
﻿83,169,108,169,108,190,83,190,侵
﻿83,190,108,190,108,210,83,210,清
﻿83,210,108,210,108,231,83,231,華
﻿83,231,108,231,108,251,83,251,㓂
﻿83,251,108,251,108,272,83,272,掠
﻿83,272,108,272,108,292,83,292,沿
﻿83,292,108,292,108,313,83,313,河
﻿83,313,108,313,108,333,83,333,各
﻿83,333,108,333,108,354,83,354,縣
﻿83,354,108,354,108,374,83,374,居
﻿83,374,108,374,108,395,83,395,民
﻿83,395,108,395,108,415,83,415,財
﻿83,415,108,415,108,436,83,436,畜
﻿54,62,78,62,78,84,54,84,而
﻿54,84,78,84,78,107,54,107,還
﻿21,62,48,62,48,82,21,82,八
﻿21,82,48,82,48,103,21,103,月
﻿21,103,48,103,48,124,21,124,立
﻿21,124,48,124,48,144,21,144,會
﻿21,144,48,144,48,165,21,165,試
﻿21,165,48,165,48,186,21,186,科
﻿21,186,48,186,48,206,21,206,賜
﻿21,206,48,206,48,227,21,227,阮
﻿21,227,48,227,48,248,21,248,文
﻿21,248,48,248,48,268,21,268,階
﻿21,268,48,268,48,289,21,289,等
﻿21,289,48,289,48,310,21,310,四
﻿21,310,48,310,48,330,21,330,人
﻿21,330,48,330,48,351,21,351,進
﻿21,351,48,351,48,372,21,372,士
﻿21,372,48,372,48,392,21,392,出
﻿21,392,48,392,48,413,21,413,身
﻿21,413,48,413,48,434,21,434,黎
