239,86,261,86,261,105,239,105,黎
﻿239,105,261,105,261,124,239,124,可
﻿239,124,261,124,261,143,239,143,黎
﻿239,143,261,143,261,163,239,163,犬
﻿239,163,261,163,261,182,239,182,攻
﻿239,182,261,182,261,201,239,201,三
﻿239,201,261,201,261,220,239,220,江
﻿239,220,261,220,261,240,239,240,城
﻿239,240,261,240,261,259,239,259,黎
﻿239,259,261,259,261,278,239,278,察
﻿239,278,261,278,261,298,239,298,黎
﻿239,298,261,298,261,317,239,317,受
﻿239,317,261,317,261,336,239,336,黎
﻿239,336,261,336,261,355,239,355,理
﻿239,355,261,355,261,375,239,375,黎
﻿239,375,261,375,261,394,239,394,冷
﻿239,394,261,394,261,413,239,413,黎
﻿239,413,261,413,261,433,239,433,篆
﻿212,85,235,85,235,105,212,105,攻
﻿212,105,235,105,235,125,212,125,昌
﻿212,125,235,125,235,146,212,146,江
﻿212,146,235,146,235,166,212,166,城
﻿212,166,235,166,235,187,212,187,黎
﻿212,187,235,187,235,207,212,207,榴
﻿212,207,235,207,235,227,212,227,黎
﻿212,227,235,227,235,248,212,248,盃
﻿212,248,235,248,235,268,212,268,攻
﻿212,268,235,268,235,289,212,289,丘
﻿212,289,235,289,235,309,212,309,温
﻿212,309,235,309,235,329,212,329,城
﻿212,329,235,329,235,350,212,350,二
﻿212,350,235,350,235,370,212,370,十
﻿212,370,235,370,235,391,212,391,日
﻿212,391,235,391,235,411,212,411,置
﻿212,411,235,411,235,432,212,432,各
﻿184,88,210,88,210,107,184,107,路
﻿184,107,210,107,210,126,184,126,安
﻿184,126,210,126,210,145,184,145,撫
﻿184,145,210,145,210,164,184,164,使
﻿184,164,210,164,210,183,184,183,以
﻿184,183,210,183,210,202,184,202,陶
﻿184,202,210,202,210,221,184,221,公
﻿184,221,210,221,210,240,184,240,僎
﻿184,240,210,240,210,259,184,259,阮
﻿184,259,210,259,210,278,184,278,翼
﻿184,278,210,278,210,297,184,297,等
﻿184,297,210,297,210,316,184,316,二
﻿184,316,210,316,210,335,184,335,十
﻿184,335,210,335,210,354,184,354,四
﻿184,354,210,354,210,373,184,373,人
﻿184,373,210,373,210,392,184,392,爲
﻿184,392,210,392,210,411,184,411,之
﻿184,411,210,411,210,431,184,431,置
﻿156,88,180,88,180,107,156,107,六
﻿156,107,180,107,180,126,156,126,部
﻿156,126,180,126,180,145,156,145,員
﻿156,145,180,145,180,164,156,164,外
﻿156,164,180,164,180,183,156,183,郎
﻿156,183,180,183,180,202,156,202,以
﻿156,202,180,202,180,221,156,221,阮
﻿156,221,180,221,180,240,156,240,宗
﻿156,240,180,240,180,259,156,259,偉
﻿156,259,180,259,180,278,156,278,等
﻿156,278,180,278,180,297,156,297,六
﻿156,297,180,297,180,316,156,316,人
﻿156,316,180,316,180,335,156,335,爲
﻿156,335,180,335,180,355,156,355,之
﻿133,67,151,67,151,86,133,86,丁
﻿133,86,151,86,151,105,133,105,未
﻿141,107,153,107,153,126,141,126,明
﻿141,126,153,126,153,145,141,145,宣
﻿141,145,153,145,153,164,141,164,德
﻿129,109,140,109,140,127,129,127,二
﻿129,127,140,127,140,146,129,146,年
﻿130,165,150,165,150,184,130,184,春
﻿130,184,150,184,150,203,130,203,正
﻿130,203,150,203,150,222,130,222,月
﻿130,222,150,222,150,241,130,241,帝
﻿130,241,150,241,150,260,130,260,進
﻿130,260,150,260,150,279,130,279,軍
﻿130,279,150,279,150,298,130,298,瀘
﻿130,298,150,298,150,317,130,317,江
﻿130,317,150,317,150,336,130,336,北
﻿130,336,150,336,150,355,130,355,岸
﻿130,355,150,355,150,374,130,374,與
﻿130,374,150,374,150,393,130,393,東
﻿130,393,150,393,150,412,130,412,䦕
﻿130,412,150,412,150,431,130,431,城
﻿101,87,122,87,122,106,101,106,對
﻿101,106,122,106,122,125,101,125,壘
﻿101,125,122,125,122,144,101,144,少
﻿101,144,122,144,122,163,101,163,尉
﻿101,163,122,163,122,182,101,182,黎
﻿101,182,122,182,122,201,101,201,可
﻿101,201,122,201,122,220,101,220,等
﻿101,220,122,220,122,239,101,239,守
﻿101,239,122,239,122,259,101,259,東
﻿101,259,122,259,122,278,101,278,門
﻿101,278,122,278,122,297,101,297,司
﻿101,297,122,297,122,316,101,316,徒
﻿101,316,122,316,122,335,101,335,黎
﻿101,335,122,335,122,354,101,354,禮
﻿101,354,122,354,122,373,101,373,守
﻿101,373,122,373,122,392,101,392,南
﻿101,392,122,392,122,411,101,411,門
﻿101,411,122,411,122,431,101,431,太
﻿73,89,96,89,96,107,73,107,監
﻿73,107,96,107,96,126,73,126,黎
﻿73,126,96,126,96,145,73,145,極
﻿73,145,96,145,96,164,73,164,領
﻿73,164,96,164,96,183,73,183,鉄
﻿73,183,96,183,96,202,73,202,突
﻿73,202,96,202,96,221,73,221,二
﻿73,221,96,221,96,240,73,240,衛
﻿73,240,96,240,96,259,73,259,衙
﻿73,259,96,259,96,278,73,278,宜
﻿73,278,96,278,96,297,73,297,福
﻿73,297,96,297,96,316,73,316,等
﻿73,316,96,316,96,335,73,335,守
﻿73,335,96,335,96,354,73,354,西
﻿73,354,96,354,96,373,73,373,門
﻿73,373,96,373,96,392,73,392,少
﻿73,392,96,392,96,411,73,411,尉
﻿73,411,96,411,96,430,73,430,黎
﻿46,86,66,86,66,104,46,104,篆
﻿46,104,66,104,66,122,46,122,領
﻿46,122,66,122,66,140,46,140,軍
﻿46,140,66,140,66,158,46,158,二
﻿46,158,66,158,66,176,46,176,衛
﻿46,176,66,176,66,194,46,194,守
﻿46,194,66,194,66,212,46,212,北
﻿46,212,66,212,66,230,46,230,門
﻿46,230,66,230,66,248,46,248,圍
﻿46,248,66,248,66,267,46,267,攻
﻿46,267,66,267,66,285,46,285,東
﻿46,285,66,285,66,303,46,303,都
﻿46,303,66,303,66,321,46,321,城
﻿46,321,66,321,66,339,46,339,明
﻿46,339,66,339,66,357,46,357,山
﻿46,357,66,357,66,375,46,375,壽
﻿46,375,66,375,66,393,46,393,遣
﻿46,393,66,393,66,411,46,411,?
﻿46,411,66,411,66,430,46,430,?
﻿17,88,39,88,39,108,17,108,阮
﻿17,108,39,108,39,128,17,128,任
﻿17,128,39,128,39,148,17,148,等
﻿17,148,39,148,39,168,17,168,三
﻿17,168,39,168,39,188,17,188,人
﻿17,188,39,188,39,208,17,208,來
﻿17,208,39,208,39,228,17,228,通
﻿17,228,39,228,39,248,17,248,信
﻿17,248,39,248,39,269,17,269,?
﻿17,269,39,269,39,289,17,289,諸
﻿17,289,39,289,39,309,17,309,路
﻿17,309,39,309,39,329,17,329,軍
﻿17,329,39,329,39,349,17,349,火
﻿17,349,39,349,39,369,17,369,首
﻿17,369,39,369,39,389,17,389,職
﻿17,389,39,389,39,409,17,409,有
﻿17,409,39,409,39,430,17,430,差
