256,31,283,31,283,51,256,51,行
﻿256,51,283,51,283,72,256,72,樞
﻿256,72,283,72,283,93,256,93,𡧸
﻿256,93,283,93,283,114,256,114,院
﻿256,114,283,114,283,135,256,135,事
﻿256,135,283,135,283,156,256,156,范
﻿256,156,283,156,283,177,256,177,巨
﻿256,177,283,177,283,198,256,198,論
﻿256,198,283,198,283,219,256,219,領
﻿256,219,283,219,283,239,256,239,神
﻿256,239,283,239,283,260,256,260,策
﻿256,260,283,260,283,281,256,281,軍
﻿256,281,283,281,283,302,256,302,討
﻿256,302,283,302,283,323,256,323,宣
﻿256,323,283,323,283,344,256,344,光
﻿256,344,283,344,283,365,256,365,鎮
﻿256,365,283,365,283,386,256,386,紅
﻿256,386,283,386,283,407,256,407,衣
﻿229,30,254,30,254,52,229,52,草
﻿229,52,254,52,254,74,229,74,㓂
﻿229,74,254,74,254,96,229,96,陣
﻿229,96,254,96,254,118,229,118,𨺻
﻿229,118,254,118,254,140,229,140,死
﻿229,140,254,140,254,162,229,162,之
﻿229,162,254,162,254,184,229,184,贈
﻿229,184,254,184,254,206,229,206,左
﻿229,206,254,206,254,228,229,228,僕
﻿229,228,254,228,254,250,229,250,射
﻿240,252,255,252,255,272,240,272,巨
﻿240,272,255,272,255,292,240,292,論
﻿240,292,255,292,255,312,240,312,唐
﻿227,252,239,252,239,270,227,270,以
﻿227,270,239,270,239,288,227,288,安
﻿227,288,239,288,239,306,227,306,縣
﻿227,314,251,314,251,332,227,332,人
﻿227,332,251,332,251,350,227,350,行
﻿227,350,251,350,251,368,227,368,遣
﻿227,368,251,368,251,386,227,386,杜
﻿227,386,251,386,251,405,227,405,世
﻿196,30,224,30,224,52,196,52,滿
﻿196,52,224,52,224,74,196,74,代
﻿196,74,224,74,224,96,196,96,領
﻿196,96,224,96,224,119,196,119,宣
﻿196,119,224,119,224,141,196,141,光
﻿196,141,224,141,224,163,196,163,經
﻿196,163,224,163,224,186,196,186,畧
﻿196,186,224,186,224,208,196,208,使
﻿196,208,224,208,224,230,196,230,冬
﻿196,230,224,230,224,252,196,252,十
﻿196,252,224,252,224,275,196,275,一
﻿196,275,224,275,224,297,196,297,月
﻿196,297,224,297,224,319,196,319,季
﻿196,319,224,319,224,342,196,342,犛
﻿196,342,224,342,224,364,196,364,逼
﻿196,364,224,364,224,386,196,386,帝
﻿196,386,224,386,224,409,196,409,徒
﻿165,31,192,31,192,51,165,51,都
﻿165,51,192,51,192,72,165,72,清
﻿165,72,192,72,192,93,165,93,化
﻿165,93,192,93,192,114,165,114,府
﻿165,114,192,114,192,135,165,135,帝
﻿165,135,192,135,192,156,165,156,先
﻿165,156,192,156,192,177,165,177,幸
﻿165,177,192,177,192,198,165,198,安
﻿165,198,192,198,192,219,165,219,生
﻿165,219,192,219,192,239,165,239,謁
﻿165,239,192,239,192,260,165,260,諸
﻿165,260,192,260,192,281,165,281,陵
﻿165,281,192,281,192,302,165,302,與
﻿165,302,192,302,192,323,165,323,之
﻿165,323,192,323,192,344,165,344,俱
﻿165,344,192,344,192,365,165,365,至
﻿165,365,192,365,192,386,165,386,大
﻿165,386,192,386,192,407,165,407,吏
﻿135,32,163,32,163,52,135,52,鄕
﻿135,52,163,52,163,73,135,73,行
﻿135,73,163,73,163,94,135,94,在
﻿135,94,163,94,163,114,135,114,號
﻿135,114,163,114,163,135,135,135,葆
﻿135,135,163,135,163,156,135,156,清
﻿135,156,163,156,163,177,135,177,宫
﻿135,177,163,177,163,197,135,197,宫
﻿135,197,163,197,163,218,135,218,人
﻿135,218,163,218,163,239,135,239,陳
﻿135,239,163,239,163,259,135,259,玉
﻿135,259,163,259,163,280,135,280,肌
﻿135,280,163,280,163,301,135,301,陳
﻿135,301,163,301,163,322,135,322,玉
﻿135,322,163,322,163,342,135,342,臉
﻿135,342,163,342,163,363,135,363,𡧸
﻿135,363,163,363,163,384,135,384,言
﻿135,384,163,384,163,405,135,405,於
﻿104,29,133,29,133,49,104,49,帝
﻿104,49,133,49,133,70,104,70,以
﻿104,70,133,70,133,91,104,91,為
﻿104,91,133,91,133,112,104,112,迁
﻿104,112,133,112,133,133,104,133,都
﻿104,133,133,133,133,154,104,154,必
﻿104,154,133,154,133,175,104,175,有
﻿104,175,133,175,133,196,104,196,簒
﻿104,196,133,196,133,217,104,217,奪
﻿104,217,133,217,133,237,104,237,之
﻿104,237,133,237,133,258,104,258,事
﻿104,258,133,258,133,279,104,279,季
﻿104,279,133,279,133,300,104,300,犛
﻿104,300,133,300,133,321,104,321,聞
﻿104,321,133,321,133,342,104,342,之
﻿104,342,133,342,133,363,104,363,以
﻿104,363,133,363,133,384,104,384,廟
﻿104,384,133,384,133,405,104,405,令
﻿73,29,103,29,103,51,73,51,黎
﻿73,51,103,51,103,73,73,73,合
﻿73,73,103,73,103,95,73,95,右
﻿73,95,103,95,103,117,73,117,𨻫
﻿73,117,103,117,103,139,73,139,父
﻿73,139,103,139,103,162,73,162,道
﻿73,162,103,162,103,184,73,184,梁
﻿73,184,103,184,103,206,73,206,蓊
﻿73,206,103,206,103,228,73,228,與
﻿73,228,103,228,103,250,73,250,同
﻿73,250,103,250,103,272,73,272,謀
﻿73,272,103,272,103,295,73,295,併
﻿73,295,103,295,103,317,73,317,殺
﻿73,317,103,317,103,339,73,339,之
﻿73,339,103,339,103,361,73,361,命
﻿73,361,103,361,103,383,73,383,行
﻿73,383,103,383,103,406,73,406,遣
﻿44,31,72,31,72,51,44,51,同
﻿44,51,72,51,72,72,44,72,知
﻿44,72,72,72,72,93,44,93,大
﻿44,93,72,93,72,114,44,114,宗
﻿44,114,72,114,72,135,44,135,正
﻿44,135,72,135,72,156,44,156,寺
﻿44,156,72,156,72,177,44,177,梁
﻿44,177,72,177,72,198,44,198,元
﻿44,198,72,198,72,219,44,219,彪
﻿44,219,72,219,72,239,44,239,撤
﻿44,239,72,239,72,260,44,260,瑞
﻿44,260,72,260,72,281,44,281,璋
﻿44,281,72,281,72,302,44,302,大
﻿44,302,72,302,72,323,44,323,安
﻿44,323,72,323,72,344,44,344,諸
﻿44,344,72,344,72,365,44,365,宫
﻿44,365,72,365,72,386,44,386,殿
﻿44,386,72,386,72,407,44,407,甎
﻿14,32,42,32,42,52,14,52,瓦
﻿14,52,42,52,42,73,14,73,大
﻿14,73,42,73,42,94,14,94,材
﻿14,94,42,94,42,115,14,115,悉
﻿14,115,42,115,42,135,14,135,付
﻿14,135,42,135,42,156,14,156,慈
﻿14,156,42,156,42,177,14,177,廉
﻿14,177,42,177,42,198,14,198,南
﻿14,198,42,198,42,219,14,219,策
﻿14,219,42,219,42,239,14,239,等
﻿14,239,42,239,42,260,14,260,州
﻿14,260,42,260,42,281,14,281,運
﻿14,281,42,281,42,302,14,302,赴
﻿14,302,42,302,42,322,14,322,新
﻿14,322,42,322,42,343,14,343,都
﻿14,343,42,343,42,364,14,364,遭
﻿14,364,42,364,42,385,14,385,風
﻿14,385,42,385,42,406,14,406,沉
