247,55,272,55,272,75,247,75,府
﻿247,75,272,75,272,96,247,96,縣
﻿247,96,272,96,272,117,247,117,收
﻿247,117,272,117,272,137,247,137,圖
﻿247,137,272,137,272,158,247,158,籍
﻿247,158,272,158,272,179,247,179,創
﻿247,179,272,179,272,199,247,199,𭓇
﻿247,199,272,199,272,220,247,220,校
﻿247,220,272,220,272,241,247,241,亦
﻿247,241,272,241,272,262,247,262,可
﻿247,262,272,262,272,282,247,282,謂
﻿247,282,272,282,272,303,247,303,創
﻿247,303,272,303,272,324,247,324,業
﻿247,324,272,324,272,344,247,344,之
﻿247,344,272,344,272,365,247,365,宏
﻿247,365,272,365,272,386,247,386,謨
﻿247,386,272,386,272,407,247,407,然
﻿217,55,241,55,241,75,217,75,多
﻿217,75,241,75,241,96,217,96,忌
﻿217,96,241,96,241,116,217,116,好
﻿217,116,241,116,241,137,217,137,殺
﻿217,137,241,137,241,157,217,157,此
﻿217,157,241,157,241,178,217,178,其
﻿217,178,241,178,241,199,217,199,短
﻿217,199,241,199,241,219,217,219,也
﻿217,219,241,219,241,240,217,240,又
﻿217,240,241,240,241,260,217,260,曰
﻿217,260,241,260,241,281,217,281,帝
﻿217,281,241,281,241,302,217,302,承
﻿217,302,241,302,241,322,217,322,祖
﻿217,322,241,322,241,343,217,343,父
﻿217,343,241,343,241,363,217,363,之
﻿217,363,241,363,241,384,217,384,業
﻿217,384,241,384,241,405,217,405,時
﻿185,53,210,53,210,73,185,73,遭
﻿185,73,210,73,210,94,185,94,大
﻿185,94,210,94,210,114,185,114,亂
﻿185,114,210,114,210,135,185,135,而
﻿185,135,210,135,210,156,185,156,志
﻿185,156,210,156,210,176,185,176,益
﻿185,176,210,176,210,197,185,197,堅
﻿185,197,210,197,210,218,185,218,晦
﻿185,218,210,218,210,238,185,238,跡
﻿185,238,210,238,210,259,185,259,山
﻿185,259,210,259,210,280,185,280,林
﻿185,280,210,280,210,300,185,300,以
﻿185,300,210,300,210,321,185,321,稼
﻿185,321,210,321,210,342,185,342,穡
﻿185,342,210,342,210,362,185,362,爲
﻿185,362,210,362,210,383,185,383,業
﻿185,383,210,383,210,404,185,404,由
﻿155,53,178,53,178,73,155,73,其
﻿155,73,178,73,178,94,155,94,憤
﻿155,94,178,94,178,115,155,115,強
﻿155,115,178,115,178,136,155,136,賊
﻿155,136,178,136,178,157,155,157,之
﻿155,157,178,157,178,177,155,177,陵
﻿155,177,178,177,178,198,155,198,暴
﻿155,198,178,198,178,219,155,219,尤
﻿155,219,178,219,178,240,155,240,留
﻿155,240,178,240,178,261,155,261,心
﻿155,261,178,261,178,282,155,282,於
﻿155,282,178,282,178,302,155,302,韜
﻿155,302,178,302,178,323,155,323,畧
﻿155,323,178,323,178,344,155,344,之
﻿155,344,178,344,178,365,155,365,書
﻿155,365,178,365,178,386,155,386,罄
﻿155,386,178,386,178,407,155,407,竭
﻿125,53,148,53,148,73,125,73,家
﻿125,73,148,73,148,94,125,94,貲
﻿125,94,148,94,148,115,125,115,厚
﻿125,115,148,115,148,135,125,135,待
﻿125,135,148,135,148,156,125,156,賓
﻿125,156,148,156,148,177,125,177,客
﻿125,177,148,177,148,197,125,197,及
﻿125,197,148,197,148,218,125,218,戊
﻿125,218,148,218,148,239,125,239,戌
﻿125,239,148,239,148,260,125,260,年
﻿125,260,148,260,148,280,125,280,起
﻿125,280,148,280,148,301,125,301,集
﻿125,301,148,301,148,322,125,322,義
﻿125,322,148,322,148,342,125,342,兵
﻿125,342,148,342,148,363,125,363,經
﻿125,363,148,363,148,384,125,384,營
﻿125,384,148,384,148,405,125,405,天
﻿94,54,117,54,117,74,94,74,下
﻿94,74,117,74,117,95,94,95,前
﻿94,95,117,95,117,115,94,115,後
﻿94,115,117,115,117,136,94,136,凣
﻿94,136,117,136,117,157,94,157,數
﻿94,157,117,157,117,177,94,177,十
﻿94,177,117,177,117,198,94,198,戰
﻿94,198,117,198,117,219,94,219,皆
﻿94,219,117,219,117,239,94,239,設
﻿94,239,117,239,117,260,94,260,伏
﻿94,260,117,260,117,281,94,281,出
﻿94,281,117,281,117,301,94,301,奇
﻿94,301,117,301,117,322,94,322,避
﻿94,322,117,322,117,343,94,343,實
﻿94,343,117,343,117,363,94,363,擊
﻿94,363,117,363,117,384,94,384,虚
﻿94,384,117,384,117,405,94,405,以
﻿64,53,87,53,87,73,64,73,果
﻿64,73,87,73,87,94,64,94,敵
﻿64,94,87,94,87,115,64,115,眾
﻿64,115,87,115,87,135,64,135,以
﻿64,135,87,135,87,156,64,156,弱
﻿64,156,87,156,87,177,64,177,敵
﻿64,177,87,177,87,197,64,197,強
﻿64,197,87,197,87,218,64,218,及
﻿64,218,87,218,87,239,64,239,明
﻿64,239,87,239,87,260,64,260,人
﻿64,260,87,260,87,280,64,280,出
﻿64,280,87,280,87,301,64,301,行
﻿64,301,87,301,87,322,64,322,戒
﻿64,322,87,322,87,342,64,342,戢
﻿64,342,87,342,87,363,64,363,軍
﻿64,363,87,363,87,384,64,384,士
﻿64,384,87,384,87,405,64,405,秋
﻿35,56,56,56,56,76,35,76,毫
﻿35,76,56,76,56,97,35,97,無
﻿35,97,56,97,56,117,35,117,犯
﻿35,117,56,117,56,138,35,138,两
﻿35,138,56,138,56,158,35,158,國
﻿35,158,56,158,56,179,35,179,自
﻿35,179,56,179,56,200,35,200,是
﻿35,200,56,200,56,220,35,220,通
﻿35,220,56,220,56,241,35,241,好
﻿35,241,56,241,56,261,35,261,南
﻿35,261,56,261,56,282,35,282,北
﻿35,282,56,282,56,303,35,303,無
﻿35,303,56,303,56,323,35,323,事
﻿35,323,56,323,56,344,35,344,忙
﻿35,344,56,344,56,364,35,364,禮
﻿35,364,56,364,56,385,35,385,哀
﻿35,385,56,385,56,406,35,406,牢
﻿7,55,28,55,28,75,7,75,俱
﻿7,75,28,75,28,96,7,96,入
﻿7,96,28,96,28,116,7,116,版
﻿7,116,28,116,28,137,7,137,圖
﻿7,137,28,137,28,157,7,157,占
﻿7,157,28,157,28,178,7,178,城
﻿7,178,28,178,28,199,7,199,闍
﻿7,199,28,199,28,219,7,219,槃
﻿7,219,28,219,28,240,7,240,航
﻿7,240,28,240,28,260,7,260,海
﻿7,260,28,260,28,281,7,281,脩
﻿7,281,28,281,28,302,7,302,貢
﻿7,302,28,302,28,322,7,322,帝
﻿7,322,28,322,28,343,7,343,宵
﻿7,343,28,343,28,363,7,363,衣
﻿7,363,28,363,28,384,7,384,旰
﻿7,384,28,384,28,405,7,405,實
