251,34,273,34,273,56,251,56,今
﻿251,56,273,56,273,78,251,78,年
﻿251,78,273,78,273,100,251,100,徵
﻿251,100,273,100,273,122,251,122,而
﻿251,122,273,122,273,144,251,144,明
﻿251,144,273,144,273,166,251,166,年
﻿251,166,273,166,273,188,251,188,納
﻿251,188,273,188,273,210,251,210,勑
﻿251,210,273,210,273,232,251,232,㫖
﻿251,232,273,232,273,254,251,254,諒
﻿251,254,273,254,273,276,251,276,山
﻿251,276,273,276,273,298,251,298,衛
﻿251,298,273,298,273,320,251,320,六
﻿251,320,273,320,273,342,251,342,所
﻿251,342,273,342,273,364,251,364,旗
﻿251,364,273,364,273,386,251,386,軍
﻿251,386,273,386,273,408,251,408,稀
﻿219,38,244,38,244,58,219,58,少
﻿219,58,244,58,244,78,219,78,官
﻿219,78,244,78,244,99,219,99,吏
﻿219,99,244,99,244,119,219,119,数
﻿219,119,244,119,244,139,219,139,多
﻿219,139,244,139,244,160,219,160,本
﻿219,160,244,160,244,180,219,180,處
﻿219,180,244,180,244,200,219,200,三
﻿219,200,244,200,244,221,219,221,司
﻿219,221,244,221,244,241,219,241,官
﻿219,241,244,241,244,261,219,261,公
﻿219,261,244,261,244,282,219,282,同
﻿219,282,244,282,244,302,219,302,量
﻿219,302,244,302,244,322,219,322,留
﻿219,322,244,322,244,343,219,343,每
﻿219,343,244,343,244,363,219,363,所
﻿219,363,244,363,244,383,219,383,各
﻿219,383,244,383,244,404,219,404,二
﻿188,35,213,35,213,55,188,55,員
﻿188,55,213,55,213,76,188,76,每
﻿188,76,213,76,213,96,188,96,衛
﻿188,96,213,96,213,117,188,117,教
﻿188,117,213,117,213,137,188,137,習
﻿188,137,213,137,213,158,188,158,博
﻿188,158,213,158,213,178,188,178,士
﻿188,178,213,178,213,199,188,199,六
﻿188,199,213,199,213,220,188,220,人
﻿188,220,213,220,213,240,188,240,餘
﻿188,240,213,240,213,261,188,261,皆
﻿188,261,213,261,213,281,188,281,省
﻿188,281,213,281,213,302,188,302,减
﻿188,302,213,302,213,322,188,322,僃
﻿188,322,213,322,213,343,188,343,将
﻿188,343,213,343,213,363,188,363,省
﻿188,363,213,363,213,384,188,384,减
﻿188,384,213,384,213,405,188,405,姓
﻿157,35,181,35,181,55,157,55,名
﻿157,55,181,55,181,76,157,76,具
﻿157,76,181,76,181,97,157,97,題
﻿157,97,181,97,181,118,157,118,送
﻿157,118,181,118,181,139,157,139,吏
﻿157,139,181,139,181,160,157,160,部
﻿157,160,181,160,181,180,157,180,兵
﻿157,180,181,180,181,201,157,201,部
﻿157,201,181,201,181,222,157,222,調
﻿157,222,181,222,181,243,157,243,除
﻿157,243,181,243,181,264,157,264,及
﻿157,264,181,264,181,285,157,285,差
﻿157,285,181,285,181,305,157,305,擬
﻿157,305,181,305,181,326,157,326,教
﻿157,326,181,326,181,347,157,347,習
﻿157,347,181,347,181,368,157,368,别
﻿157,368,181,368,181,389,157,389,衛
﻿157,389,181,389,181,410,157,410,所
﻿128,33,151,33,151,54,128,54,初
﻿128,54,151,54,151,76,128,76,八
﻿128,76,151,76,151,98,128,98,月
﻿128,98,151,98,151,120,128,120,甲
﻿128,120,151,120,151,142,128,142,戌
﻿128,142,151,142,151,164,128,164,聖
﻿128,164,151,164,151,186,128,186,宗
﻿128,186,151,186,151,208,128,208,淳
﻿128,208,151,208,151,229,128,229,皇
﻿128,229,151,229,151,251,128,251,帝
﻿128,251,151,251,151,273,128,273,梓
﻿128,273,151,273,151,295,128,295,宫
﻿128,295,151,295,151,317,128,317,至
﻿128,317,151,317,151,339,128,339,籃
﻿128,339,151,339,151,361,128,361,京
﻿128,361,151,361,151,383,128,383,越
﻿128,383,151,383,151,405,128,405,二
﻿98,34,121,34,121,54,98,54,十
﻿98,54,121,54,121,75,98,75,八
﻿98,75,121,75,121,96,98,96,日
﻿98,96,121,96,121,117,98,117,甲
﻿98,117,121,117,121,138,98,138,午
﻿98,138,121,138,121,159,98,159,安
﻿98,159,121,159,121,179,98,179,塟
﻿98,179,121,179,121,200,98,200,于
﻿98,200,121,200,121,221,98,221,籃
﻿98,221,121,221,121,242,98,242,山
﻿98,242,121,242,121,263,98,263,永
﻿98,263,121,263,121,284,98,284,陵
﻿98,284,121,284,121,304,98,304,之
﻿98,304,121,304,121,325,98,325,左
﻿98,325,121,325,121,346,98,346,日
﻿98,346,121,346,121,367,98,367,昭
﻿98,367,121,367,121,388,98,388,陵
﻿98,388,121,388,121,409,98,409,先
﻿67,34,92,34,92,54,67,54,是
﻿67,54,92,54,92,75,67,75,禮
﻿67,75,92,75,92,96,67,96,官
﻿67,96,92,96,92,117,67,117,奏
﻿67,117,92,117,92,137,67,137,請
﻿67,137,92,137,92,158,67,158,立
﻿67,158,92,158,92,179,67,179,碑
﻿67,179,92,179,92,200,67,200,刻
﻿67,200,92,200,92,221,67,221,銘
﻿67,221,92,221,92,241,67,241,以
﻿67,241,92,241,92,262,67,262,昭
﻿67,262,92,262,92,283,67,283,先
﻿67,283,92,283,92,304,67,304,帝
﻿67,304,92,304,92,324,67,324,之
﻿67,324,92,324,92,345,67,345,業
﻿67,345,92,345,92,366,67,366,於
﻿67,366,92,366,92,387,67,387,來
﻿67,387,92,387,92,408,67,408,世
﻿38,35,60,35,60,55,38,55,帝
﻿38,55,60,55,60,76,38,76,可
﻿38,76,60,76,60,97,38,97,其
﻿38,97,60,97,60,118,38,118,奏
﻿38,118,60,118,60,138,38,138,命
﻿38,138,60,138,60,159,38,159,東
﻿38,159,60,159,60,180,38,180,閣
﻿38,180,60,180,60,201,38,201,大
﻿38,201,60,201,60,222,38,222,學
﻿38,222,60,222,60,242,38,242,士
﻿38,242,60,242,60,263,38,263,兼
﻿38,263,60,263,60,284,38,284,國
﻿38,284,60,284,60,305,38,305,子
﻿38,305,60,305,60,325,38,325,監
﻿38,325,60,325,60,346,38,346,祭
﻿38,346,60,346,60,367,38,367,酒
﻿38,367,60,367,60,388,38,388,申
﻿38,388,60,388,60,409,38,409,仁
﻿9,33,33,33,33,53,9,53,忠
﻿9,53,33,53,33,74,9,74,禮
﻿9,74,33,74,33,95,9,95,部
﻿9,95,33,95,33,116,9,116,尚
﻿9,116,33,116,33,137,9,137,書
﻿9,137,33,137,33,158,9,158,兼
﻿9,158,33,158,33,179,9,179,東
﻿9,179,33,179,33,200,9,200,閣
﻿9,200,33,200,33,221,9,221,大
﻿9,221,33,221,33,242,9,242,學
﻿9,242,33,242,33,263,9,263,士
﻿9,263,33,263,33,284,9,284,覃
﻿9,284,33,284,33,305,9,305,文
﻿9,305,33,305,33,326,9,326,禮
﻿9,326,33,326,33,347,9,347,東
﻿9,347,33,347,33,368,9,368,閣
﻿9,368,33,368,33,389,9,389,大
﻿9,389,33,389,33,410,9,410,𭓇
