256,27,278,27,278,48,256,48,先
﻿256,48,278,48,278,69,256,69,鋒
﻿256,69,278,69,278,91,256,91,陳
﻿256,91,278,91,278,112,256,112,公
﻿256,112,278,112,278,134,256,134,栢
﻿256,134,278,134,278,155,256,155,力
﻿256,155,278,155,278,177,256,177,戦
﻿256,177,278,177,278,198,256,198,死
﻿256,198,278,198,278,220,256,220,之
﻿256,220,278,220,278,241,256,241,武
﻿256,241,278,241,278,262,256,262,百
﻿256,262,278,262,278,284,256,284,福
﻿256,284,278,284,278,305,256,305,黎
﻿256,305,278,305,278,327,256,327,文
﻿256,327,278,327,278,348,256,348,暿
﻿256,348,278,348,278,370,256,370,劉
﻿256,370,278,370,278,391,256,391,世
﻿256,391,278,391,278,413,256,413,賡
﻿227,29,248,29,248,50,227,50,等
﻿227,50,248,50,248,71,227,71,望
﻿227,71,248,71,248,92,227,92,見
﻿227,92,248,92,248,113,227,113,退
﻿227,113,248,113,248,134,227,134,走
﻿227,134,248,134,248,156,227,156,丁
﻿227,156,248,156,248,177,227,177,德
﻿227,177,248,177,248,198,227,198,潤
﻿227,198,248,198,248,219,227,219,阮
﻿227,219,248,219,248,240,227,240,德
﻿227,240,248,240,248,261,227,261,潤
﻿227,261,248,261,248,283,227,283,阮
﻿227,283,248,283,248,304,227,304,璜
﻿227,304,248,304,248,325,227,325,陣
﻿227,325,248,325,248,346,227,346,前
﻿227,346,248,346,248,367,227,367,戦
﻿227,367,248,367,248,388,227,388,死
﻿227,388,248,388,248,410,227,410,賊
﻿195,29,221,29,221,50,195,50,乘
﻿195,50,221,50,221,71,195,71,勢
﻿195,71,221,71,221,92,195,92,四
﻿195,92,221,92,221,114,195,114,靣
﻿195,114,221,114,221,135,195,135,合
﻿195,135,221,135,221,156,195,156,圍
﻿195,156,221,156,221,177,195,177,于
﻿195,177,221,177,221,199,195,199,時
﻿195,199,221,199,221,220,195,220,統
﻿195,220,221,220,221,241,195,241,領
﻿195,241,221,241,221,263,195,263,官
﻿195,263,221,263,221,284,195,284,富
﻿195,284,221,284,221,305,195,305,郡
﻿195,305,221,305,221,326,195,326,公
﻿195,326,221,326,221,348,195,348,鄭
﻿195,348,221,348,221,369,195,369,根
﻿195,369,221,369,221,390,195,390,迅
﻿195,390,221,390,221,412,195,412,差
﻿166,29,189,29,189,50,166,50,麾
﻿166,50,189,50,189,71,166,71,下
﻿166,71,189,71,189,92,166,92,陳
﻿166,92,189,92,189,114,166,114,進
﻿166,114,189,114,189,135,166,135,朝
﻿166,135,189,135,189,156,166,156,吳
﻿166,156,189,156,189,177,166,177,廷
﻿166,177,189,177,189,199,166,199,椿
﻿166,199,189,199,189,220,166,220,杜
﻿166,220,189,220,189,241,166,241,曆
﻿166,241,189,241,189,263,166,263,髙
﻿166,263,189,263,189,284,166,284,曛
﻿166,284,189,284,189,305,166,305,等
﻿166,305,189,305,189,326,166,326,各
﻿166,326,189,326,189,348,166,348,率
﻿166,348,189,348,189,369,166,369,所
﻿166,369,189,369,189,390,166,390,𬋩
﻿166,390,189,390,189,412,166,412,内
﻿135,28,158,28,158,49,135,49,候
﻿135,49,158,49,158,70,135,70,兵
﻿135,70,158,70,158,92,135,92,進
﻿135,92,158,92,158,113,135,113,擊
﻿135,113,158,113,158,134,135,134,又
﻿135,134,158,134,158,156,135,156,差
﻿135,156,158,156,158,177,135,177,水
﻿135,177,158,177,158,199,135,199,兵
﻿135,199,158,199,158,220,135,220,各
﻿135,220,158,220,158,241,135,241,隊
﻿135,241,158,241,158,263,135,263,進
﻿135,263,158,263,158,284,135,284,過
﻿135,284,158,284,158,306,135,306,江
﻿135,306,158,306,158,327,135,327,岸
﻿135,327,158,327,158,348,135,348,向
﻿135,348,158,348,158,370,135,370,賊
﻿135,370,158,370,158,391,135,391,連
﻿135,391,158,391,158,413,135,413,射
﻿105,28,128,28,128,49,105,49,自
﻿105,49,128,49,128,70,105,70,巳
﻿105,70,128,70,128,91,105,91,至
﻿105,91,128,91,128,112,105,112,申
﻿105,112,128,112,128,134,105,134,賊
﻿105,134,128,134,128,155,105,155,徒
﻿105,155,128,155,128,176,105,176,敗
﻿105,176,128,176,128,197,105,197,走
﻿105,197,128,197,128,219,105,219,時
﻿105,219,128,219,128,240,105,240,時
﻿105,240,128,240,128,261,105,261,憲
﻿105,261,128,261,128,282,105,282,文
﻿105,282,128,282,128,303,105,303,󰱇
﻿105,303,128,303,128,325,105,325,等
﻿105,325,128,325,128,346,105,346,渡
﻿105,346,128,346,128,367,105,367,會
﻿105,367,128,367,128,388,105,388,統
﻿105,388,128,388,128,410,105,410,海
﻿74,33,97,33,97,53,74,53,口
﻿74,53,97,53,97,73,74,73,由
﻿74,73,97,73,97,93,74,93,宜
﻿74,93,97,93,97,113,74,113,春
﻿74,113,97,113,97,133,74,133,左
﻿74,133,97,133,97,154,74,154,澳
﻿85,157,99,157,99,176,85,176,社
﻿73,157,84,157,84,176,73,176,名
﻿72,179,96,179,96,200,72,200,而
﻿72,200,96,200,96,221,72,221,進
﻿72,221,96,221,96,242,72,242,奮
﻿72,242,96,242,96,263,72,263,擊
﻿72,263,96,263,96,284,72,284,賊
﻿72,284,96,284,96,305,72,305,徒
﻿72,305,96,305,96,326,72,326,属
﻿72,326,96,326,96,347,72,347,将
﻿72,347,96,347,96,368,72,368,閔
﻿72,368,96,368,96,389,72,389,文
﻿72,389,96,389,96,410,72,410,蓮
﻿42,26,66,26,66,47,42,47,陣
﻿42,47,66,47,66,68,42,68,亡
﻿42,68,66,68,66,90,42,90,枚
﻿42,90,66,90,66,111,42,111,文
﻿42,111,66,111,66,132,42,132,孝
﻿42,132,66,132,66,154,42,154,鄭
﻿42,154,66,154,66,175,42,175,柳
﻿42,175,66,175,66,197,42,197,范
﻿42,197,66,197,66,218,42,218,晟
﻿42,218,66,218,66,239,42,239,楊
﻿42,239,66,239,66,261,42,261,瓊
﻿42,261,66,261,66,282,42,282,鄭
﻿42,282,66,282,66,304,42,304,世
﻿42,304,66,304,66,325,42,325,卿
﻿42,325,66,325,66,346,42,346,等
﻿42,346,66,346,66,368,42,368,兵
﻿42,368,66,368,66,389,42,389,稍
﻿42,389,66,389,66,411,42,411,却
﻿12,26,35,26,35,47,12,47,時
﻿12,47,35,47,35,68,12,68,憲
﻿12,68,35,68,35,90,12,90,文
﻿12,90,35,90,35,111,12,111,󰱇
﻿12,111,35,111,35,132,12,132,等
﻿12,132,35,132,35,154,12,154,勵
﻿12,154,35,154,35,175,12,175,兵
﻿12,175,35,175,35,197,12,197,直
﻿12,197,35,197,35,218,12,218,進
﻿12,218,35,218,35,239,12,239,破
﻿12,239,35,239,35,261,12,261,逆
﻿12,261,35,261,35,282,12,282,䧺
﻿12,282,35,282,35,304,12,304,壘
﻿12,304,35,304,35,325,12,325,放
﻿12,325,35,325,35,346,12,346,火
﻿12,346,35,346,35,368,12,368,燒
﻿12,368,35,368,35,389,12,389,其
﻿12,389,35,389,35,411,12,411,營
