259,52,280,52,280,72,259,72,禄
﻿259,72,280,72,280,93,259,93,郡
﻿259,93,280,93,280,113,259,113,公
﻿259,113,280,113,280,134,259,134,領
﻿259,134,280,134,280,155,259,155,兵
﻿259,155,280,155,280,175,259,175,回
﻿259,175,280,175,280,196,259,196,救
﻿259,196,280,196,280,216,259,216,清
﻿259,216,280,216,280,237,259,237,華
﻿259,237,280,237,280,258,259,258,及
﻿259,258,280,258,280,278,259,278,至
﻿259,278,280,278,280,299,259,299,行
﻿259,299,280,299,280,319,259,319,營
﻿259,319,280,319,280,340,259,340,與
﻿259,340,280,340,280,361,259,361,師
﻿259,361,280,361,280,381,259,381,鑠
﻿259,381,280,381,280,402,259,402,世
﻿259,402,280,402,280,423,259,423,卿
﻿230,50,255,50,255,70,230,70,等
﻿230,70,255,70,255,91,230,91,共
﻿230,91,255,91,255,111,230,111,謀
﻿230,111,255,111,255,132,230,132,合
﻿230,132,255,132,255,153,230,153,兵
﻿230,153,255,153,255,173,230,173,進
﻿230,173,255,173,255,194,230,194,擊
﻿230,194,255,194,255,214,230,214,與
﻿230,214,255,214,255,235,230,235,莫
﻿230,235,255,235,255,256,230,256,兵
﻿230,256,255,256,255,276,230,276,戰
﻿230,276,255,276,255,297,230,297,于
﻿230,297,255,297,255,317,230,317,油
﻿230,317,255,317,255,338,230,338,塲
﻿230,338,255,338,255,359,230,359,莫
﻿230,359,255,359,255,379,230,379,兵
﻿230,379,255,379,255,400,230,400,設
﻿230,400,255,400,255,421,230,421,伏
﻿200,49,225,49,225,69,200,69,于
﻿200,69,225,69,225,90,200,90,險
﻿200,90,225,90,225,110,200,110,要
﻿200,110,225,110,225,131,200,131,出
﻿200,131,225,131,225,152,200,152,奇
﻿200,152,225,152,225,172,200,172,兵
﻿200,172,225,172,225,193,200,193,挑
﻿200,193,225,193,225,213,200,213,戰
﻿200,213,225,213,225,234,200,234,𠍵
﻿200,234,225,234,225,255,200,255,北
﻿200,255,225,255,225,275,200,275,師
﻿200,275,225,275,225,296,200,296,鑠
﻿200,296,225,296,225,316,200,316,等
﻿200,316,225,316,225,337,200,337,引
﻿200,337,225,337,225,358,200,358,兵
﻿200,358,225,358,225,378,200,378,象
﻿200,378,225,378,225,399,200,399,追
﻿200,399,225,399,225,420,200,420,之
﻿170,54,195,54,195,74,170,74,深
﻿170,74,195,74,195,94,170,94,入
﻿170,94,195,94,195,114,170,114,重
﻿170,114,195,114,195,134,170,134,地
﻿170,134,195,134,195,155,170,155,敬
﻿170,155,195,155,195,175,170,175,典
﻿170,175,195,175,195,195,170,195,乃
﻿170,195,195,195,195,215,170,215,縱
﻿170,215,195,215,195,236,170,236,伏
﻿170,236,195,236,195,256,170,256,兵
﻿170,256,195,256,195,276,170,276,四
﻿170,276,195,276,195,296,170,296,面
﻿170,296,195,296,195,316,170,316,俱
﻿170,316,195,316,195,337,170,337,起
﻿170,337,195,337,195,357,170,357,夾
﻿170,357,195,357,195,377,170,377,攻
﻿170,377,195,377,195,397,170,397,圍
﻿170,397,195,397,195,418,170,418,之
﻿144,52,167,52,167,72,144,72,數
﻿144,72,167,72,167,92,144,92,重
﻿144,92,167,92,167,113,144,113,師
﻿144,113,167,113,167,133,144,133,鑠
﻿144,133,167,133,167,153,144,153,世
﻿144,153,167,153,167,174,144,174,卿
﻿144,174,167,174,167,194,144,194,等
﻿144,194,167,194,167,215,144,215,自
﻿144,215,167,215,167,235,144,235,料
﻿144,235,167,235,167,255,144,255,寡
﻿144,255,167,255,167,276,144,276,不
﻿144,276,167,276,167,296,144,296,敵
﻿144,296,167,296,167,317,144,317,󰕛
﻿144,317,167,317,167,337,144,337,乃
﻿144,337,167,337,167,357,144,357,突
﻿144,357,167,357,167,378,144,378,出
﻿144,378,167,378,167,398,144,398,重
﻿144,398,167,398,167,419,144,419,圍
﻿114,52,140,52,140,72,114,72,奮
﻿114,72,140,72,140,92,114,92,擊
﻿114,92,140,92,140,113,114,113,脱
﻿114,113,140,113,140,133,114,133,入
﻿114,133,140,133,140,153,114,153,山
﻿114,153,140,153,140,174,114,174,林
﻿114,174,140,174,140,194,114,194,禄
﻿114,194,140,194,140,215,114,215,郡
﻿114,215,140,215,140,235,114,235,公
﻿114,235,140,235,140,255,114,255,獨
﻿114,255,140,255,140,276,114,276,戰
﻿114,276,140,276,140,296,114,296,被
﻿114,296,140,296,140,317,114,317,莫
﻿114,317,140,317,140,337,114,337,兵
﻿114,337,140,337,140,357,114,357,刺
﻿114,357,140,357,140,378,114,378,於
﻿114,378,140,378,140,398,114,398,象
﻿114,398,140,398,140,419,114,419,背
﻿82,54,110,54,110,74,82,74,死
﻿82,74,110,74,110,95,82,95,之
﻿82,95,110,95,110,115,82,115,官
﻿82,115,110,115,110,136,82,136,兵
﻿82,136,110,136,110,156,82,156,死
﻿82,156,110,156,110,177,82,177,者
﻿82,177,110,177,110,197,82,197,千
﻿82,197,110,197,110,218,82,218,數
﻿82,218,110,218,110,238,82,238,莫
﻿82,238,110,238,110,259,82,259,将
﻿82,259,110,259,110,279,82,279,欲
﻿82,279,110,279,110,300,82,300,圖
﻿82,300,110,300,110,320,82,320,進
﻿82,320,110,320,110,341,82,341,取
﻿82,341,110,341,110,361,82,361,及
﻿82,361,110,361,110,382,82,382,聞
﻿82,382,110,382,110,402,82,402,太
﻿82,402,110,402,110,423,82,423,師
﻿52,51,77,51,77,71,52,71,回
﻿52,71,77,71,77,92,52,92,兵
﻿52,92,77,92,77,112,52,112,至
﻿52,112,77,112,77,133,52,133,石
﻿52,133,77,133,77,154,52,154,城
﻿52,154,77,154,77,174,52,174,敬
﻿52,174,77,174,77,195,52,195,典
﻿52,195,77,195,77,215,52,215,乃
﻿52,215,77,215,77,236,52,236,率
﻿52,236,77,236,77,257,52,257,兵
﻿52,257,77,257,77,277,52,277,回
﻿52,277,77,277,77,298,52,298,十
﻿52,298,77,298,77,318,52,318,二
﻿52,318,77,318,77,339,52,339,日
﻿52,339,77,339,77,360,52,360,追
﻿52,360,77,360,77,380,52,380,封
﻿52,380,77,380,77,401,52,401,禄
﻿52,401,77,401,77,422,52,422,郡
﻿23,52,46,52,46,72,23,72,公
﻿23,72,46,72,46,92,23,92,爲
﻿23,92,46,92,46,112,23,112,嚴
﻿23,112,46,112,46,132,23,132,國
﻿23,132,46,132,46,153,23,153,公
﻿23,153,46,153,46,173,23,173,以
﻿23,173,46,173,46,193,23,193,其
﻿23,193,46,193,46,213,23,213,全
﻿23,213,46,213,46,234,23,234,節
﻿23,234,46,234,46,254,23,254,於
﻿23,254,46,254,46,274,23,274,王
﻿23,274,46,274,46,294,23,294,事
﻿23,294,46,294,46,315,23,315,也
