264,16,289,16,289,36,264,36,臣
﻿264,36,289,36,289,56,264,56,爲
﻿264,56,289,56,289,76,264,76,人
﻿264,76,289,76,289,97,264,97,清
﻿264,97,289,97,289,117,264,117,介
﻿264,117,289,117,289,137,264,137,徃
﻿264,137,289,137,289,158,264,158,年
﻿264,158,289,158,289,178,264,178,為
﻿264,178,289,178,289,198,264,198,頭
﻿264,198,289,198,289,219,264,219,行
﻿264,219,289,219,289,239,264,239,人
﻿264,239,289,239,289,259,264,259,使
﻿264,259,289,259,289,280,264,280,元
﻿264,280,289,280,289,300,264,300,回
﻿264,300,289,300,289,320,264,320,不
﻿264,320,289,320,289,341,264,341,買
﻿264,341,289,341,289,361,264,361,一
﻿264,361,289,361,289,381,264,381,物
﻿264,381,289,381,289,401,264,401,上
﻿233,15,259,15,259,35,233,35,皇
﻿233,35,259,35,259,56,233,56,嘉
﻿233,56,259,56,259,76,233,76,奬
﻿233,76,259,76,259,97,233,97,特
﻿233,97,259,97,259,117,233,117,賜
﻿233,117,259,117,259,138,233,138,二
﻿233,138,259,138,259,158,233,158,資
﻿233,158,259,158,259,179,233,179,故
﻿233,179,259,179,259,199,233,199,事
﻿233,199,259,199,259,220,233,220,凣
﻿233,220,259,220,259,240,233,240,使
﻿233,240,259,240,259,261,233,261,元
﻿233,261,259,261,259,281,233,281,回
﻿233,281,259,281,259,302,233,302,賜
﻿233,302,259,302,259,322,233,322,爵
﻿233,322,259,322,259,343,233,343,各
﻿233,343,259,343,259,363,233,363,二
﻿233,363,259,363,259,384,233,384,資
﻿233,384,259,384,259,405,233,405,頭
﻿205,15,229,15,229,36,205,36,行
﻿205,36,229,36,229,58,205,58,人
﻿205,58,229,58,229,80,205,80,以
﻿205,80,229,80,229,101,205,101,下
﻿205,101,229,101,229,123,205,123,各
﻿205,123,229,123,229,145,205,145,一
﻿205,145,229,145,229,167,205,167,?
﻿205,167,229,167,229,188,205,188,柄
﻿205,188,229,188,229,210,205,210,以
﻿205,210,229,210,229,232,205,232,清
﻿205,232,229,232,229,253,205,253,介
﻿205,253,229,253,229,275,205,275,故
﻿205,275,229,275,229,297,205,297,得
﻿205,297,229,297,229,319,205,319,二
﻿205,319,229,319,229,340,205,340,資
﻿205,340,229,340,229,362,205,362,以
﻿205,362,229,362,229,384,205,384,陳
﻿205,384,229,384,229,406,205,406,䧺
﻿173,14,198,14,198,34,173,34,韬
﻿173,34,198,34,198,54,173,54,為
﻿173,54,198,54,198,74,173,74,少
﻿173,74,198,74,198,95,173,95,傅
﻿145,16,164,16,164,35,145,35,丁
﻿145,35,164,35,164,54,145,54,巳
﻿145,54,164,54,164,73,145,73,四
﻿145,73,164,73,164,92,145,92,年
﻿153,98,167,98,167,116,153,116,元
﻿153,116,167,116,167,134,153,134,延
﻿153,134,167,134,167,152,153,152,祐
﻿140,96,152,96,152,114,140,114,四
﻿140,114,152,114,152,133,140,133,年
﻿141,154,166,154,166,174,141,174,春
﻿141,174,166,174,166,195,141,195,三
﻿141,195,166,195,166,216,141,216,月
﻿141,216,166,216,166,237,141,237,合
﻿141,237,166,237,166,257,141,257,䯻
﻿141,257,166,257,166,278,141,278,天
﻿141,278,166,278,166,299,141,299,真
﻿141,299,166,299,166,320,141,320,懿
﻿141,320,166,320,166,340,141,340,貞
﻿141,340,166,340,166,361,141,361,徽
﻿141,361,166,361,166,382,141,382,真
﻿141,382,166,382,166,403,141,403,惠
﻿110,12,135,12,135,32,110,32,真
﻿110,32,135,32,135,53,110,53,聖
﻿110,53,135,53,135,74,110,74,真
﻿110,74,135,74,135,95,110,95,五
﻿110,95,135,95,135,115,110,115,公
﻿110,115,135,115,135,136,110,136,主
﻿110,136,135,136,135,157,110,157,徽
﻿110,157,135,157,135,178,110,178,真
﻿110,178,135,178,135,198,110,198,適
﻿110,198,135,198,135,219,110,219,威
﻿110,219,135,219,135,240,110,240,簡
﻿110,240,135,240,135,261,110,261,侯
﻿123,264,137,264,137,280,123,280,缺
﻿110,263,122,263,122,281,110,281,名
﻿110,284,135,284,135,303,110,303,𥘉
﻿110,303,135,303,135,323,110,323,徽
﻿110,323,135,323,135,343,110,343,真
﻿110,343,135,343,135,363,110,363,親
﻿110,363,135,363,135,383,110,383,生
﻿110,383,135,383,135,403,110,403,母
﻿80,13,103,13,103,33,80,33,太
﻿80,33,103,33,103,54,80,54,平
﻿80,54,103,54,103,74,80,74,陳
﻿80,74,103,74,103,95,80,95,氏
﻿80,95,103,95,103,115,80,115,上
﻿80,115,103,115,103,136,80,136,皇
﻿80,136,103,136,103,156,80,156,之
﻿80,156,103,156,103,177,80,177,宫
﻿80,177,103,177,103,197,80,197,嬪
﻿80,197,103,197,103,218,80,218,性
﻿80,218,103,218,103,238,80,238,貪
﻿80,238,103,238,103,259,80,259,狼
﻿80,259,103,259,103,279,80,279,每
﻿80,279,103,279,103,300,80,300,侵
﻿80,300,103,300,103,320,80,320,奪
﻿80,320,103,320,103,341,80,341,民
﻿80,341,103,341,103,361,80,361,田
﻿80,361,103,361,103,382,80,382,民
﻿80,382,103,382,103,403,80,403,有
﻿49,12,74,12,74,32,49,32,愬
﻿49,32,74,32,74,53,49,53,者
﻿49,53,74,53,74,73,49,73,帝
﻿49,73,74,73,74,94,49,94,不
﻿49,94,74,94,74,114,49,114,付
﻿49,114,74,114,74,135,49,135,之
﻿49,135,74,135,74,155,49,155,有
﻿49,155,74,155,74,176,49,176,司
﻿49,176,74,176,74,196,49,196,召
﻿49,196,74,196,74,217,49,217,威
﻿49,217,74,217,74,237,49,237,簡
﻿49,237,74,237,74,258,49,258,以
﻿49,258,74,258,74,278,49,278,狀
﻿49,278,74,278,74,299,49,299,示
﻿49,299,74,299,74,319,49,319,之
﻿49,319,74,319,74,340,49,340,論
﻿49,340,74,340,74,360,49,360,曰
﻿49,360,74,360,74,381,49,381,朕
﻿49,381,74,381,74,402,49,402,不
﻿18,13,42,13,42,33,18,33,付
﻿18,33,42,33,42,53,18,53,吏
﻿18,53,42,53,42,74,18,74,治
﻿18,74,42,74,42,94,18,94,者
﻿18,94,42,94,42,115,18,115,辱
﻿18,115,42,115,42,135,18,135,先
﻿18,135,42,135,42,156,18,156,皇
﻿18,156,42,156,42,176,18,176,嬪
﻿18,176,42,176,42,197,18,197,御
﻿18,197,42,197,42,217,18,217,也
﻿18,217,42,217,42,238,18,238,爾
﻿18,238,42,238,42,258,18,258,宜
﻿18,258,42,258,42,279,18,279,照
﻿18,279,42,279,42,299,18,299,狀
﻿18,299,42,299,42,320,18,320,還
﻿18,320,42,320,42,340,18,340,民
﻿18,340,42,340,42,361,18,361,威
﻿18,361,42,361,42,381,18,381,簡
﻿18,381,42,381,42,402,18,402,即
