236,87,267,87,267,113,236,113,其
﻿236,113,267,113,267,139,236,139,世
﻿236,139,267,139,267,165,236,165,次
﻿236,165,267,165,267,191,236,191,凣
﻿236,191,267,191,267,218,236,218,例
﻿236,218,267,218,267,244,236,244,年
﻿236,244,267,244,267,270,236,270,表
﻿236,270,267,270,267,296,236,296,一
﻿236,296,267,296,267,323,236,323,如
﻿236,323,267,323,267,349,236,349,前
﻿236,349,267,349,267,375,236,375,所
﻿236,375,267,375,267,401,236,401,著
﻿236,401,267,401,267,428,236,428,述
﻿202,89,232,89,232,115,202,115,又
﻿202,115,232,115,232,141,202,141,蓃
﻿202,141,232,141,232,168,202,168,獵
﻿202,168,232,168,232,194,202,194,𦾔
﻿202,194,232,194,232,221,202,221,跡
﻿202,221,232,221,232,247,202,247,參
﻿202,247,232,247,232,273,202,273,諸
﻿202,273,232,273,232,300,202,300,野
﻿202,300,232,300,232,326,202,326,史
﻿202,326,232,326,232,353,202,353,類
﻿202,353,232,353,232,379,202,379,編
﻿202,379,232,379,232,406,202,406,自
﻿163,59,194,59,194,85,163,85,玄
﻿163,85,194,85,194,111,163,111,宗
﻿163,111,194,111,194,138,163,138,穆
﻿163,138,194,138,194,164,163,164,皇
﻿163,164,194,164,194,190,163,190,帝
﻿163,190,194,190,194,217,163,217,景
﻿163,217,194,217,194,243,163,243,治
﻿163,243,194,243,194,269,163,269,之
﻿163,269,194,269,194,296,163,296,𥘉
﻿163,296,194,296,194,322,163,322,年
﻿163,322,194,322,194,349,163,349,至
﻿125,58,157,58,157,84,125,84,嘉
﻿125,84,157,84,157,110,125,110,宗
﻿125,110,157,110,157,136,125,136,羙
﻿125,136,157,136,157,163,125,163,皇
﻿125,163,157,163,157,189,125,189,帝
﻿125,189,157,189,157,215,125,215,德
﻿125,215,157,215,157,242,125,242,元
﻿125,242,157,242,157,268,125,268,之
﻿125,268,157,268,157,294,125,294,二
﻿125,294,157,294,157,320,125,320,年
﻿125,320,157,320,157,347,125,347,凣
﻿125,347,157,347,157,373,125,373,十
﻿125,373,157,373,157,399,125,399,有
﻿125,399,157,399,157,426,125,426,三
﻿89,84,120,84,120,111,89,111,載
﻿89,111,120,111,120,138,89,138,事
﻿89,138,120,138,120,165,89,165,實
﻿89,165,120,165,120,192,89,192,亦
﻿89,192,120,192,120,219,89,219,命
﻿89,219,120,219,120,246,89,246,曰
﻿89,246,120,246,120,273,89,273,本
﻿89,273,120,273,120,300,89,300,紀
﻿89,300,120,300,120,327,89,327,續
﻿89,327,120,327,120,354,89,354,編
﻿89,354,120,354,120,381,89,381,書
﻿89,381,120,381,120,409,89,409,成
﻿56,59,85,59,85,84,56,84,上
﻿56,84,85,84,85,109,56,109,進
﻿16,61,47,61,47,87,16,87,御
﻿16,87,47,87,47,113,16,113,覽
﻿16,113,47,113,47,139,16,139,遂
﻿16,139,47,139,47,165,16,165,命
﻿16,165,47,165,47,192,16,192,工
﻿16,192,47,192,47,218,16,218,刊
﻿16,218,47,218,47,244,16,244,刻
﻿16,244,47,244,47,270,16,270,頒
﻿16,270,47,270,47,296,16,296,布
﻿16,296,47,296,47,323,16,323,天
﻿16,323,47,323,47,349,16,349,下
﻿16,349,47,349,47,375,16,375,使
﻿16,375,47,375,47,401,16,401,徔
﻿16,401,47,401,47,428,16,428,前
