255,30,278,30,278,50,255,50,所
﻿255,50,278,50,278,71,255,71,以
﻿255,71,278,71,278,92,255,92,惠
﻿255,92,278,92,278,113,255,113,民
﻿255,113,278,113,278,134,255,134,我
﻿255,134,278,134,278,155,255,155,大
﻿255,155,278,155,278,175,255,175,兄
﻿255,175,278,175,278,196,255,196,光
﻿255,196,278,196,278,217,255,217,紹
﻿255,217,278,217,278,238,255,238,皇
﻿255,238,278,238,278,259,255,259,上
﻿255,259,278,259,278,280,255,280,祗
﻿255,280,278,280,278,300,255,300,荷
﻿255,300,278,300,278,321,255,321,天
﻿255,321,278,321,278,342,255,342,休
﻿255,342,278,342,278,363,255,363,丕
﻿255,363,278,363,278,384,255,384,承
﻿255,384,278,384,278,405,255,405,祖
﻿227,30,250,30,250,50,227,50,烈
﻿227,50,250,50,250,71,227,71,󰈫
﻿227,71,250,71,250,92,227,92,亂
﻿227,92,250,92,250,112,227,112,反
﻿227,112,250,112,250,133,227,133,正
﻿227,133,250,133,250,154,227,154,布
﻿227,154,250,154,250,174,227,174,德
﻿227,174,250,174,250,195,227,195,安
﻿227,195,250,195,250,216,227,216,民
﻿227,216,250,216,250,236,227,236,七
﻿227,236,250,236,250,257,227,257,年
﻿227,257,250,257,250,278,227,278,于
﻿227,278,250,278,250,298,227,298,兹
﻿227,298,250,298,250,319,227,319,今
﻿227,319,250,319,250,340,227,340,年
﻿227,340,250,340,250,360,227,360,七
﻿227,360,250,360,250,381,227,381,月
﻿227,381,250,381,250,402,227,402,二
﻿197,29,221,29,221,49,197,49,十
﻿197,49,221,49,221,70,197,70,七
﻿197,70,221,70,221,91,197,91,日
﻿197,91,221,91,221,112,197,112,夜
﻿197,112,221,112,221,133,197,133,時
﻿197,133,221,133,221,154,197,154,被
﻿197,154,221,154,221,175,197,175,姦
﻿197,175,221,175,221,196,197,196,人
﻿197,196,221,196,221,217,197,217,脅
﻿197,217,221,217,221,237,197,237,迁
﻿197,237,221,237,221,258,197,258,于
﻿197,258,221,258,221,279,197,279,外
﻿197,279,221,279,221,300,197,300,朝
﻿197,300,221,300,221,321,197,321,臣
﻿197,321,221,321,221,342,197,342,黎
﻿197,342,221,342,221,363,197,363,輔
﻿197,363,221,363,221,384,197,384,等
﻿197,384,221,384,221,405,197,405,以
﻿167,31,191,31,191,51,167,51,朕
﻿167,51,191,51,191,72,167,72,明
﻿167,72,191,72,191,93,167,93,宗
﻿167,93,191,93,191,114,167,114,哲
﻿167,114,191,114,191,135,167,135,皇
﻿167,135,191,135,191,156,167,156,帝
﻿167,156,191,156,191,176,167,176,之
﻿167,176,191,176,191,197,167,197,第
﻿167,197,191,197,191,218,167,218,二
﻿167,218,191,218,191,239,167,239,子
﻿167,239,191,239,191,260,167,260,光
﻿167,260,191,260,191,281,167,281,紹
﻿167,281,191,281,191,301,167,301,皇
﻿167,301,191,301,191,322,167,322,上
﻿167,322,191,322,191,343,167,343,之
﻿167,343,191,343,191,364,167,364,親
﻿167,364,191,364,191,385,167,385,弟
﻿167,385,191,385,191,406,167,406,同
﻿137,32,162,32,162,52,137,52,心
﻿137,52,162,52,162,73,137,73,推
﻿137,73,162,73,162,94,137,94,戴
﻿137,94,162,94,162,115,137,115,再
﻿137,115,162,115,162,135,137,135,三
﻿137,135,162,135,162,156,137,156,勸
﻿137,156,162,156,162,177,137,177,進
﻿137,177,162,177,162,198,137,198,朕
﻿137,198,162,198,162,219,137,219,以
﻿137,219,162,219,162,239,137,239,宗
﻿137,239,162,239,162,260,137,260,社
﻿137,260,162,260,162,281,137,281,生
﻿137,281,162,281,162,302,137,302,民
﻿137,302,162,302,162,322,137,322,之
﻿137,322,162,322,162,343,137,343,仲
﻿137,343,162,343,162,364,137,364,固
﻿137,364,162,364,162,385,137,385,辭
﻿137,385,162,385,162,406,137,406,弗
﻿108,27,131,27,131,48,108,48,獲
﻿108,48,131,48,131,69,108,69,乃
﻿108,69,131,69,131,90,108,90,祗
﻿108,90,131,90,131,111,108,111,告
﻿108,111,131,111,131,132,108,132,宗
﻿108,132,131,132,131,153,108,153,廟
﻿108,153,131,153,131,174,108,174,以
﻿108,174,131,174,131,195,108,195,今
﻿108,195,131,195,131,217,108,217,年
﻿108,217,131,217,131,238,108,238,撥
﻿108,238,131,238,131,259,108,259,月
﻿108,259,131,259,131,280,108,280,初
﻿108,280,131,280,131,301,108,301,一
﻿108,301,131,301,131,322,108,322,日
﻿108,322,131,322,131,343,108,343,即
﻿108,343,131,343,131,364,108,364,位
﻿108,364,131,364,131,385,108,385,改
﻿108,385,131,385,131,407,108,407,元
﻿78,29,103,29,103,51,78,51,統
﻿78,51,103,51,103,73,78,73,元
﻿78,73,103,73,103,95,78,95,芫
﻿78,95,103,95,103,117,78,117,年
﻿78,117,103,117,103,139,78,139,大
﻿78,139,103,139,103,162,78,162,赦
﻿78,162,103,162,103,184,78,184,天
﻿78,184,103,184,103,206,78,206,下
﻿78,206,103,206,103,228,78,228,凣
﻿78,228,103,228,103,250,78,250,三
﻿78,250,103,250,103,272,78,272,十
﻿78,272,103,272,103,295,78,295,二
﻿78,295,103,295,103,317,78,317,條
﻿78,317,103,317,103,339,78,339,初
﻿78,339,103,339,103,361,78,361,十
﻿78,361,103,361,103,383,78,383,日
﻿78,383,103,383,103,406,78,406,統
﻿46,31,71,31,71,51,46,51,元
﻿46,51,71,51,71,72,46,72,帝
﻿46,72,71,72,71,93,46,93,幸
﻿46,93,71,93,71,114,46,114,海
﻿46,114,71,114,71,135,46,135,陽
﻿46,135,71,135,71,156,46,156,嘉
﻿46,156,71,156,71,176,46,176,福
﻿46,176,71,176,71,197,46,197,縣
﻿46,197,71,197,71,218,46,218,福
﻿46,218,71,218,71,239,46,239,延
﻿46,239,71,239,71,260,46,260,社
﻿46,260,71,260,71,281,46,281,檜
﻿46,281,71,281,71,301,46,301,廟
﻿46,301,71,301,71,322,46,322,又
﻿46,322,71,322,71,343,46,343,幸
﻿46,343,71,343,71,364,46,364,洪
﻿46,364,71,364,71,385,46,385,市
﻿46,385,71,385,71,406,46,406,遂
﻿16,29,40,29,40,49,16,49,作
﻿16,49,40,49,40,70,16,70,行
﻿16,70,40,70,40,91,16,91,殿
﻿16,91,40,91,40,112,16,112,于
﻿16,112,40,112,40,133,16,133,縣
﻿16,133,40,133,40,154,16,154,中
﻿16,154,40,154,40,174,16,174,裝
﻿16,174,40,174,40,195,16,195,載
﻿16,195,40,195,40,216,16,216,城
﻿16,216,40,216,40,237,16,237,中
﻿16,237,40,237,40,258,16,258,府
﻿16,258,40,258,40,279,16,279,庫
﻿16,279,40,279,40,299,16,299,金
﻿16,299,40,299,40,320,16,320,銀
﻿16,320,40,320,40,341,16,341,錢
﻿16,341,40,341,40,362,16,362,貨
﻿16,362,40,362,40,383,16,383,全
﻿16,383,40,383,40,404,16,404,㱕
