263,70,290,70,290,90,263,90,路
﻿263,90,290,90,290,110,263,110,倣
﻿263,110,290,110,290,131,263,131,行
﻿263,131,290,131,290,151,263,151,之
﻿263,151,290,151,290,171,263,171,命
﻿263,171,290,171,290,192,263,192,興
﻿263,192,290,192,290,212,263,212,孝
﻿263,212,290,212,290,233,263,233,王
﻿263,233,290,233,290,253,263,253,討
﻿263,253,290,253,290,273,263,273,平
﻿263,273,290,273,290,294,263,294,牛
﻿263,294,290,294,290,314,263,314,吼
﻿263,314,290,314,290,335,263,335,蠻
﻿263,335,290,335,290,355,263,355,入
﻿263,355,290,355,290,375,263,375,鄭
﻿263,375,290,375,290,396,263,396,旗
﻿263,396,290,396,290,416,263,416,寨
﻿263,416,290,416,290,437,263,437,大
﻿233,68,260,68,260,87,233,87,破
﻿233,87,260,87,260,106,233,106,之
﻿233,106,260,106,260,126,233,126,斬
﻿233,126,260,126,260,145,233,145,其
﻿233,145,260,145,260,164,233,164,酋
﻿233,164,260,164,260,184,233,184,車
﻿233,184,260,184,260,203,233,203,焚
﻿233,203,260,203,260,222,233,222,師
﻿233,222,260,222,260,242,233,242,還
﻿233,242,260,242,260,261,233,261,軍
﻿233,261,260,261,260,281,233,281,士
﻿233,281,260,281,260,300,233,300,皆
﻿233,300,260,300,260,319,233,319,爵
﻿233,319,260,319,260,339,233,339,賞
﻿233,339,260,339,260,358,233,358,興
﻿233,358,260,358,260,377,233,377,孝
﻿233,377,260,377,260,397,233,397,王
﻿233,397,260,397,260,416,233,416,援
﻿233,416,260,416,260,436,233,436,仁
﻿204,69,229,69,229,87,204,87,惠
﻿204,87,229,87,229,105,204,105,討
﻿204,105,229,105,229,123,204,123,平
﻿204,123,229,123,229,142,204,142,南
﻿204,142,229,142,229,160,204,160,戎
﻿204,160,229,160,229,178,204,178,故
﻿204,178,229,178,229,196,204,196,事
﻿204,196,229,196,229,215,204,215,請
﻿204,215,229,215,229,233,204,233,賞
﻿204,233,229,233,229,251,204,251,守
﻿204,251,229,251,229,269,204,269,舟
﻿204,269,229,269,229,288,204,288,者
﻿204,288,229,288,229,306,204,306,上
﻿204,306,229,306,229,324,204,324,皇
﻿204,324,229,324,229,342,204,342,曰
﻿204,342,229,342,229,361,204,361,󰆑
﻿204,361,229,361,229,379,204,379,餘
﻿204,379,229,379,229,397,204,397,之
﻿204,397,229,397,229,415,204,415,討
﻿204,415,229,415,229,434,204,434,南
﻿173,68,198,68,198,87,173,87,戎
﻿173,87,198,87,198,106,173,106,自
﻿173,106,198,106,198,125,173,125,乂
﻿173,125,198,125,198,144,173,144,安
﻿173,144,198,144,198,164,173,164,陸
﻿173,164,198,164,198,183,173,183,行
﻿173,183,198,183,198,202,173,202,數
﻿173,202,198,202,198,221,173,221,日
﻿173,221,198,221,198,240,173,240,至
﻿173,240,198,240,198,260,173,260,南
﻿173,260,198,260,198,279,173,279,戎
﻿173,279,198,279,198,298,173,298,江
﻿173,298,198,298,198,317,173,317,乃
﻿173,317,198,317,198,336,173,336,刻
﻿173,336,198,336,198,356,173,356,木
﻿173,356,198,356,198,375,173,375,為
﻿173,375,198,375,198,394,173,394,舟
﻿173,394,198,394,198,413,173,413,是
﻿173,413,198,413,198,433,173,433,守
﻿141,66,165,66,165,83,141,83,賊
﻿141,83,165,83,165,101,141,101,境
﻿141,101,165,101,165,118,141,118,之
﻿141,118,165,118,165,136,141,136,舟
﻿141,136,165,136,165,153,141,153,非
﻿141,153,165,153,165,171,141,171,守
﻿141,171,165,171,165,189,141,189,乂
﻿141,189,165,189,165,206,141,206,安
﻿141,206,165,206,165,224,141,224,之
﻿141,224,165,224,165,241,141,241,舟
﻿141,241,165,241,165,259,141,259,也
﻿141,259,165,259,165,276,141,276,今
﻿141,276,165,276,165,294,141,294,之
﻿141,294,165,294,165,312,141,312,守
﻿141,312,165,312,165,329,141,329,舟
﻿141,329,165,329,165,347,141,347,則
﻿141,347,165,347,165,364,141,364,異
﻿141,364,165,364,165,382,141,382,於
﻿141,382,165,382,165,399,141,399,是
﻿141,399,165,399,165,417,141,417,且
﻿141,417,165,417,165,435,141,435,有
﻿110,65,134,65,134,84,110,84,賞
﻿110,84,134,84,134,104,110,104,必
﻿110,104,134,104,134,123,110,123,有
﻿110,123,134,123,134,143,110,143,罰
﻿110,143,134,143,134,162,110,162,其
﻿110,162,134,162,134,182,110,182,󰟨
﻿110,182,134,182,134,201,110,201,常
﻿110,201,134,201,134,221,110,221,相
﻿110,221,134,221,134,240,110,240,須
﻿110,240,134,240,134,260,110,260,如
﻿110,260,134,260,134,279,110,279,取
﻿110,279,134,279,134,299,110,299,舟
﻿110,299,134,299,134,318,110,318,欲
﻿110,318,134,318,134,338,110,338,籍
﻿110,338,134,338,134,357,110,357,戰
﻿110,357,134,357,134,377,110,377,勝
﻿110,377,134,377,134,396,110,396,受
﻿110,396,134,396,134,416,110,416,賞
﻿110,416,134,416,134,436,110,436,使
﻿79,65,103,65,103,84,79,84,戰
﻿79,84,103,84,103,103,79,103,者
﻿79,103,103,103,103,123,79,123,當
﻿79,123,103,123,103,142,79,142,死
﻿79,142,103,142,103,162,79,162,則
﻿79,162,103,162,103,181,79,181,守
﻿79,181,103,181,103,200,79,200,者
﻿79,200,103,200,103,220,79,220,亦
﻿79,220,103,220,103,239,79,239,子
﻿79,239,103,239,103,259,79,259,耶
﻿79,259,103,259,103,278,79,278,興
﻿79,278,103,278,103,298,79,298,孝
﻿79,298,103,298,103,317,79,317,對
﻿79,317,103,317,103,336,79,336,曰
﻿79,336,103,336,103,356,79,356,如
﻿79,356,103,356,103,375,79,375,無
﻿79,375,103,375,103,395,79,395,守
﻿79,395,103,395,103,414,79,414,舟
﻿79,414,103,414,103,434,79,434,軍
﻿48,65,73,65,73,83,48,83,中
﻿48,83,73,83,73,101,48,101,或
﻿48,101,73,101,73,120,48,120,聞
﻿48,120,73,120,73,138,48,138,賊
﻿48,138,73,138,73,157,48,157,以
﻿48,157,73,157,73,175,48,175,獲
﻿48,175,73,175,73,193,48,193,舟
﻿48,193,73,193,73,212,48,212,軍
﻿48,212,73,212,73,230,48,230,士
﻿48,230,73,230,73,249,48,249,能
﻿48,249,73,249,73,267,48,267,堅
﻿48,267,73,267,73,285,48,285,守
﻿48,285,73,285,73,304,48,304,乎
﻿48,304,73,304,73,322,48,322,上
﻿48,322,73,322,73,341,48,341,皇
﻿48,341,73,341,73,359,48,359,曰
﻿48,359,73,359,73,377,48,377,苟
﻿48,377,73,377,73,396,48,396,如
﻿48,396,73,396,73,414,48,414,此
﻿48,414,73,414,73,433,48,433,先
﻿16,62,40,62,40,81,16,81,賞
﻿16,81,40,81,40,101,16,101,在
﻿16,101,40,101,40,121,16,121,朝
﻿16,121,40,121,40,140,16,140,方
﻿16,140,40,140,40,160,16,160,可
﻿16,160,40,160,40,180,16,180,如
﻿16,180,40,180,40,200,16,200,京
﻿16,200,40,200,40,219,16,219,師
﻿16,219,40,219,40,239,16,239,不
﻿16,239,40,239,40,259,16,259,靖
﻿16,259,40,259,40,279,16,279,軍
﻿16,279,40,279,40,298,16,298,士
﻿16,298,40,298,40,318,16,318,其
﻿16,318,40,318,40,338,16,338,能
﻿16,338,40,338,40,358,16,358,赴
﻿16,358,40,358,40,377,16,377,敵
﻿16,377,40,377,40,397,16,397,乎
﻿16,397,40,397,40,417,16,417,興
﻿16,417,40,417,40,437,16,437,孝
