239,62,265,62,265,82,239,82,之
﻿239,82,265,82,265,102,239,102,階
﻿239,102,265,102,265,122,239,122,定
﻿239,122,265,122,265,143,239,143,律
﻿239,143,265,143,265,163,239,163,令
﻿239,163,265,163,265,183,239,183,衣
﻿239,183,265,183,265,203,239,203,服
﻿239,203,265,203,265,224,239,224,之
﻿239,224,265,224,265,244,239,244,制
﻿239,244,265,244,265,264,239,264,真
﻿239,264,265,264,265,285,239,285,𦙟
﻿239,285,265,285,265,305,239,305,世
﻿239,305,265,305,265,325,239,325,之
﻿239,325,265,325,265,345,239,345,奇
﻿239,345,265,345,265,366,239,366,才
﻿239,366,265,366,265,386,239,386,也
﻿239,386,265,386,265,406,239,406,然
﻿239,406,265,406,265,427,239,427,顧
﻿210,58,235,58,235,78,210,78,托
﻿210,78,235,78,235,98,210,98,非
﻿210,98,235,98,235,118,210,118,人
﻿210,118,235,118,235,139,210,139,禍
﻿210,139,235,139,235,159,210,159,及
﻿210,159,235,159,235,179,210,179,後
﻿210,179,235,179,235,199,210,199,嗣
﻿210,199,235,199,235,220,210,220,楊
﻿210,220,235,220,235,240,210,240,三
﻿210,240,235,240,235,260,210,260,哥
﻿210,260,235,260,235,281,210,281,以
﻿210,281,235,281,235,301,210,301,外
﻿210,301,235,301,235,321,210,321,戚
﻿210,321,235,321,235,341,210,341,之
﻿210,341,235,341,235,362,210,362,親
﻿210,362,235,362,235,382,210,382,受
﻿210,382,235,382,235,402,210,402,托
﻿210,402,235,402,235,423,210,423,孤
﻿179,58,207,58,207,78,179,78,之
﻿179,78,207,78,207,98,179,98,寄
﻿179,98,207,98,207,119,179,119,然
﻿179,119,207,119,207,139,179,139,廢
﻿179,139,207,139,207,160,179,160,主
﻿179,160,207,160,207,180,179,180,自
﻿179,180,207,180,207,201,179,201,立
﻿179,201,207,201,207,221,179,221,難
﻿179,221,207,221,207,242,179,242,迯
﻿179,242,207,242,207,262,179,262,簒
﻿179,262,207,262,207,282,179,282,弑
﻿179,282,207,282,207,303,179,303,之
﻿179,303,207,303,207,323,179,323,誅
﻿179,323,207,323,207,344,179,344,吳
﻿179,344,207,344,207,364,179,364,後
﻿179,364,207,364,207,385,179,385,主
﻿179,385,207,385,207,405,179,405,克
﻿179,405,207,405,207,426,179,426,復
﻿149,59,176,59,176,79,149,79,祖
﻿149,79,176,79,176,99,149,99,宗
﻿149,99,176,99,176,119,149,119,之
﻿149,119,176,119,176,139,149,139,業
﻿149,139,176,139,176,159,149,159,保
﻿149,159,176,159,176,180,149,180,安
﻿149,180,176,180,176,200,149,200,境
﻿149,200,176,200,176,220,149,220,内
﻿149,220,176,220,176,240,149,240,之
﻿149,240,176,240,176,260,149,260,民
﻿149,260,176,260,176,280,149,280,足
﻿149,280,176,280,176,301,149,301,爲
﻿149,301,176,301,176,321,149,321,承
﻿149,321,176,321,176,341,149,341,平
﻿149,341,176,341,176,361,149,361,之
﻿149,361,176,361,176,381,149,381,主
﻿149,381,176,381,176,401,149,401,然
﻿149,401,176,401,176,422,149,422,政
﻿121,57,145,57,145,77,121,77,尚
﻿121,77,145,77,145,97,121,97,姑
﻿121,97,145,97,145,118,121,118,息
﻿121,118,145,118,145,138,121,138,黷
﻿121,138,145,138,145,158,121,158,於
﻿121,158,145,158,145,179,121,179,武
﻿121,179,145,179,145,199,121,199,功
﻿121,199,145,199,145,219,121,219,禍
﻿121,219,145,219,145,240,121,240,及
﻿121,240,145,240,145,260,121,260,其
﻿121,260,145,260,145,280,121,280,身
﻿121,280,145,280,145,301,121,301,天
﻿121,301,145,301,145,321,121,321,策
﻿121,321,145,321,145,341,121,341,王
﻿121,341,145,341,145,362,121,362,以
﻿121,362,145,362,145,382,121,382,?
﻿121,382,145,382,145,402,121,402,主
﻿121,402,145,402,145,423,121,423,之
﻿92,57,116,57,116,77,92,77,嫡
﻿92,77,116,77,116,97,92,97,嗣
﻿92,97,116,97,116,118,92,118,始
﻿92,118,116,118,116,138,92,138,爲
﻿92,138,116,138,116,158,92,158,奸
﻿92,158,116,158,116,179,92,179,臣
﻿92,179,116,179,116,199,92,199,所
﻿92,199,116,199,116,220,92,220,簒
﻿92,220,116,220,116,240,92,240,而
﻿92,240,116,240,116,260,92,260,不
﻿92,260,116,260,116,281,92,281,䏻
﻿92,281,116,281,116,301,92,301,正
﻿92,301,116,301,116,322,92,322,其
﻿92,322,116,322,116,342,92,342,罪
﻿92,342,116,342,116,362,92,362,終
﻿92,362,116,362,116,383,92,383,以
﻿92,383,116,383,116,403,92,403,南
﻿92,403,116,403,116,424,92,424,晋
﻿62,58,85,58,85,78,62,78,所
﻿62,78,85,78,85,98,62,98,逼
﻿62,98,85,98,85,118,62,118,而
﻿62,118,85,118,85,138,62,138,不
﻿62,138,85,138,85,158,62,158,䏻
﻿62,158,85,158,85,178,62,178,讓
﻿62,178,85,178,85,198,62,198,其
﻿62,198,85,198,85,218,62,218,功
﻿62,218,85,218,85,239,62,239,𢫔
﻿62,239,85,239,85,259,62,259,作
﻿62,259,85,259,85,279,62,279,威
﻿62,279,85,279,85,299,62,299,福
﻿62,299,85,299,85,319,62,319,之
﻿62,319,85,319,85,339,62,339,權
﻿62,339,85,339,85,359,62,359,竟
﻿62,359,85,359,85,379,62,379,失
﻿62,379,85,379,85,399,62,399,友
﻿62,399,85,399,85,420,62,420,于
﻿34,57,58,57,58,77,34,77,之
﻿34,77,58,77,58,97,34,97,義
﻿34,97,58,97,58,118,34,118,皆
﻿34,118,58,118,58,138,34,138,庸
﻿34,138,58,138,58,158,34,158,才
﻿34,158,58,158,58,179,34,179,之
﻿34,179,58,179,58,199,34,199,主
﻿34,199,58,199,58,220,34,220,也
﻿34,220,58,220,58,240,34,240,嗟
﻿34,240,58,240,58,260,34,260,夫
﻿34,260,58,260,58,281,34,281,自
﻿34,281,58,281,58,301,34,301,有
﻿34,301,58,301,58,322,34,322,天
﻿34,322,58,322,58,342,34,342,地
﻿34,342,58,342,58,362,34,362,即
﻿34,362,58,362,58,383,34,383,有
﻿34,383,58,383,58,403,34,403,綱
﻿34,403,58,403,58,424,34,424,常
﻿8,57,30,57,30,77,8,77,父
﻿8,77,30,77,30,97,8,97,為
﻿8,97,30,97,30,118,8,118,子
﻿8,118,30,118,30,138,8,138,綱
﻿8,138,30,138,30,158,8,158,君
﻿8,158,30,158,30,179,8,179,為
﻿8,179,30,179,30,199,8,199,臣
﻿8,199,30,199,30,220,8,220,綱
﻿8,220,30,220,30,240,8,240,萬
﻿8,240,30,240,30,260,8,260,古
﻿8,260,30,260,30,281,8,281,截
﻿8,281,30,281,30,301,8,301,然
﻿8,301,30,301,30,322,8,322,而
﻿8,322,30,322,30,342,8,342,不
﻿8,342,30,342,30,362,8,362,可
﻿8,362,30,362,30,383,8,383,紊
﻿8,383,30,383,30,403,8,403,彼
﻿8,403,30,403,30,424,8,424,矯
