248,15,274,15,274,36,248,36,清
﻿248,36,274,36,274,57,248,57,化
﻿248,57,274,57,274,78,248,78,府
﻿248,78,274,78,274,99,248,99,捕
﻿248,99,274,99,274,120,248,120,象
﻿219,15,243,15,243,36,219,36,丁
﻿219,36,243,36,243,57,219,57,巳
﻿219,57,243,57,243,78,219,78,五
﻿219,78,243,78,243,99,219,99,年
﻿228,100,243,100,243,119,228,119,宋
﻿228,119,243,119,243,138,228,138,紹
﻿228,138,243,138,243,157,228,157,興
﻿215,101,227,101,227,120,215,120,七
﻿215,120,227,120,227,140,215,140,年
﻿215,158,240,158,240,179,215,179,春
﻿215,179,240,179,240,200,215,200,正
﻿215,200,240,200,240,221,215,221,月
﻿215,221,240,221,240,242,215,242,乂
﻿215,242,240,242,240,263,215,263,安
﻿215,263,240,263,240,284,215,284,州
﻿215,284,240,284,240,305,215,305,驛
﻿215,305,240,305,240,326,215,326,奏
﻿215,326,240,326,240,347,215,347,真
﻿215,347,240,347,240,368,215,368,臘
﻿215,368,240,368,240,389,215,389,将
﻿215,389,240,389,240,410,215,410,破
﻿185,13,212,13,212,34,185,34,蘇
﻿185,34,212,34,212,56,185,56,棱
﻿185,56,212,56,212,78,185,78,㓂
﻿185,78,212,78,212,100,185,100,本
﻿185,100,212,100,212,122,185,122,州
﻿185,122,212,122,212,144,185,144,詔
﻿185,144,212,144,212,166,185,166,太
﻿185,166,212,166,212,188,185,188,尉
﻿185,188,212,188,212,210,185,210,李
﻿185,210,212,210,212,232,185,232,公
﻿185,232,212,232,212,254,185,254,平
﻿185,254,212,254,212,276,185,276,将
﻿185,276,212,276,212,298,185,298,兵
﻿185,298,212,298,212,320,185,320,擊
﻿185,320,212,320,212,342,185,342,之
﻿185,342,212,342,212,364,185,364,二
﻿185,364,212,364,212,386,185,386,月
﻿185,386,212,386,212,408,185,408,乂
﻿154,13,181,13,181,33,154,33,安
﻿154,33,181,33,181,54,154,54,州
﻿154,54,181,54,181,75,154,75,地
﻿154,75,181,75,181,96,154,96,震
﻿154,96,181,96,181,117,154,117,江
﻿154,117,181,117,181,138,154,138,水
﻿154,138,181,138,181,158,154,158,如
﻿154,158,181,158,181,179,154,179,血
﻿154,179,181,179,181,200,154,200,公
﻿154,200,181,200,181,221,154,221,平
﻿154,221,181,221,181,242,154,242,差
﻿154,242,181,242,181,263,154,263,内
﻿154,263,181,263,181,283,154,283,人
﻿154,283,181,283,181,304,154,304,火
﻿154,304,181,304,181,325,154,325,頭
﻿154,325,181,325,181,346,154,346,鄧
﻿154,346,181,346,181,367,154,367,慶
﻿154,367,181,367,181,388,154,388,鄕
﻿154,388,181,388,181,409,154,409,還
﻿124,31,149,31,149,54,124,54,帝
﻿124,54,149,54,149,78,124,78,以
﻿124,78,149,78,149,101,124,101,状
﻿124,101,149,101,149,125,124,125,文
﻿124,125,149,125,149,148,124,148,公
﻿124,148,149,148,149,172,124,172,平
﻿124,172,149,172,149,195,124,195,敗
﻿124,195,149,195,149,219,124,219,真
﻿124,219,149,219,149,242,124,242,臘
﻿124,242,149,242,149,266,124,266,人
﻿124,266,149,266,149,289,124,289,三
﻿124,289,149,289,149,313,124,313,月
﻿124,313,149,313,149,336,124,336,大
﻿124,336,149,336,149,360,124,360,僚
﻿124,360,149,360,149,383,124,383,𤤻
﻿124,383,149,383,149,407,124,407,阮
﻿93,16,121,16,121,37,93,37,公
﻿93,37,121,37,121,59,93,59,陶
﻿93,59,121,59,121,81,93,81,献
﻿93,81,121,81,121,102,93,102,白
﻿93,102,121,102,121,124,93,124,龜
﻿93,124,121,124,121,146,93,146,帝
﻿93,146,121,146,121,167,93,167,幸
﻿93,167,121,167,121,189,93,189,報
﻿93,189,121,189,121,211,93,211,天
﻿93,211,121,211,121,232,93,232,寺
﻿93,232,121,232,121,254,93,254,禮
﻿93,254,121,254,121,276,93,276,法
﻿93,276,121,276,121,297,93,297,雲
﻿93,297,121,297,121,319,93,319,佛
﻿93,319,121,319,121,341,93,341,祈
﻿93,341,121,341,121,362,93,362,雨
﻿93,362,121,362,121,384,93,384,是
﻿93,384,121,384,121,406,93,406,夜
﻿64,11,90,11,90,34,64,34,大
﻿64,34,90,34,90,57,64,57,雨
﻿64,57,90,57,90,80,64,80,夏
﻿64,80,90,80,90,103,64,103,四
﻿64,103,90,103,90,126,64,126,月
﻿64,126,90,126,90,149,64,149,皇
﻿64,149,90,149,90,172,64,172,弟
﻿64,172,90,172,90,195,64,195,三
﻿64,195,90,195,90,219,64,219,子
﻿75,221,88,221,88,239,75,239,鈌
﻿62,221,73,221,73,241,62,241,名
﻿63,242,88,242,88,265,63,265,生
﻿63,265,88,265,88,288,63,288,五
﻿63,288,88,288,88,312,63,312,月
﻿63,312,88,312,88,335,63,335,少
﻿63,335,88,335,88,359,63,359,師
﻿63,359,88,359,88,382,63,382,李
﻿63,382,88,382,88,406,63,406,公
﻿32,12,60,12,60,33,32,33,信
﻿32,33,60,33,60,55,32,55,献
﻿32,55,60,55,60,77,32,77,生
﻿32,77,60,77,60,99,32,99,金
﻿32,99,60,99,60,121,32,121,一
﻿32,121,60,121,60,143,32,143,塊
﻿32,143,60,143,60,165,32,165,重
﻿32,165,60,165,60,187,32,187,四
﻿32,187,60,187,60,209,32,209,十
﻿32,209,60,209,60,231,32,231,七
﻿32,231,60,231,60,253,32,253,兩
﻿32,253,60,253,60,275,32,275,六
﻿32,275,60,275,60,297,32,297,月
﻿32,297,60,297,60,319,32,319,旱
﻿32,319,60,319,60,341,32,341,詔
﻿32,341,60,341,60,363,32,363,阮
﻿32,363,60,363,60,385,32,385,公
﻿32,385,60,385,60,407,32,407,陶
﻿6,11,30,11,30,33,6,33,詣
﻿6,33,30,33,30,55,6,55,南
﻿6,55,30,55,30,77,6,77,雩
﻿6,77,30,77,30,99,6,99,𡊨
﻿6,99,30,99,30,121,6,121,祈
﻿6,121,30,121,30,143,6,143,武
﻿6,143,30,143,30,165,6,165,秋
﻿6,165,30,165,30,187,6,187,九
﻿6,187,30,187,30,209,6,209,月
﻿6,209,30,209,30,231,6,231,設
﻿6,231,30,231,30,253,6,253,慶
﻿6,253,30,253,30,275,6,275,成
﻿6,275,30,275,30,297,6,297,靈
﻿6,297,30,297,30,319,6,319,感
﻿6,319,30,319,30,341,6,341,寺
﻿6,341,30,341,30,363,6,363,會
﻿6,363,30,363,30,385,6,385,赦
﻿6,385,30,385,30,407,6,407,天
