250,41,275,41,275,58,250,58,中
﻿250,58,275,58,275,76,250,76,遂
﻿250,76,275,76,275,94,250,94,殺
﻿250,94,275,94,275,112,250,112,之
﻿250,112,275,112,275,129,250,129,害
﻿250,129,275,129,275,147,250,147,及
﻿250,147,275,147,275,165,250,165,南
﻿250,165,275,165,275,183,250,183,越
﻿250,183,275,183,275,200,250,200,王
﻿250,200,275,200,275,218,250,218,璉
﻿250,218,275,218,275,236,250,236,時
﻿250,236,275,236,275,254,250,254,捕
﻿250,254,275,254,275,272,250,272,賊
﻿250,272,275,272,275,289,250,289,甚
﻿250,289,275,289,275,307,250,307,急
﻿250,307,275,307,275,325,250,325,釋
﻿250,325,275,325,275,343,250,343,潜
﻿250,343,275,343,275,360,250,360,伏
﻿250,360,275,360,275,378,250,378,于
﻿250,378,275,378,275,396,250,396,宮
﻿250,396,275,396,275,414,250,414,霤
﻿250,414,275,414,275,432,250,432,踰
﻿222,41,246,41,246,59,222,59,三
﻿222,59,246,59,246,77,222,77,日
﻿222,77,246,77,246,96,222,96,渴
﻿222,96,246,96,246,114,222,114,甚
﻿222,114,246,114,246,133,222,133,遇
﻿222,133,246,133,246,151,222,151,雨
﻿222,151,246,151,246,170,222,170,以
﻿222,170,246,170,246,188,222,188,手
﻿222,188,246,188,246,207,222,207,盛
﻿222,207,246,207,246,225,222,225,水
﻿222,225,246,225,246,244,222,244,而
﻿222,244,246,244,246,262,222,262,飲
﻿222,262,246,262,246,281,222,281,宫
﻿222,281,246,281,246,299,222,299,女
﻿222,299,246,299,246,318,222,318,見
﻿222,318,246,318,246,336,222,336,之
﻿222,336,246,336,246,355,222,355,以
﻿222,355,246,355,246,373,222,373,吿
﻿222,373,246,373,246,392,222,392,定
﻿222,392,246,392,246,410,222,410,國
﻿222,410,246,410,246,428,222,428,公
﻿193,41,216,41,216,60,193,60,阮
﻿193,60,216,60,216,80,193,80,匐
﻿193,80,216,80,216,99,193,99,使
﻿193,99,216,99,216,119,193,119,人
﻿193,119,216,119,216,139,193,139,收
﻿193,139,216,139,216,158,193,158,斬
﻿193,158,216,158,216,178,193,178,之
﻿193,178,216,178,216,197,193,197,碎
﻿193,197,216,197,216,217,193,217,其
﻿193,217,216,217,216,237,193,237,骨
﻿193,237,216,237,216,256,193,256,臠
﻿193,256,216,256,216,276,193,276,其
﻿193,276,216,276,216,295,193,295,肉
﻿193,295,216,295,216,315,193,315,分
﻿193,315,216,315,216,335,193,335,與
﻿193,335,216,335,216,354,193,354,國
﻿193,354,216,354,216,374,193,374,人
﻿193,374,216,374,216,393,193,393,食
﻿193,393,216,393,216,413,193,413,之
﻿193,413,216,413,216,433,193,433,?
﻿163,41,187,41,187,60,163,60,不
﻿163,60,187,60,187,80,163,80,争
﻿163,80,187,80,187,99,163,99,啖
﻿163,99,187,99,187,119,163,119,焉
﻿163,119,187,119,187,138,163,138,初
﻿163,138,187,138,187,158,163,158,帝
﻿163,158,187,158,187,177,163,177,微
﻿163,177,187,177,187,197,163,197,時
﻿163,197,187,197,187,216,163,216,嘗
﻿163,216,187,216,187,236,163,236,漁
﻿163,236,187,236,187,256,163,256,于
﻿163,256,187,256,187,275,163,275,膠
﻿163,275,187,275,187,295,163,295,水
﻿163,295,187,295,187,314,163,314,江
﻿163,314,187,314,187,334,163,334,綱
﻿163,334,187,334,187,353,163,353,得
﻿163,353,187,353,187,373,163,373,大
﻿163,373,187,373,187,392,163,392,圭
﻿163,392,187,392,187,412,163,412,觸
﻿163,412,187,412,187,432,163,432,?
﻿133,40,157,40,157,59,133,59,頭
﻿133,59,157,59,157,79,133,79,闕
﻿133,79,157,79,157,99,133,99,其
﻿133,99,157,99,157,118,133,118,角
﻿133,118,157,118,157,138,133,138,是
﻿133,138,157,138,157,158,133,158,夜
﻿133,158,157,158,157,177,133,177,投
﻿133,177,157,177,157,197,133,197,膠
﻿133,197,157,197,157,217,133,217,水
﻿133,217,157,217,157,237,133,237,寺
﻿133,237,157,237,157,256,133,256,宿
﻿133,256,157,256,157,276,133,276,藏
﻿133,276,157,276,157,296,133,296,圭
﻿133,296,157,296,157,315,133,315,于
﻿133,315,157,315,157,335,133,335,魚
﻿133,335,157,335,157,355,133,355,筥
﻿133,355,157,355,157,374,133,374,底
﻿133,374,157,374,157,394,133,394,待
﻿133,394,157,394,157,414,133,414,明
﻿133,414,157,414,157,434,133,434,?
﻿104,40,127,40,127,58,104,58,是
﻿104,58,127,58,127,77,104,77,賣
﻿104,77,127,77,127,96,104,96,魚
﻿104,96,127,96,127,115,104,115,時
﻿104,115,127,115,127,134,104,134,帝
﻿104,134,127,134,127,152,104,152,方
﻿104,152,127,152,127,171,104,171,熟
﻿104,171,127,171,127,190,104,190,睡
﻿104,190,127,190,127,209,104,209,其
﻿104,209,127,209,127,228,104,228,筥
﻿104,228,127,228,127,246,104,246,有
﻿104,246,127,246,127,265,104,265,異
﻿104,265,127,265,127,284,104,284,光
﻿104,284,127,284,127,303,104,303,寺
﻿104,303,127,303,127,322,104,322,僧
﻿104,322,127,322,127,340,104,340,起
﻿104,340,127,340,127,359,104,359,問
﻿104,359,127,359,127,378,104,378,故
﻿104,378,127,378,127,397,104,397,帝
﻿104,397,127,397,127,416,104,416,?
﻿104,416,127,416,127,435,104,435,?
﻿74,40,96,40,96,57,74,57,言
﻿74,57,96,57,96,75,74,75,乃
﻿74,75,96,75,96,93,74,93,以
﻿74,93,96,93,96,110,74,110,圭
﻿74,110,96,110,96,128,74,128,示
﻿74,128,96,128,96,146,74,146,之
﻿74,146,96,146,96,164,74,164,僧
﻿74,164,96,164,96,181,74,181,嘆
﻿74,181,96,181,96,199,74,199,曰
﻿74,199,96,199,96,217,74,217,吾
﻿74,217,96,217,96,235,74,235,子
﻿74,235,96,235,96,252,74,252,他
﻿74,252,96,252,96,270,74,270,日
﻿74,270,96,270,96,288,74,288,富
﻿74,288,96,288,96,305,74,305,貴
﻿74,305,96,305,96,323,74,323,不
﻿74,323,96,323,96,341,74,341,可
﻿74,341,96,341,96,359,74,359,言
﻿74,359,96,359,96,376,74,376,但
﻿74,376,96,376,96,394,74,394,?
﻿74,394,96,394,96,412,74,412,?
﻿74,412,96,412,96,430,74,430,?
﻿45,39,68,39,68,57,45,57,長
﻿45,57,68,57,68,76,45,76,耳
﻿45,76,68,76,68,95,45,95,又
﻿45,95,68,95,68,113,45,113,於
﻿45,113,68,113,68,132,45,132,太
﻿45,132,68,132,68,151,45,151,平
﻿45,151,68,151,68,169,45,169,五
﻿45,169,68,169,68,188,45,188,年
﻿45,188,68,188,68,207,45,207,得
﻿45,207,68,207,68,225,45,225,讖
﻿45,225,68,225,68,244,45,244,文
﻿45,244,68,244,68,263,45,263,曰
﻿45,263,68,263,68,281,45,281,杜
﻿45,281,68,281,68,300,45,300,弑
﻿45,300,68,300,68,319,45,319,弑
﻿45,319,68,319,68,337,45,337,丁
﻿45,337,68,337,68,356,45,356,丁
﻿45,356,68,356,68,375,45,375,黎
﻿45,375,68,375,68,393,45,393,家
﻿45,393,68,393,68,412,45,412,出
﻿45,412,68,412,68,431,45,431,聖
﻿15,40,37,40,37,58,15,58,明
﻿15,58,37,58,37,76,15,76,兢
﻿15,76,37,76,37,95,15,95,頭
﻿15,95,37,95,37,113,15,113,多
﻿15,113,37,113,37,132,15,132,宏
﻿15,132,37,132,37,150,15,150,兒
﻿15,150,37,150,37,169,15,169,道
﻿15,169,37,169,37,187,15,187,路
﻿15,187,37,187,37,206,15,206,絶
﻿15,206,37,206,37,224,15,224,人
﻿15,224,37,224,37,243,15,243,行
﻿15,243,37,243,37,261,15,261,十
﻿15,261,37,261,37,280,15,280,二
﻿15,280,37,280,37,298,15,298,稱
﻿15,298,37,298,37,317,15,317,大
﻿15,317,37,317,37,335,15,335,王
﻿15,335,37,335,37,354,15,354,十
﻿15,354,37,354,37,372,15,372,恶
﻿15,372,37,372,37,391,15,391,無
﻿15,391,37,391,37,409,15,409,一
﻿15,409,37,409,37,427,15,427,善
