237,33,260,33,260,53,237,53,扵
﻿237,53,260,53,260,73,237,73,銮
﻿237,73,260,73,260,93,237,93,駕
﻿237,93,260,93,260,113,237,113,庫
﻿237,113,260,113,260,133,237,133,内
﻿237,133,260,133,260,153,237,153,廉
﻿237,153,260,153,260,173,237,173,外
﻿237,173,260,173,260,193,237,193,會
﻿237,193,260,193,260,214,237,214,坐
﻿237,214,260,214,260,234,237,234,商
﻿237,234,260,234,260,254,237,254,議
﻿237,254,260,254,260,274,237,274,一
﻿237,274,260,274,260,294,237,294,百
﻿237,294,260,294,260,314,237,314,官
﻿237,314,260,314,260,334,237,334,進
﻿237,334,260,334,260,354,237,354,朝
﻿237,354,260,354,260,374,237,374,及
﻿237,374,260,374,260,395,237,395,猶
﻿209,31,232,31,232,51,209,51,在
﻿209,51,232,51,232,71,209,71,朝
﻿209,71,232,71,232,91,209,91,堂
﻿209,91,232,91,232,112,209,112,時
﻿209,112,232,112,232,132,209,132,各
﻿209,132,232,132,232,152,209,152,衙
﻿209,152,232,152,232,172,209,172,門
﻿209,172,232,172,232,193,209,193,吏
﻿209,193,232,193,232,213,209,213,隨
﻿209,213,232,213,232,233,209,233,行
﻿209,233,232,233,232,254,209,254,本
﻿209,254,232,254,232,274,209,274,官
﻿209,274,232,274,232,294,209,294,至
﻿209,294,232,294,232,314,209,314,東
﻿209,314,232,314,232,335,209,335,長
﻿209,335,232,335,232,355,209,355,安
﻿209,355,232,355,232,375,209,375,及
﻿209,375,232,375,232,396,209,396,南
﻿181,32,203,32,203,52,181,52,薰
﻿181,52,203,52,203,72,181,72,等
﻿181,72,203,72,203,93,181,93,門
﻿181,93,203,93,203,113,181,113,外
﻿181,113,203,113,203,133,181,133,不
﻿181,133,203,133,203,154,181,154,得
﻿181,154,203,154,203,174,181,174,如
﻿181,174,203,174,203,194,181,194,前
﻿181,194,203,194,203,215,181,215,混
﻿181,215,203,215,203,235,181,235,入
﻿181,235,203,235,203,255,181,255,朱
﻿181,255,203,255,203,276,181,276,雀
﻿181,276,203,276,203,296,181,296,等
﻿181,296,203,296,203,316,181,316,門
﻿181,316,203,316,203,337,181,337,若
﻿181,337,203,337,203,357,181,357,吏
﻿181,357,203,357,203,377,181,377,部
﻿181,377,203,377,203,398,181,398,六
﻿150,33,173,33,173,53,150,53,科
﻿150,53,173,53,173,73,150,73,尚
﻿150,73,173,73,173,93,150,93,寶
﻿150,93,173,93,173,113,150,113,寺
﻿150,113,173,113,173,133,150,133,度
﻿150,133,173,133,173,154,150,154,支
﻿150,154,173,154,173,174,150,174,通
﻿150,174,173,174,173,194,150,194,政
﻿150,194,173,194,173,214,150,214,使
﻿150,214,173,214,173,234,150,234,司
﻿150,234,173,234,173,254,150,254,并
﻿150,254,173,254,173,275,150,275,護
﻿150,275,173,275,173,295,150,295,衛
﻿150,295,173,295,173,315,150,315,等
﻿150,315,173,315,173,335,150,335,衙
﻿150,335,173,335,173,355,150,355,門
﻿150,355,173,355,173,375,150,375,吏
﻿150,375,173,375,173,396,150,396,並
﻿120,32,146,32,146,52,120,52,不
﻿120,52,146,52,146,72,120,72,之
﻿120,72,146,72,146,92,120,92,禁
﻿120,92,146,92,146,112,120,112,一
﻿120,112,146,112,146,133,120,133,朝
﻿120,133,146,133,146,153,120,153,退
﻿120,153,146,153,146,173,120,173,時
﻿120,173,146,173,146,193,120,193,五
﻿120,193,146,193,146,214,120,214,府
﻿120,214,146,214,146,234,120,234,六
﻿120,234,146,234,146,254,120,254,部
﻿120,254,146,254,146,274,120,274,東
﻿120,274,146,274,146,294,120,294,閣
﻿120,294,146,294,146,315,120,315,御
﻿120,315,146,315,146,335,120,335,史
﻿120,335,146,335,146,355,120,355,󰱑
﻿120,355,146,355,146,375,120,375,六
﻿120,375,146,375,146,396,120,396,寺
﻿93,31,118,31,118,51,93,51,史
﻿93,51,118,51,118,71,93,71,官
﻿93,71,118,71,118,92,93,92,等
﻿93,92,118,92,118,112,93,112,衙
﻿93,112,118,112,118,132,93,132,門
﻿93,132,118,132,118,153,93,153,吏
﻿93,153,118,153,118,173,93,173,將
﻿93,173,118,173,118,194,93,194,簿
﻿93,194,118,194,118,214,93,214,本
﻿93,214,118,214,118,234,93,234,檢
﻿93,234,118,234,118,255,93,255,㸔
﻿93,255,118,255,118,275,93,275,入
﻿93,275,118,275,118,296,93,296,六
﻿93,296,118,296,118,316,93,316,科
﻿93,316,118,316,118,336,93,336,查
﻿93,336,118,336,118,357,93,357,問
﻿93,357,118,357,118,377,93,377,籍
﻿93,377,118,377,118,398,93,398,牒
﻿64,33,84,33,84,54,64,54,並
﻿64,54,84,54,84,75,64,75,不
﻿64,75,84,75,84,97,64,97,之
﻿64,97,84,97,84,118,64,118,禁
﻿64,118,84,118,84,140,64,140,二
﻿64,140,84,140,84,161,64,161,十
﻿64,161,84,161,84,182,64,182,六
﻿64,182,84,182,84,204,64,204,日
﻿64,204,84,204,84,225,64,225,定
﻿64,225,84,225,84,247,64,247,以
﻿64,247,84,247,84,268,64,268,赦
﻿64,268,84,268,84,289,64,289,前
﻿64,289,84,289,84,311,64,311,應
﻿64,311,84,311,84,332,64,332,赦
﻿64,332,84,332,84,354,64,354,事
﻿64,354,84,354,84,375,64,375,相
﻿64,375,84,375,84,397,64,397,告
﻿35,31,57,31,57,51,35,51,𭛁
﻿35,51,57,51,57,71,35,71,者
﻿35,71,57,71,57,91,35,91,罪
﻿35,91,57,91,57,112,35,112,從
﻿35,112,57,112,57,132,35,132,提
﻿35,132,57,132,57,152,35,152,刑
﻿35,152,57,152,57,172,35,172,監
﻿35,172,57,172,57,193,35,193,察
﻿35,193,57,193,57,213,35,213,御
﻿35,213,57,213,57,233,35,233,史
﻿35,233,57,233,57,253,35,253,阮
﻿35,253,57,253,57,274,35,274,資
﻿35,274,57,274,57,294,35,294,輔
﻿35,294,57,294,57,314,35,314,之
﻿35,314,57,314,57,334,35,334,奏
﻿35,334,57,334,57,355,35,355,也
﻿9,36,30,36,30,55,9,55,二
﻿9,55,30,55,30,75,9,75,十
﻿9,75,30,75,30,95,9,95,七
﻿9,95,30,95,30,115,9,115,日
﻿9,115,30,115,30,134,9,134,嚴
﻿9,134,30,134,30,154,9,154,考
﻿9,154,30,154,30,174,9,174,試
﻿9,174,30,174,30,194,9,194,免
﻿9,194,30,194,30,214,9,214,󰱇
﻿9,214,30,214,30,233,9,233,令
﻿9,233,30,233,30,253,9,253,勑
﻿9,253,30,253,30,273,9,273,旨
﻿9,273,30,273,30,293,9,293,各
﻿9,293,30,293,30,312,9,312,處
﻿9,312,30,312,30,332,9,332,承
﻿9,332,30,332,30,352,9,352,憲
﻿9,352,30,352,30,372,9,372,二
﻿9,372,30,372,30,392,9,392,司
