261,41,280,41,280,61,261,61,王
﻿261,61,280,61,280,82,261,82,起
﻿261,82,280,82,280,103,261,103,兵
﻿261,103,280,103,280,124,261,124,㨿
﻿261,124,280,124,280,144,261,144,陸
﻿261,144,280,144,280,165,261,165,岸
﻿261,165,280,165,280,186,261,186,邀
﻿261,186,280,186,280,207,261,207,截
﻿261,207,280,207,280,227,261,227,諒
﻿261,227,280,227,280,248,261,248,山
﻿261,248,280,248,280,269,261,269,要
﻿261,269,280,269,280,290,261,290,路
﻿261,290,280,290,280,310,261,310,殺
﻿261,310,280,310,280,331,261,331,本
﻿261,331,280,331,280,352,261,352,處
﻿261,352,280,352,280,373,261,373,總
﻿261,373,280,373,280,394,261,394,兵
﻿235,42,254,42,254,59,235,59,郡
﻿235,59,254,59,254,76,235,76,公
﻿244,80,257,80,257,99,244,99,缺
﻿232,81,243,81,243,99,232,99,名
﻿233,101,255,101,255,123,233,123,及
﻿233,123,255,123,255,145,233,145,奪
﻿233,145,255,145,255,167,233,167,取
﻿233,167,255,167,255,189,233,189,象
﻿233,189,255,189,255,211,233,211,一
﻿233,211,255,211,255,233,233,233,隻
﻿233,233,255,233,255,255,233,255,并
﻿233,255,255,255,255,277,233,277,財
﻿233,277,255,277,255,299,233,299,物
﻿233,299,255,299,255,321,233,321,十
﻿233,321,255,321,255,343,233,343,一
﻿233,343,255,343,255,365,233,365,月
﻿233,365,255,365,255,387,233,387,節
﻿233,387,255,387,255,410,233,410,制
﻿200,38,225,38,225,58,200,58,鄭
﻿200,58,225,58,225,79,200,79,松
﻿200,79,225,79,225,100,200,100,差
﻿200,100,225,100,225,120,200,120,薊
﻿200,120,225,120,225,141,200,141,郡
﻿200,141,225,141,225,162,200,162,公
﻿200,162,225,162,225,182,200,182,潘
﻿200,182,225,182,225,203,200,203,彦
﻿200,203,225,203,225,224,200,224,領
﻿200,224,225,224,225,244,200,244,諸
﻿200,244,225,244,225,265,200,265,水
﻿200,265,225,265,225,286,200,286,奇
﻿200,286,225,286,225,306,200,306,戦
﻿200,306,225,306,225,327,200,327,船
﻿200,327,225,327,225,348,200,348,三
﻿200,348,225,348,225,368,200,368,百
﻿200,368,225,368,225,389,200,389,艘
﻿200,389,225,389,225,410,200,410,象
﻿168,43,195,43,195,63,168,63,一
﻿168,63,195,63,195,83,168,83,隻
﻿168,83,195,83,195,104,168,104,鎮
﻿168,104,195,104,195,124,168,124,守
﻿168,124,195,124,195,145,168,145,海
﻿168,145,195,145,195,165,168,165,陽
﻿168,165,195,165,195,186,168,186,青
﻿168,186,195,186,195,206,168,206,林
﻿168,206,195,206,195,227,168,227,鄭
﻿168,227,195,227,195,247,168,247,文
﻿168,247,195,247,195,267,168,267,彰
﻿168,267,195,267,195,288,168,288,守
﻿168,288,195,288,195,308,168,308,永
﻿168,308,195,308,195,329,168,329,頼
﻿168,329,195,329,195,349,168,349,阮
﻿168,349,195,349,195,370,168,370,廷
﻿168,370,195,370,195,390,168,390,倫
﻿168,390,195,390,195,411,168,411,守
﻿140,40,164,40,164,60,140,60,錦
﻿140,60,164,60,164,80,140,80,江
﻿140,80,164,80,164,100,140,100,海
﻿140,100,164,100,164,120,140,120,郡
﻿140,120,164,120,164,141,140,141,公
﻿151,143,165,143,165,162,151,162,缺
﻿140,143,150,143,150,161,140,161,名
﻿142,163,162,163,162,184,142,184,守
﻿142,184,162,184,162,205,142,205,唐
﻿142,205,162,205,162,226,142,226,安
﻿142,226,162,226,162,247,142,247,王
﻿142,247,162,247,162,268,142,268,珍
﻿142,268,162,268,162,289,142,289,守
﻿142,289,162,289,162,310,142,310,超
﻿142,310,162,310,162,331,142,331,類
﻿106,37,133,37,133,59,106,59,十
﻿106,59,133,59,133,81,106,81,二
﻿106,81,133,81,133,103,106,103,月
﻿106,103,133,103,133,125,106,125,盗
﻿106,125,133,125,133,148,106,148,刼
﻿106,148,133,148,133,170,106,170,處
﻿106,170,133,170,133,192,106,192,處
﻿106,192,133,192,133,214,106,214,群
﻿106,214,133,214,133,237,106,237,起
﻿106,237,133,237,133,259,106,259,燒
﻿106,259,133,259,133,281,106,281,家
﻿106,281,133,281,133,303,106,303,殺
﻿106,303,133,303,133,326,106,326,人
﻿106,326,133,326,133,348,106,348,刼
﻿106,348,133,348,133,370,106,370,掠
﻿106,370,133,370,133,392,106,392,財
﻿106,392,133,392,133,415,106,415,畜
﻿78,19,101,19,101,39,78,39,丙
﻿78,39,101,39,101,60,78,60,申
﻿78,60,101,60,101,80,78,80,十
﻿78,80,101,80,101,101,78,101,九
﻿78,101,101,101,101,122,78,122,年
﻿90,123,103,123,103,143,90,143,明
﻿90,143,103,143,103,164,90,164,萬
﻿90,164,103,164,103,185,90,185,曆
﻿78,123,89,123,89,138,78,138,二
﻿78,138,89,138,89,154,78,154,十
﻿78,154,89,154,89,169,78,169,四
﻿78,169,89,169,89,185,78,185,年
﻿79,187,99,187,99,205,79,205,正
﻿79,205,99,205,99,224,79,224,月
﻿79,224,99,224,99,243,79,243,二
﻿79,243,99,243,99,262,79,262,日
﻿79,262,99,262,99,280,79,280,偽
﻿79,280,99,280,99,299,79,299,壮
﻿79,299,99,299,99,318,79,318,王
﻿79,318,99,318,99,337,79,337,莫
﻿79,337,99,337,99,355,79,355,敬
﻿79,355,99,355,99,374,79,374,章
﻿79,374,99,374,99,393,79,393,移
﻿79,393,99,393,99,412,79,412,屯
﻿47,37,70,37,70,57,47,57,安
﻿47,57,70,57,70,78,47,78,廣
﻿47,78,70,78,70,99,47,99,㨿
﻿47,99,70,99,70,120,47,120,萬
﻿47,120,70,120,70,141,47,141,寕
﻿47,141,70,141,70,162,47,162,香
﻿47,162,70,162,70,183,47,183,蘭
﻿47,183,70,183,70,204,47,204,使
﻿47,204,70,204,70,225,47,225,其
﻿47,225,70,225,70,246,47,246,将
﻿47,246,70,246,70,267,47,267,永
﻿47,267,70,267,70,288,47,288,頼
﻿47,288,70,288,70,309,47,309,人
﻿47,309,70,309,70,330,47,330,莅
﻿47,330,70,330,70,351,47,351,國
﻿47,351,70,351,70,372,47,372,公
﻿47,372,70,372,70,393,47,393,嘉
﻿16,36,40,36,40,57,16,57,人
﻿16,57,40,57,40,78,16,78,太
﻿16,78,40,78,40,99,16,99,國
﻿16,99,40,99,40,120,16,120,公
﻿27,122,43,122,43,141,27,141,並
﻿27,141,43,141,43,160,27,160,缺
﻿15,121,26,121,26,141,15,141,名
﻿16,162,38,162,38,181,16,181,莫
﻿16,181,38,181,38,200,16,200,宗
﻿16,200,38,200,38,219,16,219,子
﻿16,219,38,219,38,239,16,239,莫
﻿16,239,38,239,38,258,16,258,瑋
﻿16,258,38,258,38,277,16,277,莫
﻿16,277,38,277,38,297,16,297,理
﻿16,297,38,297,38,316,16,316,等
﻿16,316,38,316,38,335,16,335,領
﻿16,335,38,335,38,355,16,355,戦
﻿16,355,38,355,38,374,16,374,船
﻿16,374,38,374,38,393,16,393,大
﻿16,393,38,393,38,413,16,413,小
