254,51,277,51,277,78,254,78,卷
﻿254,78,277,78,277,106,254,106,之
﻿254,106,277,106,277,134,254,134,八
﻿225,109,249,109,249,133,225,133,廢
﻿225,133,249,133,249,158,225,158,帝
﻿237,161,249,161,249,176,237,176,在
﻿237,176,249,176,249,191,237,191,位
﻿237,191,249,191,249,206,237,206,十
﻿237,206,249,206,249,221,237,221,二
﻿237,221,249,221,249,236,237,236,年
﻿224,161,236,161,236,177,224,177,紀
﻿224,177,236,177,236,193,224,193,元
﻿224,193,236,193,236,209,224,209,者
﻿224,209,236,209,236,225,224,225,一
﻿199,131,221,131,221,148,199,148,昌
﻿199,148,221,148,221,166,199,166,符
﻿199,166,221,166,221,184,199,184,凣
﻿199,184,221,184,221,202,199,202,十
﻿199,202,221,202,221,220,199,220,二
﻿167,111,190,111,190,132,167,132,順
﻿167,132,190,132,190,154,167,154,宗
﻿167,154,190,154,190,176,167,176,皇
﻿167,176,190,176,190,198,167,198,帝
﻿179,199,193,199,193,217,179,217,在
﻿179,217,193,217,193,235,179,235,位
﻿179,235,193,235,193,253,179,253,九
﻿179,253,193,253,193,271,179,271,年
﻿165,201,178,201,178,216,165,216,紀
﻿165,216,178,216,178,232,165,232,元
﻿165,232,178,232,178,247,165,247,者
﻿165,247,178,247,178,263,165,263,一
﻿139,129,162,129,162,149,139,149,光
﻿139,149,162,149,162,169,139,169,泰
﻿139,169,162,169,162,189,139,189,凣
﻿139,189,162,189,162,209,139,209,九
﻿111,108,133,108,133,130,111,130,少
﻿111,130,133,130,133,152,111,152,帝
﻿120,155,133,155,133,173,120,173,在
﻿120,173,133,173,133,192,120,192,位
﻿120,192,133,192,133,210,120,210,二
﻿120,210,133,210,133,229,120,229,年
﻿108,157,119,157,119,173,108,173,紀
﻿108,173,119,173,119,189,108,189,元
﻿108,189,119,189,119,205,108,205,者
﻿108,205,119,205,119,222,108,222,一
﻿80,127,104,127,104,152,80,152,#
﻿80,152,104,152,104,177,80,177,#
﻿80,177,104,177,104,203,80,203,#
﻿47,143,74,143,74,173,47,173,#
﻿47,173,74,173,74,203,47,203,#
﻿47,203,74,203,74,234,47,234,#
﻿63,235,76,235,76,246,63,246,#
﻿63,246,76,246,76,257,63,257,#
﻿63,257,76,257,76,268,63,268,#
﻿50,238,62,238,62,248,50,248,#
﻿50,248,62,248,62,258,50,258,#
﻿50,258,62,258,62,269,50,269,#
﻿50,287,75,287,75,307,50,307,#
﻿50,307,75,307,75,328,50,328,#
﻿50,328,75,328,75,349,50,349,#
﻿62,351,77,351,77,373,62,373,#
﻿62,373,77,373,77,395,62,395,#
﻿62,395,77,395,77,417,62,417,#
﻿48,351,61,351,61,372,48,372,#
﻿48,372,61,372,61,393,48,393,#
﻿48,393,61,393,61,415,48,415,#
﻿22,51,45,51,45,78,22,78,#
﻿22,78,45,78,45,105,22,105,#
﻿22,105,45,105,45,133,22,133,#
