245,57,266,57,266,78,245,78,三
﻿245,78,266,78,266,99,245,99,月
﻿245,99,266,99,266,120,245,120,功
﻿245,120,266,120,266,141,245,141,󰍶
﻿245,141,266,141,266,162,245,162,夏
﻿245,162,266,162,266,183,245,183,六
﻿245,183,266,183,266,204,245,204,月
﻿245,204,266,204,266,225,245,225,金
﻿245,225,266,225,266,246,245,246,星
﻿245,246,266,246,266,267,245,267,晝
﻿245,267,266,267,266,288,245,288,見
﻿245,288,266,288,266,309,245,309,秋
﻿245,309,266,309,266,330,245,330,八
﻿245,330,266,330,266,351,245,351,月
﻿245,351,266,351,266,372,245,372,定
﻿245,372,266,372,266,393,245,393,軍
﻿245,393,266,393,266,414,245,414,籍
﻿245,414,266,414,266,436,245,436,汰
﻿216,55,239,55,239,75,216,75,出
﻿216,75,239,75,239,95,216,95,老
﻿216,95,239,95,239,115,216,115,劣
﻿216,115,239,115,239,135,216,135,以
﻿216,135,239,135,239,155,216,155,壮
﻿216,155,239,155,239,175,216,175,者
﻿216,175,239,175,239,195,216,195,充
﻿216,195,239,195,239,215,216,215,補
﻿216,215,239,215,239,235,216,235,凣
﻿216,235,239,235,239,255,216,255,清
﻿216,255,239,255,239,275,216,275,化
﻿216,275,239,275,239,295,216,295,乂
﻿216,295,239,295,239,315,216,315,安
﻿216,315,239,315,239,335,216,335,戶
﻿216,335,239,335,239,355,216,355,舍
﻿216,355,239,355,239,375,216,375,借
﻿216,375,239,375,239,395,216,395,功
﻿216,395,239,395,239,415,216,415,者
﻿216,415,239,415,239,436,216,436,並
﻿188,55,212,55,212,77,188,77,充
﻿188,77,212,77,212,99,188,99,軍
﻿188,99,212,99,212,122,188,122,伍
﻿188,122,212,122,212,144,188,144,詔
﻿188,144,212,144,212,167,188,167,諸
﻿188,167,212,167,212,189,188,189,路
﻿188,189,212,189,212,211,188,211,富
﻿188,211,212,211,212,234,188,234,人
﻿188,234,212,234,212,256,188,256,進
﻿188,256,212,256,212,279,188,279,粟
﻿188,279,212,279,212,301,188,301,賜
﻿188,301,212,301,212,323,188,323,爵
﻿188,323,212,323,212,346,188,346,有
﻿188,346,212,346,212,368,188,368,差
﻿188,368,212,368,212,391,188,391,九
﻿188,391,212,391,212,413,188,413,月
﻿188,413,212,413,212,436,188,436,以
﻿159,56,183,56,183,77,159,77,莊
﻿159,77,183,77,183,98,159,98,徽
﻿159,98,183,98,183,119,159,119,公
﻿159,119,183,119,183,140,159,140,主
﻿159,140,183,140,183,161,159,161,嫁
﻿159,161,183,161,183,183,159,183,恭
﻿159,183,183,183,183,204,159,204,正
﻿159,204,183,204,183,225,159,225,王
﻿159,225,183,225,183,246,159,246,子
﻿159,246,183,246,183,267,159,267,元
﻿159,267,183,267,183,288,159,288,胤
﻿159,288,183,288,183,310,159,310,册
﻿159,310,183,310,183,331,159,331,冊
﻿159,331,183,331,183,352,159,352,太
﻿159,352,183,352,183,373,159,373,保
﻿159,373,183,373,183,394,159,394,陳
﻿159,394,183,394,183,415,159,415,僚
﻿159,415,183,415,183,437,159,437,女
﻿130,55,152,55,152,76,130,76,為
﻿130,76,152,76,152,97,130,97,妃
﻿130,97,152,97,152,118,130,118,冬
﻿130,118,152,118,152,139,130,139,十
﻿130,139,152,139,152,161,130,161,月
﻿130,161,152,161,152,182,130,182,以
﻿130,182,152,182,152,203,130,203,上
﻿130,203,152,203,152,224,130,224,皇
﻿130,224,152,224,152,246,130,246,子
﻿130,246,152,246,152,267,130,267,叔
﻿130,267,152,267,152,288,130,288,𩖀
﻿130,288,152,288,152,309,130,309,為
﻿130,309,152,309,152,330,130,330,司
﻿130,330,152,330,152,352,130,352,徒
﻿130,352,152,352,152,373,130,373,知
﻿130,373,152,373,152,394,130,394,太
﻿130,394,152,394,152,415,130,415,原
﻿130,415,152,415,152,437,130,437,鎮
﻿101,55,123,55,123,75,101,75,司
﻿101,75,123,75,123,96,101,96,徒
﻿101,96,123,96,123,116,101,116,元
﻿101,116,123,116,123,137,101,137,旦
﻿101,137,123,137,123,157,101,157,知
﻿101,157,123,157,123,178,101,178,廣
﻿101,178,123,178,123,198,101,198,威
﻿101,198,123,198,123,219,101,219,鎮
﻿101,219,123,219,123,239,101,239,軍
﻿101,239,123,239,123,260,101,260,事
﻿73,58,93,58,93,77,73,77,丙
﻿73,77,93,77,93,97,73,97,辰
﻿73,97,93,97,93,117,73,117,四
﻿73,117,93,117,93,137,73,137,年
﻿84,140,98,140,98,157,84,157,明
﻿84,157,98,157,98,175,84,175,洪
﻿84,175,98,175,98,193,84,193,武
﻿71,139,83,139,83,159,71,159,九
﻿71,159,83,159,83,179,71,179,年
﻿71,194,95,194,95,214,71,214,春
﻿71,214,95,214,95,234,71,234,正
﻿71,234,95,234,95,254,71,254,月
﻿71,254,95,254,95,275,71,275,以
﻿71,275,95,275,95,295,71,295,宣
﻿71,295,95,295,95,315,71,315,徽
﻿71,315,95,315,95,335,71,335,公
﻿71,335,95,335,95,356,71,356,主
﻿71,356,95,356,95,376,71,376,嫁
﻿71,376,95,376,95,396,71,396,冠
﻿71,396,95,396,95,416,71,416,服
﻿71,416,95,416,95,437,71,437,大
﻿44,56,66,56,66,77,44,77,王
﻿44,77,66,77,66,99,44,99,頊
﻿55,99,67,99,67,117,55,117,上
﻿55,117,67,117,67,136,55,136,皇
﻿42,100,54,100,54,115,42,115,子
﻿41,137,64,137,64,157,41,157,上
﻿41,157,64,157,64,177,41,177,皇
﻿41,177,64,177,64,197,41,197,為
﻿41,197,64,197,64,217,41,217,之
﻿41,217,64,217,64,237,41,237,親
﻿41,237,64,237,64,257,41,257,迎
﻿54,259,67,259,67,278,54,278,按
﻿54,278,67,278,67,298,54,298,冠
﻿54,298,67,298,67,318,54,318,服
﻿54,318,67,318,67,338,54,338,非
﻿54,338,67,338,67,357,54,357,封
﻿54,357,67,357,67,377,54,377,號
﻿54,377,67,377,67,397,54,397,盖
﻿54,397,67,397,67,417,54,417,是
﻿54,417,67,417,67,437,54,437,時
﻿39,260,53,260,53,279,39,279,頊
﻿39,279,53,279,53,299,39,299,封
﻿39,299,53,299,53,318,39,318,爵
﻿39,318,53,318,53,338,39,338,賜
﻿39,338,53,338,53,357,39,357,大
﻿39,357,53,357,53,377,39,377,王
﻿39,377,53,377,53,396,39,396,冠
﻿39,396,53,396,53,416,39,416,服
﻿39,416,53,416,53,436,39,436,如
﻿26,56,38,56,38,76,26,76,恭
﻿26,76,38,76,38,96,26,96,簡
﻿26,96,38,96,38,116,26,116,王
﻿26,116,38,116,38,136,26,136,追
﻿26,136,38,136,38,157,26,157,贈
﻿11,56,25,56,25,76,11,76,大
﻿11,76,25,76,25,96,11,96,王
﻿11,96,25,96,25,116,11,116,冠
﻿11,116,25,116,25,136,11,136,服
﻿11,136,25,136,25,156,11,156,也
