242,38,266,38,266,59,242,59,三
﻿242,59,266,59,266,80,242,80,百
﻿242,80,266,80,266,101,242,101,斤
﻿242,101,266,101,266,122,242,122,設
﻿242,122,266,122,266,143,242,143,大
﻿242,143,266,143,266,164,242,164,宴
﻿242,164,266,164,266,185,242,185,饗
﻿242,185,266,185,266,206,242,206,勞
﻿242,206,266,206,266,227,242,227,之
﻿210,38,232,38,232,58,210,58,是
﻿210,58,232,58,232,79,210,79,時
﻿210,79,232,79,232,100,210,100,莫
﻿210,100,232,100,232,120,210,120,臣
﻿210,120,232,120,232,141,210,141,多
﻿210,141,232,141,232,162,210,162,詭
﻿210,162,232,162,232,183,210,183,計
﻿210,183,232,183,232,203,210,203,告
﻿210,203,232,203,232,224,210,224,于
﻿210,224,232,224,232,245,210,245,明
﻿210,245,232,245,232,265,210,265,人
﻿210,265,232,265,232,286,210,286,曰
﻿210,286,232,286,232,307,210,307,黎
﻿210,307,232,307,232,328,210,328,兵
﻿210,328,232,328,232,348,210,348,者
﻿210,348,232,348,232,369,210,369,乃
﻿210,369,232,369,232,390,210,390,鄭
﻿210,390,232,390,232,411,210,411,氏
﻿177,37,203,37,203,57,177,57,爭
﻿177,57,203,57,203,78,177,78,彊
﻿177,78,203,78,203,99,177,99,起
﻿177,99,203,99,203,119,177,119,兵
﻿177,119,203,119,203,140,177,140,攻
﻿177,140,203,140,203,161,177,161,殺
﻿177,161,203,161,203,182,177,182,上
﻿177,182,203,182,203,202,177,202,國
﻿177,202,203,202,203,223,177,223,貢
﻿177,223,203,223,203,244,177,244,臣
﻿177,244,203,244,203,264,177,264,及
﻿177,264,203,264,203,285,177,285,莫
﻿177,285,203,285,203,306,177,306,氏
﻿177,306,203,306,203,327,177,327,子
﻿177,327,203,327,203,347,177,347,孫
﻿177,347,203,347,203,368,177,368,實
﻿177,368,203,368,203,389,177,389,非
﻿177,389,203,389,203,410,177,410,黎
﻿147,37,170,37,170,57,147,57,氏
﻿147,57,170,57,170,78,147,78,子
﻿147,78,170,78,170,99,147,99,孫
﻿147,99,170,99,170,119,147,119,重
﻿147,119,170,119,170,140,147,140,興
﻿147,140,170,140,170,161,147,161,之
﻿147,161,170,161,170,182,147,182,兵
﻿147,182,170,182,170,202,147,202,由
﻿147,202,170,202,170,223,147,223,是
﻿147,223,170,223,170,244,147,244,明
﻿147,244,170,244,170,264,147,264,人
﻿147,264,170,264,170,285,147,285,多
﻿147,285,170,285,170,306,147,306,遣
﻿147,306,170,306,170,327,147,327,使
﻿147,327,170,327,170,347,147,347,過
﻿147,347,170,347,170,368,147,368,鎮
﻿147,368,170,368,170,389,147,389,南
﻿147,389,170,389,170,410,147,410,交
﻿116,37,138,37,138,57,116,57,䦕
﻿116,57,138,57,138,78,116,78,将
﻿116,78,138,78,138,98,116,98,牒
﻿116,98,138,98,138,119,116,119,文
﻿116,119,138,119,138,140,116,140,來
﻿116,140,138,140,138,160,116,160,我
﻿116,160,138,160,138,181,116,181,國
﻿116,181,138,181,138,201,116,201,每
﻿116,201,138,201,138,222,116,222,期
﻿116,222,138,222,138,243,116,243,大
﻿116,243,138,243,138,263,116,263,會
﻿116,263,138,263,138,284,116,284,勘
﻿116,284,138,284,138,304,116,304,黎
﻿116,304,138,304,138,325,116,325,氏
﻿116,325,138,325,138,346,116,346,子
﻿116,346,138,346,138,366,116,366,孫
﻿116,366,138,366,138,387,116,387,果
﻿116,387,138,387,138,408,116,408,有
﻿88,37,110,37,110,58,88,58,是
﻿88,58,110,58,110,80,88,80,否
﻿88,80,110,80,110,102,88,102,期
﻿88,102,110,102,110,124,88,124,至
﻿88,124,110,124,110,146,88,146,交
﻿88,146,110,146,110,168,88,168,䦕
﻿88,168,110,168,110,190,88,190,為
﻿88,190,110,190,110,212,88,212,約
﻿88,212,110,212,110,234,88,234,二
﻿88,234,110,234,110,256,88,256,十
﻿88,256,110,256,110,278,88,278,九
﻿88,278,110,278,110,300,88,300,日
﻿88,300,110,300,110,322,88,322,命
﻿88,322,110,322,110,344,88,344,户
﻿88,344,110,344,110,366,88,366,部
﻿88,366,110,366,110,388,88,388,尚
﻿88,388,110,388,110,410,88,410,書
﻿57,36,80,36,80,56,57,56,兼
﻿57,56,80,56,80,77,57,77,東
﻿57,77,80,77,80,98,57,98,閣
﻿57,98,80,98,80,118,57,118,𭓇
﻿57,118,80,118,80,139,57,139,士
﻿57,139,80,139,80,160,57,160,通
﻿57,160,80,160,80,180,57,180,郡
﻿57,180,80,180,80,201,57,201,公
﻿57,201,80,201,80,222,57,222,杜
﻿57,222,80,222,80,242,57,242,汪
﻿57,242,80,242,80,263,57,263,御
﻿57,263,80,263,80,284,57,284,史
﻿57,284,80,284,80,304,57,304,󰱑
﻿57,304,80,304,80,325,57,325,都
﻿57,325,80,325,80,346,57,346,御
﻿57,346,80,346,80,366,57,366,史
﻿57,366,80,366,80,387,57,387,阮
﻿57,387,80,387,80,408,57,408,文
﻿25,36,49,36,49,56,25,56,階
﻿25,56,49,56,49,77,25,77,等
﻿25,77,49,77,49,98,25,98,候
﻿25,98,49,98,49,119,25,119,命
﻿25,119,49,119,49,140,25,140,先
﻿25,140,49,140,49,161,25,161,至
﻿25,161,49,161,49,181,25,181,鎮
﻿25,181,49,181,49,202,25,202,南
﻿25,202,49,202,49,223,25,223,交
﻿25,223,49,223,49,244,25,244,䦕
﻿25,244,49,244,49,265,25,265,𭁈
﻿25,265,49,265,49,286,25,286,明
﻿25,286,49,286,49,306,25,306,國
﻿25,306,49,306,49,327,25,327,左
﻿25,327,49,327,49,348,25,348,江
﻿25,348,49,348,49,369,25,369,兵
﻿25,369,49,369,49,390,25,390,廵
﻿25,390,49,390,49,411,25,411,道
﻿1,33,21,33,21,54,1,54,陳
﻿1,54,21,54,21,75,1,75,惇
﻿1,75,21,75,21,96,1,96,臨
﻿1,96,21,96,21,117,1,117,通
﻿1,117,21,117,21,138,1,138,柬
﻿1,138,21,138,21,159,1,159,牒
﻿1,159,21,159,21,180,1,180,辭
﻿1,180,21,180,21,201,1,201,多
﻿1,201,21,201,21,222,1,222,謙
﻿1,222,21,222,21,243,1,243,遜
﻿1,243,21,243,21,264,1,264,後
﻿1,264,21,264,21,285,1,285,又
﻿1,285,21,285,21,306,1,306,使
﻿1,306,21,306,21,327,1,327,右
﻿1,327,21,327,21,348,1,348,将
﻿1,348,21,348,21,369,1,369,黄
﻿1,369,21,369,21,390,1,390,廷
﻿1,390,21,390,21,411,1,411,爱
