264,59,283,59,283,79,264,79,八
﻿264,79,283,79,283,100,264,100,月
﻿264,100,283,100,283,121,264,121,戊
﻿264,121,283,121,283,141,264,141,子
﻿264,141,283,141,283,162,264,162,朔
﻿264,162,283,162,283,183,264,183,壬
﻿264,183,283,183,283,203,264,203,戌
﻿264,203,283,203,283,224,264,224,時
﻿264,224,283,224,283,245,264,245,流
﻿264,245,283,245,283,265,264,265,星
﻿264,265,283,265,283,286,264,286,大
﻿264,286,283,286,283,307,264,307,作
﻿264,307,283,307,283,327,264,327,赤
﻿264,327,283,327,283,348,264,348,色
﻿264,348,283,348,283,369,264,369,長
﻿264,369,283,369,283,389,264,389,五
﻿264,389,283,389,283,410,264,410,丈
﻿264,410,283,410,283,431,264,431,芒
﻿235,60,257,60,257,81,235,81,如
﻿235,81,257,81,257,103,235,103,絹
﻿235,103,257,103,257,125,235,125,電
﻿235,125,257,125,257,147,235,147,暎
﻿235,147,257,147,257,169,235,169,入
﻿235,169,257,169,257,191,235,191,人
﻿235,191,257,191,257,213,235,213,屋
﻿235,213,257,213,257,235,235,235,下
﻿235,235,257,235,257,256,235,256,于
﻿235,256,257,256,257,278,235,278,地
﻿235,278,257,278,257,300,235,300,聲
﻿235,300,257,300,257,322,235,322,如
﻿235,322,257,322,257,344,235,344,巨
﻿235,344,257,344,257,366,235,366,雷
﻿235,366,257,366,257,388,235,388,莫
﻿235,388,257,388,257,410,235,410,茂
﻿235,410,257,410,257,432,235,432,洽
﻿205,59,227,59,227,79,205,79,日
﻿205,79,227,79,227,100,205,100,肆
﻿205,100,227,100,227,121,205,121,逰
﻿205,121,227,121,227,141,205,141,蕩
﻿205,141,227,141,227,162,205,162,縱
﻿205,162,227,162,227,183,205,183,酒
﻿205,183,227,183,227,203,205,203,荒
﻿205,203,227,203,227,224,205,224,色
﻿205,224,227,224,227,245,205,245,時
﻿205,245,227,245,227,265,205,265,山
﻿205,265,227,265,227,286,205,286,郡
﻿205,286,227,286,227,307,205,307,公
﻿205,307,227,307,227,327,205,327,裴
﻿205,327,227,327,227,348,205,348,文
﻿205,348,227,348,227,369,205,369,奎
﻿205,369,227,369,227,389,205,389,妻
﻿205,389,227,389,227,410,205,410,阮
﻿205,410,227,410,227,431,205,431,氏
﻿173,60,197,60,197,80,173,80,年
﻿173,80,197,80,197,101,173,101,有
﻿173,101,197,101,197,122,173,122,姊
﻿173,122,197,122,197,142,173,142,爲
﻿173,142,197,142,197,163,173,163,茂
﻿173,163,197,163,197,184,173,184,洽
﻿173,184,197,184,197,204,173,204,后
﻿173,204,197,204,197,225,173,225,嘗
﻿173,225,197,225,197,246,173,246,出
﻿173,246,197,246,197,266,173,266,入
﻿173,266,197,266,197,287,173,287,宫
﻿173,287,197,287,197,308,173,308,中
﻿173,308,197,308,197,328,173,328,茂
﻿173,328,197,328,197,349,173,349,洽
﻿173,349,197,349,197,370,173,370,見
﻿173,370,197,370,197,390,173,390,有
﻿173,390,197,390,197,411,173,411,羙
﻿173,411,197,411,197,432,173,432,色
﻿142,59,168,59,168,78,142,78,心
﻿142,78,168,78,168,98,142,98,中
﻿142,98,168,98,168,118,142,118,悅
﻿142,118,168,118,168,137,142,137,之
﻿142,137,168,137,168,157,142,157,乃
﻿142,157,168,157,168,177,142,177,隂
﻿142,177,168,177,168,197,142,197,圖
﻿142,197,168,197,168,216,142,216,文
﻿142,216,168,216,168,236,142,236,奎
﻿142,236,168,236,168,256,142,256,以
﻿142,256,168,256,168,276,142,276,求
﻿142,276,168,276,168,295,142,295,其
﻿142,295,168,295,168,315,142,315,妻
﻿142,315,168,315,168,335,142,335,文
﻿142,335,168,335,168,355,142,355,奎
﻿142,355,168,355,168,374,142,374,𮗓
﻿142,374,168,374,168,394,142,394,之
﻿142,394,168,394,168,414,142,414,乃
﻿142,414,168,414,168,434,142,434,率
﻿111,59,139,59,139,79,111,79,本
﻿111,79,139,79,139,100,111,100,部
﻿111,100,139,100,139,121,111,121,兵
﻿111,121,139,121,139,142,111,142,自
﻿111,142,139,142,139,162,111,162,回
﻿111,162,139,162,139,183,111,183,長
﻿111,183,139,183,139,204,111,204,安
﻿111,204,139,204,139,225,111,225,嘉
﻿111,225,139,225,139,246,111,246,遠
﻿111,246,139,246,139,266,111,266,擁
﻿111,266,139,266,139,287,111,287,兵
﻿111,287,139,287,139,308,111,308,不
﻿111,308,139,308,139,329,111,329,出
﻿111,329,139,329,139,349,111,349,茂
﻿111,349,139,349,139,370,111,370,洽
﻿111,370,139,370,139,391,111,391,召
﻿111,391,139,391,139,412,111,412,之
﻿111,412,139,412,139,433,111,433,再
﻿83,58,105,58,105,78,83,78,三
﻿83,78,105,78,105,99,83,99,不
﻿83,99,105,99,105,120,83,120,䏻
﻿83,120,105,120,105,141,83,141,得
﻿83,141,105,141,105,162,83,162,乃
﻿83,162,105,162,105,183,83,183,差
﻿83,183,105,183,105,203,83,203,将
﻿83,203,105,203,105,224,83,224,領
﻿83,224,105,224,105,245,83,245,兵
﻿83,245,105,245,105,266,83,266,逼
﻿83,266,105,266,105,287,83,287,問
﻿83,287,105,287,105,308,83,308,之
﻿54,60,74,60,74,80,54,80,阮
﻿54,80,74,80,74,101,54,101,氏
﻿54,101,74,101,74,121,54,121,年
﻿54,121,74,121,74,142,54,142,阮
﻿54,142,74,142,74,163,54,163,第
﻿54,163,74,163,74,183,54,183,三
﻿54,183,74,183,74,204,54,204,女
﻿54,204,74,204,74,224,54,224,也
﻿54,224,74,224,74,245,54,245,倦
﻿54,245,74,245,74,266,54,266,十
﻿54,266,74,266,74,286,54,286,月
﻿54,286,74,286,74,307,54,307,裴
﻿54,307,74,307,74,327,54,327,文
﻿54,327,74,327,74,348,54,348,奎
﻿54,348,74,348,74,369,54,369,一
﻿54,369,74,369,74,389,54,389,靣
﻿54,389,74,389,74,410,54,410,徵
﻿54,410,74,410,74,431,54,431,兵
﻿93,311,109,311,109,330,93,330,拒
﻿93,330,109,330,109,350,93,350,莫
﻿93,350,109,350,109,370,93,370,兵
﻿93,370,109,370,109,390,93,390,一
﻿93,390,109,390,109,410,93,410,靣
﻿23,56,46,56,46,76,23,76,使
﻿23,76,46,76,46,97,23,97,子
﻿23,97,46,97,46,118,23,118,奔
﻿23,118,46,118,46,139,23,139,至
﻿23,139,46,139,46,160,23,160,清
﻿23,160,46,160,46,181,23,181,華
﻿23,181,46,181,46,201,23,201,行
﻿23,201,46,201,46,222,23,222,營
﻿23,222,46,222,46,243,23,243,入
﻿23,243,46,243,46,264,23,264,拜
﻿23,264,46,264,46,285,23,285,禀
﻿23,285,46,285,46,306,23,306,乞
﻿23,306,46,306,46,326,23,326,㱕
﻿23,326,46,326,46,347,23,347,命
﻿23,347,46,347,46,368,23,368,投
﻿23,368,46,368,46,389,23,389,降
﻿23,389,46,389,46,410,23,410,跪
﻿23,410,46,410,46,431,23,431,泣
﻿79,310,92,310,92,329,79,329,曰
﻿79,329,92,329,92,348,79,348,臣
﻿79,348,92,348,92,367,79,367,父
﻿79,367,92,367,92,387,79,387,裴
