265,13,291,13,291,35,265,35,徃
﻿265,35,291,35,291,57,265,57,諭
﻿265,57,291,57,291,80,265,80,賞
﻿265,80,291,80,291,102,265,102,賜
﻿265,102,291,102,291,124,265,124,銀
﻿265,124,291,124,291,147,265,147,兩
﻿265,147,291,147,291,169,265,169,尚
﻿265,169,291,169,291,191,265,191,其
﻿265,191,291,191,291,214,265,214,勉
﻿265,214,291,214,291,236,265,236,之
﻿265,236,291,236,291,258,265,258,劾
﻿265,258,291,258,291,281,265,281,諭
﻿265,281,291,281,291,303,265,303,兵
﻿265,303,291,303,291,325,265,325,部
﻿265,325,291,325,291,348,265,348,上
﻿265,348,291,348,291,370,265,370,書
﻿265,370,291,370,291,392,265,392,阮
﻿265,392,291,392,291,415,265,415,永
﻿234,13,260,13,260,34,234,34,錫
﻿234,34,260,34,260,55,234,55,今
﻿234,55,260,55,260,76,234,76,楊
﻿234,76,260,76,260,97,234,97,國
﻿234,97,260,97,260,119,234,119,明
﻿234,119,260,119,260,140,234,140,昔
﻿234,140,260,140,260,161,234,161,年
﻿234,161,260,161,260,182,234,182,常
﻿234,182,260,182,260,203,234,203,賂
﻿234,203,260,203,260,225,234,225,爾
﻿234,225,260,225,260,246,234,246,母
﻿234,246,260,246,260,267,234,267,銀
﻿234,267,260,267,260,288,234,288,子
﻿234,288,260,288,260,309,234,309,三
﻿234,309,260,309,260,331,234,331,十
﻿234,331,260,331,260,352,234,352,四
﻿234,352,260,352,260,373,234,373,兩
﻿234,373,260,373,260,394,234,394,畧
﻿234,394,260,394,260,416,234,416,無
﻿205,13,230,13,230,34,205,34,証
﻿205,34,230,34,230,55,205,55,據
﻿205,55,230,55,230,76,205,76,寧
﻿205,76,230,76,230,97,205,97,有
﻿205,97,230,97,230,118,205,118,誣
﻿205,118,230,118,230,139,205,139,詐
﻿205,139,230,139,230,160,205,160,諭
﻿205,160,230,160,230,181,205,181,到
﻿205,181,230,181,230,202,205,202,我
﻿205,202,230,202,230,223,205,223,自
﻿205,223,230,223,230,244,205,244,掩
﻿205,244,230,244,230,265,205,265,匿
﻿205,265,230,265,230,286,205,286,許
﻿205,286,230,286,230,307,205,307,爾
﻿205,307,230,307,230,328,205,328,自
﻿205,328,230,328,230,349,205,349,新
﻿205,349,230,349,230,370,205,370,又
﻿205,370,230,370,230,391,205,391,諭
﻿205,391,230,391,230,413,205,413,云
﻿174,11,200,11,200,32,174,32,覧
﻿174,32,200,32,200,53,174,53,爾
﻿174,53,200,53,200,74,174,74,疏
﻿174,74,200,74,200,95,174,95,條
﻿174,95,200,95,200,117,174,117,甚
﻿174,117,200,117,200,138,174,138,為
﻿174,138,200,138,200,159,174,159,切
﻿174,159,200,159,200,180,174,180,當
﻿174,180,200,180,200,201,174,201,唐
﻿174,201,200,201,200,223,174,223,之
﻿174,223,200,223,200,244,174,244,王
﻿174,244,200,244,200,265,174,265,魏
﻿174,265,200,265,200,286,174,286,何
﻿174,286,200,286,200,307,174,307,以
﻿174,307,200,307,200,329,174,329,加
﻿174,329,200,329,200,350,174,350,焉
﻿174,350,200,350,200,371,174,371,可
﻿174,371,200,371,200,392,174,392,賜
﻿174,392,200,392,200,414,174,414,銀
﻿142,11,169,11,169,32,142,32,十
﻿142,32,169,32,169,53,142,53,兩
﻿142,53,169,53,169,74,142,74,用
﻿142,74,169,74,169,96,142,96,答
﻿142,96,169,96,169,117,142,117,忠
﻿142,117,169,117,169,138,142,138,誠
﻿142,138,169,138,169,159,142,159,且
﻿142,159,169,159,169,181,142,181,爾
﻿142,181,169,181,169,202,142,202,之
﻿142,202,169,202,169,223,142,223,諭
﻿142,223,169,223,169,244,142,244,深
﻿142,244,169,244,169,266,142,266,契
﻿142,266,169,266,169,287,142,287,先
﻿142,287,169,287,169,308,142,308,儒
﻿142,308,169,308,169,329,142,329,之
﻿142,329,169,329,169,351,142,351,旨
﻿142,351,169,351,169,372,142,372,朕
﻿142,372,169,372,169,393,142,393,嘉
﻿142,393,169,393,169,415,142,415,納
﻿111,13,135,13,135,36,111,36,焉
﻿82,14,105,14,105,33,82,33,乙
﻿82,33,105,33,105,53,82,53,酉
﻿82,53,105,53,105,72,82,72,六
﻿82,72,105,72,105,92,82,92,年
﻿93,97,107,97,107,118,93,118,明
﻿93,118,107,118,107,139,93,139,憲
﻿93,139,107,139,107,160,93,160,宗
﻿93,160,107,160,107,181,93,181,見
﻿93,181,107,181,107,203,93,203,濡
﻿80,94,92,94,92,116,80,116,成
﻿80,116,92,116,92,139,80,139,化
﻿80,139,92,139,92,162,80,162,元
﻿80,162,92,162,92,185,80,185,年
﻿83,205,107,205,107,225,83,225,春
﻿83,225,107,225,107,246,83,246,正
﻿83,246,107,246,107,266,83,266,月
﻿83,266,107,266,107,287,83,287,勑
﻿83,287,107,287,107,307,83,307,諭
﻿83,307,107,307,107,328,83,328,都
﻿83,328,107,328,107,348,83,348,督
﻿83,348,107,348,107,369,83,369,阮
﻿83,369,107,369,107,389,83,389,師
﻿83,389,107,389,107,410,83,410,回
﻿52,12,76,12,76,33,52,33,大
﻿52,33,76,33,76,54,52,54,獄
﻿52,54,76,54,76,75,52,75,之
﻿52,75,76,75,76,96,52,96,興
﻿52,96,76,96,76,117,52,117,多
﻿52,117,76,117,76,138,52,138,捕
﻿52,138,76,138,76,159,52,159,權
﻿52,159,76,159,76,180,52,180,貴
﻿52,180,76,180,76,201,52,201,家
﻿52,201,76,201,76,223,52,223,之
﻿52,223,76,223,76,244,52,244,子
﻿52,244,76,244,76,265,52,265,弟
﻿52,265,76,265,76,286,52,286,爾
﻿52,286,76,286,76,307,52,307,將
﻿52,307,76,307,76,328,52,328,不
﻿52,328,76,328,76,349,52,349,熟
﻿52,349,76,349,76,370,52,370,思
﻿52,370,76,370,76,391,52,391,之
﻿52,391,76,391,76,413,52,413,乎
﻿18,13,46,13,46,35,18,35,他
﻿18,35,46,35,46,57,18,57,説
﻿18,57,46,57,46,79,18,79,及
﻿18,79,46,79,46,101,18,101,恭
﻿18,101,46,101,46,124,18,124,王
﻿18,124,46,124,46,146,18,146,黎
﻿18,146,46,146,46,168,18,168,念
﻿18,168,46,168,46,190,18,190,慎
﻿18,190,46,190,46,213,18,213,勿
﻿18,213,46,213,46,235,18,235,與
﻿18,235,46,235,46,257,18,257,言
﻿18,257,46,257,46,279,18,279,旨
﻿18,279,46,279,46,301,18,301,揮
﻿18,301,46,301,46,324,18,324,掌
﻿18,324,46,324,46,346,18,346,詞
﻿18,346,46,346,46,368,18,368,訟
﻿18,368,46,368,46,390,18,390,等
﻿18,390,46,390,46,413,18,413,官
