249,32,272,32,272,53,249,53,徃
﻿249,53,272,53,272,74,249,74,歳
﻿249,74,272,74,272,96,249,96,貢
﻿249,96,272,96,272,117,249,117,于
﻿249,117,272,117,272,139,249,139,明
﻿215,37,242,37,242,59,215,59,二
﻿215,59,242,59,242,81,215,81,十
﻿215,81,242,81,242,103,215,103,九
﻿215,103,242,103,242,125,215,125,日
﻿215,125,242,125,242,147,215,147,禁
﻿215,147,242,147,242,169,215,169,盗
﻿215,169,242,169,242,191,215,191,氽
﻿215,191,242,191,242,213,215,213,珠
﻿215,213,242,213,242,236,215,236,試
﻿215,236,242,236,242,258,215,258,官
﻿215,258,242,258,242,280,215,280,貟
﻿215,280,242,280,242,302,215,302,男
﻿215,302,242,302,242,324,215,324,孫
﻿215,324,242,324,242,346,215,346,属
﻿215,346,242,346,242,368,215,368,文
﻿215,368,242,368,242,390,215,390,書
﻿215,390,242,390,242,413,215,413,筭
﻿184,33,211,33,211,54,184,54,冬
﻿184,54,211,54,211,75,184,75,十
﻿184,75,211,75,211,96,184,96,一
﻿184,96,211,96,211,117,184,117,月
﻿184,117,211,117,211,138,184,138,定
﻿184,138,211,138,211,159,184,159,出
﻿184,159,211,159,211,180,184,180,入
﻿184,180,211,180,211,201,184,201,頒
﻿184,201,211,201,211,222,184,222,行
﻿184,222,211,222,211,243,184,243,文
﻿184,243,211,243,211,264,184,264,武
﻿184,264,211,264,211,285,184,285,百
﻿184,285,211,285,211,306,184,306,官
﻿184,306,211,306,211,327,184,327,係
﻿184,327,211,327,211,348,184,348,朝
﻿184,348,211,348,211,369,184,369,班
﻿184,369,211,369,211,390,184,390,𢮿
﻿184,390,211,390,211,412,184,412,定
﻿153,34,181,34,181,54,153,54,之
﻿153,54,181,54,181,75,153,75,後
﻿153,75,181,75,181,96,153,96,或
﻿153,96,181,96,181,117,153,117,奏
﻿153,117,181,117,181,138,153,138,事
﻿153,138,181,138,181,159,153,159,詳
﻿153,159,181,159,181,180,153,180,見
﻿153,180,181,180,181,201,153,201,而
﻿153,201,181,201,181,222,153,222,退
﻿153,222,181,222,181,243,153,243,或
﻿153,243,181,243,181,264,153,264,有
﻿153,264,181,264,181,285,153,285,故
﻿153,285,181,285,181,306,153,306,事
﻿153,306,181,306,181,327,153,327,畢
﻿153,327,181,327,181,348,153,348,而
﻿153,348,181,348,181,369,153,369,出
﻿153,369,181,369,181,390,153,390,各
﻿153,390,181,390,181,411,153,411,宜
﻿126,33,150,33,150,54,126,54,循
﻿126,54,150,54,150,75,126,75,班
﻿126,75,150,75,150,96,126,96,磬
﻿126,96,150,96,150,117,126,117,折
﻿126,117,150,117,150,138,126,138,不
﻿126,138,150,138,150,159,126,159,得
﻿126,159,150,159,150,180,126,180,横
﻿126,180,150,180,150,201,126,201,去
﻿126,201,150,201,150,222,126,222,徑
﻿126,222,150,222,150,244,126,244,行
﻿93,35,120,35,120,55,93,55,是
﻿93,55,120,55,120,76,93,76,年
﻿93,76,120,76,120,97,93,97,以
﻿93,97,120,97,120,118,93,118,黎
﻿93,118,120,118,120,139,93,139,端
﻿93,139,120,139,120,160,93,160,之
﻿93,160,120,160,120,180,93,180,為
﻿93,180,120,180,120,201,93,201,户
﻿93,201,120,201,120,222,93,222,部
﻿93,222,120,222,120,243,93,243,尚
﻿93,243,120,243,120,264,93,264,書
﻿93,264,120,264,120,285,93,285,佐
﻿93,285,120,285,120,305,93,305,國
﻿93,305,120,305,120,326,93,326,侯
﻿93,326,120,326,120,347,93,347,阮
﻿93,347,120,347,120,368,93,368,如
﻿93,368,120,368,120,389,93,389,堵
﻿93,389,120,389,120,410,93,410,爲
﻿64,31,90,31,90,52,64,52,吏
﻿64,52,90,52,90,73,64,73,部
﻿64,73,90,73,90,94,64,94,尚
﻿64,94,90,94,90,115,64,115,書
﻿64,115,90,115,90,136,64,136,兼
﻿64,136,90,136,90,158,64,158,國
﻿64,158,90,158,90,179,64,179,子
﻿64,179,90,179,90,200,64,200,監
﻿64,200,90,200,90,221,64,221,祭
﻿64,221,90,221,90,242,64,242,酒
﻿64,242,90,242,90,263,64,263,黎
﻿64,263,90,263,90,285,64,285,永
﻿64,285,90,285,90,306,64,306,為
﻿64,306,90,306,90,327,64,327,北
﻿64,327,90,327,90,348,64,348,軍
﻿64,348,90,348,90,369,64,369,都
﻿64,369,90,369,90,390,64,390,督
﻿64,390,90,390,90,412,64,412,府
﻿33,32,60,32,60,53,33,53,左
﻿33,53,60,53,60,74,33,74,都
﻿33,74,60,74,60,95,33,95,督
﻿33,95,60,95,60,116,33,116,棠
﻿33,116,60,116,60,137,33,137,溪
﻿33,137,60,137,60,158,33,158,侯
﻿33,158,60,158,60,179,33,179,阮
﻿33,179,60,179,60,200,33,200,舘
﻿33,200,60,200,60,221,33,221,為
﻿33,221,60,221,60,242,33,242,中
﻿33,242,60,242,60,263,33,263,軍
﻿33,263,60,263,60,284,33,284,都
﻿33,284,60,284,60,305,33,305,督
﻿33,305,60,305,60,326,33,326,府
﻿33,326,60,326,60,347,33,347,右
﻿33,347,60,347,60,368,33,368,都
﻿33,368,60,368,60,389,33,389,督
﻿33,389,60,389,60,410,33,410,荗
﻿6,31,30,31,30,52,6,52,敬
﻿6,52,30,52,30,73,6,73,子
﻿6,73,30,73,30,94,6,94,黎
﻿6,94,30,94,30,115,6,115,旋
﻿6,115,30,115,30,137,6,137,為
﻿6,137,30,137,30,158,6,158,駙
﻿6,158,30,158,30,179,6,179,馬
﻿6,179,30,179,30,200,6,200,都
﻿6,200,30,200,30,222,6,222,尉
﻿6,222,30,222,30,243,6,243,紫
﻿6,243,30,243,30,264,6,264,嚴
﻿6,264,30,264,30,285,6,285,伯
﻿6,285,30,285,30,306,6,306,阮
﻿6,306,30,306,30,328,6,328,滋
﻿6,328,30,328,30,349,6,349,至
﻿6,349,30,349,30,370,6,370,為
﻿6,370,30,370,30,391,6,391,海
﻿6,391,30,391,30,413,6,413,陽
