263,34,288,34,288,55,263,55,三
﻿263,55,288,55,288,76,263,76,十
﻿263,76,288,76,288,97,263,97,萬
﻿263,97,288,97,288,119,263,119,伐
﻿263,119,288,119,288,140,263,140,盆
﻿263,140,288,140,288,161,263,161,蛮
﻿263,161,288,161,288,182,263,182,以
﻿263,182,288,182,288,204,263,204,征
﻿263,204,288,204,288,225,263,225,西
﻿263,225,288,225,288,246,263,246,營
﻿263,246,288,246,288,268,263,268,攻
﻿263,268,288,268,288,289,263,289,破
﻿263,289,288,289,288,310,263,310,老
﻿263,310,288,310,288,331,263,331,撾
﻿263,331,288,331,288,353,263,353,捷
﻿263,353,288,353,288,374,263,374,書
﻿263,374,288,374,288,395,263,395,為
﻿263,395,288,395,288,417,263,417,盆
﻿237,30,259,30,259,51,237,51,賊
﻿237,51,259,51,259,73,237,73,邀
﻿237,73,259,73,259,94,237,94,截
﻿237,94,259,94,259,116,237,116,脱
﻿237,116,259,116,259,137,237,137,失
﻿237,137,259,137,259,159,237,159,故
﻿237,159,259,159,259,180,237,180,也
﻿237,180,259,180,259,202,237,202,師
﻿237,202,259,202,259,223,237,223,入
﻿237,223,259,223,259,245,237,245,隘
﻿237,245,259,245,259,266,237,266,琴
﻿237,266,259,266,259,288,237,288,公
﻿237,288,259,288,259,309,237,309,走
﻿237,309,259,309,259,331,237,331,死
﻿237,331,259,331,259,352,237,352,焚
﻿237,352,259,352,259,374,237,374,其
﻿237,374,259,374,259,395,237,395,城
﻿237,395,259,395,259,417,237,417,攻
﻿205,30,229,30,229,51,205,51,哨
﻿205,51,229,51,229,73,205,73,各
﻿205,73,229,73,229,94,205,94,城
﻿205,94,229,94,229,116,205,116,焚
﻿205,116,229,116,229,137,205,137,其
﻿205,137,229,137,229,159,205,159,積
﻿205,159,229,159,229,180,205,180,聚
﻿205,180,229,180,229,202,205,202,初
﻿205,202,229,202,229,223,205,223,盆
﻿205,223,229,223,229,245,205,245,蛮
﻿205,245,229,245,229,266,205,266,眾
﻿205,266,229,266,229,288,205,288,有
﻿205,288,229,288,229,309,205,309,户
﻿205,309,229,309,229,331,205,331,九
﻿205,331,229,331,229,352,205,352,萬
﻿205,352,229,352,229,374,205,374,飢
﻿205,374,229,374,229,395,205,395,死
﻿205,395,229,395,229,417,205,417,殆
﻿171,30,196,30,196,51,171,51,盡
﻿171,51,196,51,196,73,171,73,止
﻿171,73,196,73,196,94,171,94,存
﻿171,94,196,94,196,116,171,116,三
﻿171,116,196,116,196,138,171,138,千
﻿171,138,196,138,196,159,171,159,余
﻿171,159,196,159,196,181,171,181,人
﻿171,181,196,181,196,202,171,202,乃
﻿171,202,196,202,196,224,171,224,使
﻿171,224,196,224,196,246,171,246,人
﻿171,246,196,246,196,267,171,267,称
﻿171,267,196,267,196,289,171,289,臣
﻿171,289,196,289,196,310,171,310,乞
﻿171,310,196,310,196,332,171,332,降
﻿171,332,196,332,196,354,171,354,遂
﻿171,354,196,354,196,375,171,375,封
﻿171,375,196,375,196,397,171,397,其
﻿171,397,196,397,196,419,171,419,種
﻿143,32,165,32,165,53,143,53,琴
﻿143,53,165,53,165,74,143,74,冬
﻿143,74,165,74,165,96,143,96,為
﻿143,96,165,96,165,117,143,117,宣
﻿143,117,165,117,165,138,143,138,慰
﻿143,138,165,138,165,160,143,160,大
﻿143,160,165,160,165,181,143,181,使
﻿143,181,165,181,165,203,143,203,乃
﻿143,203,165,203,165,224,143,224,置
﻿143,224,165,224,165,245,143,245,鎮
﻿143,245,165,245,165,267,143,267,守
﻿143,267,165,267,165,288,143,288,各
﻿143,288,165,288,165,310,143,310,縣
﻿143,310,165,310,165,331,143,331,官
﻿143,331,165,331,165,352,143,352,吏
﻿143,352,165,352,165,374,143,374,以
﻿143,374,165,374,165,395,143,395,治
﻿143,395,165,395,165,417,143,417,之
﻿110,30,134,30,134,52,110,52,後
﻿110,52,134,52,134,75,110,75,琴
﻿110,75,134,75,134,98,110,98,冬
﻿110,98,134,98,134,121,110,121,󰱥
﻿110,121,134,121,134,144,110,144,󰌴
﻿110,144,134,144,134,166,110,166,校
﻿110,166,134,166,134,189,110,189,定
﻿110,189,134,189,134,212,110,212,征
﻿110,212,134,212,134,235,110,235,占
﻿110,235,134,235,134,258,110,258,别
﻿110,258,134,258,134,281,110,281,令
﻿110,281,134,281,134,303,110,303,二
﻿110,303,134,303,134,326,110,326,十
﻿110,326,134,326,134,349,110,349,五
﻿110,349,134,349,134,372,110,372,條
﻿110,372,134,372,134,395,110,395,并
﻿110,395,134,395,134,418,110,418,定
﻿78,32,104,32,104,53,78,53,行
﻿78,53,104,53,104,74,78,74,兵
﻿78,74,104,74,104,96,78,96,政
﻿78,96,104,96,104,117,78,117,令
﻿78,117,104,117,104,139,78,139,賞
﻿78,139,104,139,104,160,78,160,功
﻿78,160,104,160,104,182,78,182,例
﻿47,13,70,13,70,33,47,33,庚
﻿47,33,70,33,70,54,47,54,子
﻿47,54,70,54,70,75,47,75,十
﻿47,75,70,75,70,96,47,96,一
﻿47,96,70,96,70,117,47,117,年
﻿58,122,74,122,74,141,58,141,明
﻿58,141,74,141,74,160,58,160,成
﻿58,160,74,160,74,179,58,179,化
﻿46,122,57,122,57,141,46,141,十
﻿46,141,57,141,57,160,46,160,六
﻿46,160,57,160,57,180,46,180,年
﻿48,181,70,181,70,202,48,202,春
﻿48,202,70,202,70,224,48,224,正
﻿48,224,70,224,70,245,48,245,月
﻿48,245,70,245,70,267,48,267,大
﻿48,267,70,267,70,288,48,288,駕
﻿48,288,70,288,70,310,48,310,至
﻿48,310,70,310,70,331,48,331,自
﻿48,331,70,331,70,353,48,353,盆
﻿48,353,70,353,70,375,48,375,蛮
﻿16,31,39,31,39,52,16,52,初
﻿16,52,39,52,39,74,16,74,十
﻿16,74,39,74,39,95,16,95,日
﻿16,95,39,95,39,117,16,117,明
﻿16,117,39,117,39,138,16,138,憑
﻿16,138,39,138,39,160,16,160,祥
﻿16,160,39,160,39,181,16,181,知
﻿16,181,39,181,39,203,16,203,縣
﻿16,203,39,203,39,224,16,224,李
﻿16,224,39,224,39,246,16,246,廣
﻿16,246,39,246,39,267,16,267,寧
﻿16,267,39,267,39,289,16,289,監
﻿16,289,39,289,39,310,16,310,執
﻿16,310,39,310,39,332,16,332,差
﻿16,332,39,332,39,353,16,353,人
﻿16,353,39,353,39,375,16,375,黄
﻿16,375,39,375,39,396,16,396,世
﻿16,396,39,396,39,418,16,418,恭
