257,67,279,67,279,87,257,87,公
﻿257,87,279,87,279,107,257,107,潘
﻿257,107,279,107,279,128,257,128,公
﻿257,128,279,128,279,148,257,148,績
﻿257,148,279,148,279,169,257,169,徃
﻿257,169,279,169,279,189,257,189,救
﻿257,189,279,189,279,210,257,210,乂
﻿257,210,279,210,279,230,257,230,安
﻿257,230,279,230,279,250,257,250,莫
﻿257,250,279,250,279,271,257,271,兵
﻿257,271,279,271,279,291,257,291,退
﻿257,291,279,291,279,312,257,312,回
﻿257,312,279,312,279,332,257,332,乂
﻿257,332,279,332,279,353,257,353,安
﻿257,353,279,353,279,373,257,373,復
﻿257,373,279,373,279,394,257,394,定
﻿234,64,255,64,255,84,234,84,十
﻿234,84,255,84,255,105,234,105,月
﻿234,105,255,105,255,125,234,125,帝
﻿234,125,255,125,255,146,234,146,命
﻿234,146,255,146,255,166,234,166,太
﻿234,166,255,166,255,187,234,187,傅
﻿234,187,255,187,255,207,234,207,端
﻿234,207,255,207,255,228,234,228,武
﻿234,228,255,228,255,249,234,249,侯
﻿234,249,255,249,255,269,234,269,黎
﻿234,269,255,269,255,290,234,290,及
﻿234,290,255,290,255,310,234,310,第
﻿234,310,255,310,255,331,234,331,領
﻿234,331,255,331,255,351,234,351,兵
﻿234,351,255,351,255,372,234,372,畧
﻿234,372,255,372,255,392,234,392,定
﻿234,392,255,392,255,413,234,413,天
﻿234,413,255,413,255,434,234,434,䦕
﻿205,64,227,64,227,85,205,85,悉
﻿205,85,227,85,227,107,205,107,平
﻿205,107,227,107,227,129,205,129,之
﻿171,64,196,64,196,84,171,84,時
﻿171,84,196,84,196,105,171,105,哀
﻿171,105,196,105,196,125,171,125,牢
﻿171,125,196,125,196,146,171,146,國
﻿171,146,196,146,196,166,171,166,主
﻿171,166,196,166,196,187,171,187,乍
﻿171,187,196,187,196,207,171,207,斗
﻿171,207,196,207,196,228,171,228,献
﻿171,228,196,228,196,248,171,248,䧺
﻿171,248,196,248,196,269,171,269,象
﻿171,269,196,269,196,289,171,289,四
﻿171,289,196,289,196,310,171,310,隻
﻿171,310,196,310,196,330,171,330,及
﻿171,330,196,330,196,351,171,351,寶
﻿171,351,196,351,196,371,171,371,物
﻿171,371,196,371,196,392,171,392,求
﻿171,392,196,392,196,412,171,412,婚
﻿171,412,196,412,196,433,171,433,帝
﻿140,65,164,65,164,85,140,85,欲
﻿140,85,164,85,164,105,140,105,鄰
﻿140,105,164,105,164,125,140,125,國
﻿140,125,164,125,164,146,140,146,和
﻿140,146,164,146,164,166,140,166,好
﻿140,166,164,166,164,186,140,186,乃
﻿140,186,164,186,164,206,140,206,以
﻿140,206,164,206,164,227,140,227,帝
﻿140,227,164,227,164,247,140,247,妃
﻿140,247,164,247,164,267,140,267,前
﻿140,267,164,267,164,288,140,288,女
﻿140,288,164,288,164,308,140,308,封
﻿140,308,164,308,164,328,140,328,玉
﻿140,328,164,328,164,348,140,348,華
﻿140,348,164,348,164,369,140,369,公
﻿140,369,164,369,164,389,140,389,主
﻿140,389,164,389,164,409,140,409,嫁
﻿140,409,164,409,164,430,140,430,之
﻿112,63,135,63,135,84,112,84,是
﻿112,84,135,84,135,106,112,106,年
﻿112,106,135,106,135,128,112,128,清
﻿112,128,135,128,135,150,112,150,華
﻿112,150,135,150,135,171,112,171,之
﻿112,171,135,171,135,193,112,193,地
﻿112,193,135,193,135,215,112,215,一
﻿112,215,135,215,135,237,112,237,榖
﻿112,237,135,237,135,258,112,258,不
﻿112,258,135,258,135,280,112,280,收
﻿112,280,135,280,135,302,112,302,民
﻿112,302,135,302,135,324,112,324,大
﻿112,324,135,324,135,345,112,345,饑
﻿112,345,135,345,135,367,112,367,多
﻿112,367,135,367,135,389,112,389,流
﻿112,389,135,389,135,411,112,411,亡
﻿112,411,135,411,135,433,112,433,時
﻿82,64,105,64,105,84,82,84,瑞
﻿82,84,105,84,105,105,82,105,源
﻿82,105,105,105,105,126,82,126,縣
﻿82,126,105,126,105,146,82,146,太
﻿82,146,105,146,105,167,82,167,來
﻿82,167,105,167,105,188,82,188,󰀋
﻿82,188,105,188,105,208,82,208,人
﻿82,208,105,208,105,229,82,229,黎
﻿82,229,105,229,105,250,82,250,景
﻿82,250,105,250,105,270,82,270,純
﻿82,270,105,270,105,291,82,291,自
﻿82,291,105,291,105,312,82,312,稱
﻿82,312,105,312,105,332,82,332,癡
﻿82,332,105,332,105,353,82,353,人
﻿82,353,105,353,105,374,82,374,侯
﻿53,45,76,45,76,65,53,65,壬
﻿53,65,76,65,76,86,53,86,申
﻿53,86,76,86,76,107,53,107,洪
﻿53,107,76,107,76,128,53,128,福
﻿53,128,76,128,76,149,53,149,元
﻿53,149,76,149,76,170,53,170,年
﻿63,171,79,171,79,190,63,190,莫
﻿63,190,79,190,79,210,63,210,崇
﻿63,210,79,210,79,230,63,230,康
﻿63,230,79,230,79,250,63,250,七
﻿63,250,79,250,79,270,63,270,年
﻿48,171,63,171,63,190,48,190,明
﻿48,190,63,190,63,210,48,210,隆
﻿48,210,63,210,63,229,48,229,慶
﻿48,229,63,229,63,249,48,249,六
﻿48,249,63,249,63,269,48,269,年
﻿50,271,75,271,75,291,50,291,春
﻿50,291,75,291,75,311,50,311,正
﻿50,311,75,311,75,331,50,331,月
﻿50,331,75,331,75,351,50,351,帝
﻿50,351,75,351,75,371,50,371,祀
﻿50,371,75,371,75,391,50,391,天
﻿50,391,75,391,75,411,50,411,地
﻿50,411,75,411,75,431,50,431,于
﻿21,65,45,65,45,85,21,85,南
﻿21,85,45,85,45,105,21,105,郊
﻿21,105,45,105,45,125,21,125,行
﻿21,125,45,125,45,145,21,145,禮
﻿21,145,45,145,45,165,21,165,帝
﻿21,165,45,165,45,186,21,186,捧
﻿21,186,45,186,45,206,21,206,香
﻿21,206,45,206,45,226,21,226,爐
﻿21,226,45,226,45,246,21,246,禱
﻿21,246,45,246,45,266,21,266,天
﻿21,266,45,266,45,286,21,286,󰍶
﻿21,286,45,286,45,307,21,307,忽
﻿21,307,45,307,45,327,21,327,香
﻿21,327,45,327,45,347,21,347,爐
﻿21,347,45,347,45,367,21,367,倒
﻿21,367,45,367,45,387,21,387,于
﻿21,387,45,387,45,407,21,407,地
﻿21,407,45,407,45,428,21,428,上
