272,29,291,29,291,49,272,49,忠
﻿272,49,291,49,291,70,272,70,郡
﻿272,70,291,70,291,91,272,91,公
﻿272,91,291,91,291,112,272,112,聚
﻿272,112,291,112,291,133,272,133,兵
﻿272,133,291,133,291,154,272,154,安
﻿272,154,291,154,291,174,272,174,朗
﻿272,174,291,174,291,195,272,195,地
﻿272,195,291,195,291,216,272,216,方
﻿272,216,291,216,291,237,272,237,平
﻿272,237,291,237,291,258,272,258,郡
﻿272,258,291,258,291,279,272,279,公
﻿272,279,291,279,291,299,272,299,鄭
﻿272,299,291,299,291,320,272,320,𭫨
﻿272,320,291,320,291,341,272,341,差
﻿272,341,291,341,291,362,272,362,人
﻿272,362,291,362,291,383,272,383,捕
﻿272,383,291,383,291,404,272,404,捉
﻿248,28,268,28,268,49,248,49,觧
﻿248,49,268,49,268,70,248,70,送
﻿248,70,268,70,268,91,248,91,京
﻿248,91,268,91,268,112,248,112,師
﻿248,112,268,112,268,133,248,133,悉
﻿248,133,268,133,268,154,248,154,令
﻿248,154,268,154,268,175,248,175,斬
﻿248,175,268,175,268,197,248,197,之
﻿216,26,240,26,240,48,216,48,吏
﻿216,48,240,48,240,70,216,70,部
﻿216,70,240,70,240,92,216,92,右
﻿216,92,240,92,240,115,216,115,侍
﻿216,115,240,115,240,137,216,137,郎
﻿216,137,240,137,240,159,216,159,阮
﻿216,159,240,159,240,182,216,182,宏
﻿216,182,240,182,240,204,216,204,詞
﻿216,204,240,204,240,226,216,226,卒
﻿216,226,240,226,240,248,216,248,大
﻿216,248,240,248,240,271,216,271,理
﻿216,271,240,271,240,293,216,293,寺
﻿216,293,240,293,240,315,216,315,卿
﻿216,315,240,315,240,338,216,338,陳
﻿216,338,240,338,240,360,216,360,福
﻿216,360,240,360,240,382,216,382,祐
﻿216,382,240,382,240,405,216,405,卒
﻿184,29,204,29,204,50,184,50,二
﻿184,50,204,50,204,72,184,72,十
﻿184,72,204,72,204,94,184,94,七
﻿184,94,204,94,204,116,184,116,日
﻿184,116,204,116,204,138,184,138,以
﻿184,138,204,138,204,160,184,160,工
﻿184,160,204,160,204,182,184,182,部
﻿184,182,204,182,204,204,184,204,左
﻿184,204,204,204,204,226,184,226,侍
﻿184,226,204,226,204,248,184,248,郎
﻿184,248,204,248,204,270,184,270,馮
﻿184,270,204,270,204,292,184,292,克
﻿184,292,204,292,204,314,184,314,寬
﻿184,314,204,314,204,336,184,336,爲
﻿184,336,204,336,204,358,184,358,吏
﻿184,358,204,358,204,380,184,380,部
﻿184,380,204,380,204,402,184,402,左
﻿152,29,175,29,175,51,152,51,侍
﻿152,51,175,51,175,73,152,73,郎
﻿152,73,175,73,175,95,152,95,封
﻿152,95,175,95,175,117,152,117,梅
﻿152,117,175,117,175,139,152,139,嶺
﻿152,139,175,139,175,161,152,161,侯
﻿121,31,143,31,143,51,121,51,三
﻿121,51,143,51,143,72,121,72,月
﻿121,72,143,72,143,93,121,93,明
﻿121,93,143,93,143,113,121,113,左
﻿121,113,143,113,143,134,121,134,江
﻿121,134,143,134,143,155,121,155,官
﻿121,155,143,155,143,176,121,176,陳
﻿121,176,143,176,143,196,121,196,惇
﻿121,196,143,196,143,217,121,217,臨
﻿121,217,143,217,143,238,121,238,使
﻿121,238,143,238,143,258,121,258,王
﻿121,258,143,258,143,279,121,279,建
﻿121,279,143,279,143,300,121,300,立
﻿121,300,143,300,143,321,121,321,復
﻿121,321,143,321,143,341,121,341,賫
﻿121,341,143,341,143,362,121,362,良
﻿121,362,143,362,143,383,121,383,馬
﻿121,383,143,383,143,404,121,404,玉
﻿90,29,110,29,110,50,90,50,𢃄
﻿90,50,110,50,110,72,90,72,衝
﻿90,72,110,72,110,94,90,94,天
﻿90,94,110,94,110,116,90,116,冠
﻿90,116,110,116,110,138,90,138,賜
﻿90,138,110,138,110,160,90,160,節
﻿90,160,110,160,110,182,90,182,制
﻿90,182,110,182,110,204,90,204,鄭
﻿90,204,110,204,110,225,90,225,松
﻿90,225,110,225,110,247,90,247,請
﻿90,247,110,247,110,269,90,269,為
﻿90,269,110,269,110,291,90,291,鄰
﻿90,291,110,291,110,313,90,313,好
﻿90,313,110,313,110,335,90,335,并
﻿90,335,110,335,110,357,90,357,柬
﻿90,357,110,357,110,379,90,379,文
﻿90,379,110,379,110,401,90,401,二
﻿58,27,82,27,82,47,58,47,帖
﻿58,47,82,47,82,68,58,68,内
﻿58,68,82,68,82,89,58,89,寫
﻿58,89,82,89,82,110,58,110,八
﻿58,110,82,110,82,131,58,131,字
﻿58,131,82,131,82,152,58,152,曰
﻿58,152,82,152,82,173,58,173,光
﻿58,173,82,173,82,194,58,194,興
﻿58,194,82,194,82,215,58,215,前
﻿58,215,82,215,82,236,58,236,烈
﻿58,236,82,236,82,257,58,257,定
﻿58,257,82,257,82,278,58,278,國
﻿58,278,82,278,82,299,58,299,元
﻿58,299,82,299,82,320,58,320,勳
﻿58,320,82,320,82,341,58,341,節
﻿58,341,82,341,82,362,58,362,制
﻿58,362,82,362,82,383,58,383,鄭
﻿58,383,82,383,82,404,58,404,松
﻿27,28,47,28,47,48,27,48,益
﻿27,48,47,48,47,69,27,69,厚
﻿27,69,47,69,47,90,27,90,遇
﻿27,90,47,90,47,111,27,111,之
﻿27,111,47,111,47,132,27,132,使
﻿27,132,47,132,47,153,27,153,人
﻿27,153,47,153,47,174,27,174,護
﻿27,174,47,174,47,195,27,195,送
﻿27,195,47,195,47,216,27,216,還
﻿27,216,47,216,47,237,27,237,國
