257,39,283,39,283,59,257,59,和
﻿257,59,283,59,283,80,257,80,氣
﻿257,80,283,80,283,100,257,100,歟
﻿257,100,283,100,283,121,257,121,或
﻿257,121,283,121,283,142,257,142,刑
﻿257,142,283,142,283,162,257,162,獄
﻿257,162,283,162,283,183,257,183,冤
﻿257,183,283,183,283,203,257,203,濫
﻿257,203,283,203,283,224,257,224,而
﻿257,224,283,224,283,245,257,245,未
﻿257,245,283,245,283,265,257,265,能
﻿257,265,283,265,283,286,257,286,伸
﻿257,286,283,286,283,306,257,306,雪
﻿257,306,283,306,283,327,257,327,󰊹
﻿257,327,283,327,283,348,257,348,將
﻿257,348,283,348,283,368,257,368,賦
﻿257,368,283,368,283,389,257,389,役
﻿257,389,283,389,283,410,257,410,繁
﻿227,38,252,38,252,58,227,58,重
﻿227,58,252,58,252,79,227,79,而
﻿227,79,252,79,252,99,227,99,下
﻿227,99,252,99,252,120,227,120,民
﻿227,120,252,120,252,141,227,141,咨
﻿227,141,252,141,252,161,227,161,怨
﻿227,161,252,161,252,182,227,182,󰊹
﻿227,182,252,182,252,202,227,202,靜
﻿227,202,252,202,252,223,227,223,思
﻿227,223,252,223,252,244,227,244,厥
﻿227,244,252,244,252,264,227,264,𠧨
﻿227,264,252,264,252,285,227,285,盖
﻿227,285,252,285,252,305,227,305,有
﻿227,305,252,305,252,326,227,326,其
﻿227,326,252,326,252,347,227,347,由
﻿227,347,252,347,252,367,227,367,苟
﻿227,367,252,367,252,388,227,388,不
﻿227,388,252,388,252,409,227,409,施
﻿198,39,222,39,222,59,198,59,實
﻿198,59,222,59,222,80,198,80,惠
﻿198,80,222,80,222,101,198,101,以
﻿198,101,222,101,222,121,198,121,慰
﻿198,121,222,121,222,142,198,142,民
﻿198,142,222,142,222,163,198,163,心
﻿198,163,222,163,222,184,198,184,将
﻿198,184,222,184,222,204,198,204,何
﻿198,204,222,204,222,225,198,225,以
﻿198,225,222,225,222,246,198,246,答
﻿198,246,222,246,222,266,198,266,上
﻿198,266,222,266,222,287,198,287,天
﻿198,287,222,287,222,308,198,308,而
﻿198,308,222,308,222,329,198,329,弭
﻿198,329,222,329,222,349,198,349,災
﻿198,349,222,349,222,370,198,370,变
﻿198,370,222,370,222,391,198,391,其
﻿198,391,222,391,222,412,198,412,宥
﻿168,37,194,37,194,56,168,56,條
﻿168,56,194,56,194,76,168,76,有
﻿168,76,194,76,194,96,168,96,饒
﻿168,96,194,96,194,115,168,115,諸
﻿168,115,194,115,194,135,168,135,税
﻿168,135,194,135,194,155,168,155,迯
﻿168,155,194,155,194,174,168,174,從
﻿168,174,194,174,194,194,168,194,征
﻿168,194,194,194,194,214,168,214,迯
﻿168,214,194,214,194,233,168,233,軍
﻿168,233,194,233,194,253,168,253,迯
﻿168,253,194,253,194,273,168,273,民
﻿168,273,194,273,194,292,168,292,許
﻿168,292,194,292,194,312,168,312,出
﻿168,312,194,312,194,332,168,332,首
﻿168,332,194,332,194,351,168,351,在
﻿168,351,194,351,194,371,168,371,獄
﻿168,371,194,371,194,391,168,391,諸
﻿168,391,194,391,194,411,168,411,訟
﻿139,38,162,38,162,58,139,58,沉
﻿139,58,162,58,162,79,139,79,滯
﻿139,79,162,79,162,100,139,100,聽
﻿139,100,162,100,162,120,139,120,具
﻿139,120,162,120,162,141,139,141,由
﻿139,141,162,141,162,162,139,162,奏
﻿139,162,162,162,162,182,139,182,呈
﻿139,182,162,182,162,203,139,203,等
﻿139,203,162,203,162,224,139,224,事
﻿108,39,132,39,132,59,108,59,秋
﻿108,59,132,59,132,80,108,80,七
﻿108,80,132,80,132,101,108,101,月
﻿108,101,132,101,132,121,108,121,二
﻿108,121,132,121,132,142,108,142,十
﻿108,142,132,142,132,163,108,163,六
﻿108,163,132,163,132,183,108,183,日
﻿108,183,132,183,132,204,108,204,殺
﻿108,204,132,204,132,225,108,225,太
﻿108,225,132,225,132,245,108,245,尉
﻿108,245,132,245,132,266,108,266,黎
﻿108,266,132,266,132,287,108,287,可
﻿108,287,132,287,132,307,108,307,及
﻿108,307,132,307,132,328,108,328,男
﻿108,328,132,328,132,349,108,349,黎
﻿108,349,132,349,132,369,108,369,括
﻿108,369,132,369,132,390,108,390,司
﻿108,390,132,390,132,411,108,411,㓂
﻿78,37,101,37,101,57,78,57,鄭
﻿78,57,101,57,101,78,78,78,克
﻿78,78,101,78,101,99,78,99,復
﻿78,99,101,99,101,120,78,120,及
﻿78,120,101,120,101,141,78,141,男
﻿78,141,101,141,101,162,78,162,駙
﻿78,162,101,162,101,182,78,182,馬
﻿78,182,101,182,101,203,78,203,都
﻿78,203,101,203,101,224,78,224,尉
﻿78,224,101,224,101,245,78,245,鄭
﻿78,245,101,245,101,266,78,266,伯
﻿78,266,101,266,101,287,78,287,崖
﻿45,35,71,35,71,55,45,55,冬
﻿45,55,71,55,71,76,45,76,十
﻿45,76,71,76,71,97,45,97,月
﻿45,97,71,97,71,118,45,118,明
﻿45,118,71,118,71,138,45,138,遣
﻿45,138,71,138,71,159,45,159,正
﻿45,159,71,159,71,180,45,180,使
﻿45,180,71,180,71,201,45,201,行
﻿45,201,71,201,71,222,45,222,人
﻿45,222,71,222,71,242,45,242,司
﻿45,242,71,242,71,263,45,263,行
﻿45,263,71,263,71,284,45,284,人
﻿45,284,71,284,71,305,45,305,邉
﻿45,305,71,305,71,325,45,325,永
﻿45,325,71,325,71,346,45,346,副
﻿45,346,71,346,71,367,45,367,使
﻿45,367,71,367,71,388,45,388,進
﻿45,388,71,388,71,409,45,409,士
﻿15,38,39,38,39,58,15,58,程
﻿15,58,39,58,39,79,15,79,惠
﻿15,79,39,79,39,100,15,100,來
﻿15,100,39,100,39,121,15,121,告
﻿15,121,39,121,39,142,15,142,即
﻿15,142,39,142,39,163,15,163,位
﻿15,163,39,163,39,183,15,183,先
﻿15,183,39,183,39,204,15,204,是
﻿15,204,39,204,39,225,15,225,明
﻿15,225,39,225,39,246,15,246,英
﻿15,246,39,246,39,267,15,267,宗
﻿15,267,39,267,39,288,15,288,北
﻿15,288,39,288,39,308,15,308,征
﻿15,308,39,308,39,329,15,329,為
﻿15,329,39,329,39,350,15,350,也
﻿15,350,39,350,39,371,15,371,先
﻿15,371,39,371,39,392,15,392,所
﻿15,392,39,392,39,413,15,413,獲
