261,14,289,14,289,35,261,35,之
﻿261,35,289,35,289,57,261,57,能
﻿261,57,289,57,289,78,261,78,上
﻿261,78,289,78,289,100,261,100,皇
﻿261,100,289,100,289,122,261,122,嘗
﻿261,122,289,122,289,143,261,143,賜
﻿261,143,289,143,289,165,261,165,帝
﻿261,165,289,165,289,186,261,186,食
﻿261,186,289,186,289,208,261,208,帝
﻿261,208,289,208,289,230,261,230,細
﻿261,230,289,230,289,251,261,251,嚼
﻿261,251,289,251,289,273,261,273,上
﻿261,273,289,273,289,294,261,294,皇
﻿261,294,289,294,289,316,261,316,曰
﻿261,316,289,316,289,338,261,338,男
﻿261,338,289,338,289,359,261,359,兒
﻿261,359,289,359,289,381,261,381,須
﻿261,381,289,381,289,403,261,403,龍
﻿231,15,259,15,259,35,231,35,吞
﻿231,35,259,35,259,56,231,56,虎
﻿231,56,259,56,259,76,231,76,噬
﻿231,76,259,76,259,97,231,97,何
﻿231,97,259,97,259,117,231,117,細
﻿231,117,259,117,259,138,231,138,嚼
﻿231,138,259,138,259,158,231,158,之
﻿231,158,259,158,259,179,231,179,有
﻿231,179,259,179,259,199,231,199,及
﻿231,199,259,199,259,220,231,220,賜
﻿231,220,259,220,259,240,231,240,王
﻿231,240,259,240,259,261,231,261,侯
﻿231,261,259,261,259,281,231,281,食
﻿231,281,259,281,259,302,231,302,亦
﻿231,302,259,302,259,322,231,322,論
﻿231,322,259,322,259,343,231,343,如
﻿231,343,259,343,259,364,231,364,之
﻿205,13,228,13,228,33,205,33,戊
﻿205,33,228,33,228,53,205,53,午
﻿205,53,228,53,228,73,205,73,五
﻿205,73,228,73,228,93,205,93,年
﻿215,96,230,96,230,114,215,114,元
﻿215,114,230,114,230,132,215,132,延
﻿215,132,230,132,230,151,215,151,祐
﻿202,96,214,96,214,115,202,115,五
﻿202,115,214,115,214,134,202,134,年
﻿199,153,227,153,227,173,199,173,春
﻿199,173,227,173,227,194,199,194,二
﻿199,194,227,194,227,214,199,214,月
﻿199,214,227,214,227,235,199,235,十
﻿199,235,227,235,227,255,199,255,八
﻿199,255,227,255,227,276,199,276,日
﻿199,276,227,276,227,297,199,297,以
﻿199,297,227,297,227,317,199,317,天
﻿199,317,227,317,227,338,199,338,真
﻿199,338,227,338,227,358,199,358,長
﻿199,358,227,358,227,379,199,379,公
﻿199,379,227,379,227,400,199,400,主
﻿173,12,196,12,196,31,173,31,嫁
﻿173,31,196,31,196,50,173,50,惠
﻿173,50,196,50,196,69,173,69,正
﻿173,69,196,69,196,89,173,89,王
﻿184,91,197,91,197,111,184,111,缺
﻿169,93,183,93,183,111,169,111,名
﻿170,112,195,112,195,134,170,134,封
﻿170,134,195,134,195,156,170,156,惠
﻿170,156,195,156,195,178,170,178,正
﻿170,178,195,178,195,201,170,201,為
﻿170,201,195,201,195,223,170,223,駙
﻿170,223,195,223,195,245,170,245,驥
﻿170,245,195,245,195,268,170,268,郎
﻿170,268,195,268,195,290,170,290,秋
﻿170,290,195,290,195,312,170,312,八
﻿170,312,195,312,195,335,170,335,月
﻿170,335,195,335,195,357,170,357,十
﻿170,357,195,357,195,379,170,379,九
﻿170,379,195,379,195,402,170,402,日
﻿139,10,163,10,163,31,139,31,宣
﻿139,31,163,31,163,53,139,53,慈
﻿139,53,163,53,163,75,139,75,太
﻿139,75,163,75,163,97,139,97,皇
﻿139,97,163,97,163,119,139,119,太
﻿139,119,163,119,163,141,139,141,后
﻿139,141,163,141,163,162,139,162,崩
﻿139,162,163,162,163,184,139,184,遣
﻿139,184,163,184,163,206,139,206,惠
﻿139,206,163,206,163,228,139,228,武
﻿139,228,163,228,163,250,139,250,大
﻿139,250,163,250,163,272,139,272,王
﻿139,272,163,272,163,293,139,293,國
﻿139,293,163,293,163,315,139,315,瑱
﻿139,315,163,315,163,337,139,337,征
﻿139,337,163,337,163,359,139,359,占
﻿139,359,163,359,163,381,139,381,城
﻿139,381,163,381,163,403,139,403,李
﻿108,9,132,9,132,29,108,29,家
﻿108,29,132,29,132,50,108,50,族
﻿108,50,132,50,132,70,108,70,將
﻿108,70,132,70,132,91,108,91,孝
﻿108,91,132,91,132,112,108,112,肅
﻿108,112,132,112,132,132,108,132,侯
﻿108,132,132,132,132,153,108,153,李
﻿108,153,132,153,132,174,108,174,必
﻿108,174,132,174,132,194,108,194,見
﻿108,194,132,194,132,215,108,215,陣
﻿108,215,132,215,132,235,108,235,前
﻿108,235,132,235,132,256,108,256,死
﻿108,256,132,256,132,277,108,277,之
﻿108,277,132,277,132,297,108,297,𬋩
﻿108,297,132,297,132,318,108,318,天
﻿108,318,132,318,132,339,108,339,武
﻿108,339,132,339,132,359,108,359,軍
﻿108,359,132,359,132,380,108,380,范
﻿108,380,132,380,132,401,108,401,五
﻿77,11,102,11,102,31,77,31,老
﻿77,31,102,31,102,52,77,52,縱
﻿77,52,102,52,102,72,77,72,兵
﻿77,72,102,72,102,93,77,93,擊
﻿77,93,102,93,102,114,77,114,其
﻿77,114,102,114,102,134,77,134,後
﻿77,134,102,134,102,155,77,155,賊
﻿77,155,102,155,102,176,77,176,敗
﻿77,176,102,176,102,196,77,196,走
﻿77,196,102,196,102,217,77,217,擒
﻿77,217,102,217,102,237,77,237,獲
﻿77,237,102,237,102,258,77,258,甚
﻿77,258,102,258,102,279,77,279,眾
﻿77,279,102,279,102,299,77,299,󰥭
﻿77,299,102,299,102,320,77,320,五
﻿77,320,102,320,102,341,77,341,老
﻿77,341,102,341,102,361,77,361,關
﻿77,361,102,361,102,382,77,382,内
﻿77,382,102,382,102,403,77,403,侯
﻿46,8,72,8,72,29,46,29,賜
﻿46,29,72,29,72,51,46,51,𢒎
﻿46,51,72,51,72,73,46,73,魚
﻿46,73,72,73,72,95,46,95,符
﻿46,95,72,95,72,117,46,117,仍
﻿46,117,72,117,72,139,46,139,官
﻿46,139,72,139,72,161,46,161,其
﻿46,161,72,161,72,183,46,183,子
﻿46,183,72,183,72,205,46,205,時
﻿46,205,72,205,72,227,46,227,上
﻿46,227,72,227,72,249,46,249,皇
﻿46,249,72,249,72,271,46,271,有
﻿46,271,72,271,72,293,46,293,出
﻿46,293,72,293,72,315,46,315,家
﻿46,315,72,315,72,337,46,337,意
﻿46,337,72,337,72,359,46,359,因
﻿46,359,72,359,72,381,46,381,令
﻿46,381,72,381,72,403,46,403,宫
﻿14,11,38,11,38,31,14,31,人
﻿14,31,38,31,38,52,14,52,素
﻿14,52,38,52,38,72,14,72,食
﻿14,72,38,72,38,93,14,93,諸
﻿14,93,38,93,38,113,14,113,宫
﻿14,113,38,113,38,134,14,134,人
﻿14,134,38,134,38,155,14,155,皆
﻿14,155,38,155,38,175,14,175,有
﻿14,175,38,175,38,196,14,196,難
﻿14,196,38,196,38,216,14,216,色
﻿14,216,38,216,38,237,14,237,獨
﻿14,237,38,237,38,257,14,257,姉
﻿14,257,38,257,38,278,14,278,㜮
﻿14,278,38,278,38,299,14,299,阮
﻿14,299,38,299,38,319,14,319,氏
﻿14,319,38,319,38,340,14,340,延
﻿14,340,38,340,38,360,14,360,斷
﻿14,360,38,360,38,381,14,381,指
﻿14,381,38,381,38,402,14,402,以
