242,61,269,61,269,82,242,82,宣
﻿242,82,269,82,269,103,242,103,内
﻿242,103,269,103,269,124,242,124,詔
﻿242,124,269,124,269,145,242,145,曰
﻿242,145,269,145,269,166,242,166,昨
﻿242,166,269,166,269,187,242,187,者
﻿242,187,269,187,269,208,242,208,睿
﻿242,208,269,208,269,229,242,229,宗
﻿242,229,269,229,269,250,242,250,南
﻿242,250,269,250,269,271,242,271,廵
﻿242,271,269,271,269,292,242,292,不
﻿242,292,269,292,269,313,242,313,返
﻿242,313,269,313,269,334,242,334,用
﻿242,334,269,334,269,355,242,355,嫡
﻿242,355,269,355,269,376,242,376,為
﻿242,376,269,376,269,397,242,397,嗣
﻿242,397,269,397,269,418,242,418,古
﻿242,418,269,418,269,439,242,439,之
﻿211,61,237,61,237,82,211,82,道
﻿211,82,237,82,237,103,211,103,也
﻿211,103,237,103,237,124,211,124,然
﻿211,124,237,124,237,145,211,145,官
﻿211,145,237,145,237,166,211,166,家
﻿211,166,237,166,237,187,211,187,踐
﻿211,187,237,187,237,208,211,208,位
﻿211,208,237,208,237,229,211,229,以
﻿211,229,237,229,237,251,211,251,來
﻿211,251,237,251,237,272,211,272,童
﻿211,272,237,272,237,293,211,293,心
﻿211,293,237,293,237,314,211,314,益
﻿211,314,237,314,237,335,211,335,甚
﻿211,335,237,335,237,356,211,356,乘
﻿211,356,237,356,237,377,211,377,德
﻿211,377,237,377,237,398,211,398,不
﻿211,398,237,398,237,419,211,419,常
﻿211,419,237,419,237,441,211,441,親
﻿181,63,207,63,207,83,181,83,暱
﻿181,83,207,83,207,104,181,104,群
﻿181,104,207,104,207,125,181,125,小
﻿181,125,207,125,207,146,181,146,聽
﻿181,146,207,146,207,167,181,167,黎
﻿181,167,207,167,207,188,181,188,亞
﻿181,188,207,188,207,209,181,209,夫
﻿181,209,207,209,207,230,181,230,黎
﻿181,230,207,230,207,251,181,251,與
﻿181,251,207,251,207,272,181,272,議
﻿181,272,207,272,207,293,181,293,譛
﻿181,293,207,293,207,314,181,314,誣
﻿181,314,207,314,207,335,181,335,功
﻿181,335,207,335,207,356,181,356,臣
﻿181,356,207,356,207,377,181,377,扇
﻿181,377,207,377,207,398,181,398,摇
﻿181,398,207,398,207,419,181,419,社
﻿181,419,207,419,207,440,181,440,稷
﻿152,61,177,61,177,82,152,82,可
﻿152,82,177,82,177,103,152,103,降
﻿152,103,177,103,177,124,152,124,為
﻿152,124,177,124,177,145,152,145,灵
﻿152,145,177,145,177,166,152,166,德
﻿152,166,177,166,177,187,152,187,大
﻿152,187,177,187,177,208,152,208,王
﻿152,208,177,208,177,229,152,229,然
﻿152,229,177,229,177,250,152,250,國
﻿152,250,177,250,177,271,152,271,家
﻿152,271,177,271,177,292,152,292,不
﻿152,292,177,292,177,313,152,313,可
﻿152,313,177,313,177,334,152,334,以
﻿152,334,177,334,177,355,152,355,無
﻿152,355,177,355,177,376,152,376,主
﻿152,376,177,376,177,397,152,397,神
﻿152,397,177,397,177,418,152,418,噐
﻿152,418,177,418,177,440,152,440,不
﻿121,63,147,63,147,83,121,83,可
﻿121,83,147,83,147,104,121,104,以
﻿121,104,147,104,147,125,121,125,久
﻿121,125,147,125,147,146,121,146,虚
﻿121,146,147,146,147,167,121,167,可
﻿121,167,147,167,147,188,121,188,奉
﻿121,188,147,188,147,209,121,209,迎
﻿121,209,147,209,147,230,121,230,昭
﻿121,230,147,230,147,251,121,251,定
﻿121,251,147,251,147,272,121,272,入
﻿121,272,147,272,147,293,121,293,繼
﻿121,293,147,293,147,314,121,314,大
﻿121,314,147,314,147,335,121,335,統
﻿121,335,147,335,147,356,121,356,市
﻿121,356,147,356,147,377,121,377,吿
﻿121,377,147,377,147,398,121,398,中
﻿121,398,147,398,147,419,121,419,外
﻿121,419,147,419,147,440,121,440,咸
﻿90,60,117,60,117,81,90,81,使
﻿90,81,117,81,117,102,90,102,聞
﻿90,102,117,102,117,123,90,123,知
﻿90,123,117,123,117,144,90,144,乃
﻿90,144,117,144,117,165,90,165,降
﻿90,165,117,165,117,187,90,187,其
﻿90,187,117,187,117,208,90,208,子
﻿90,208,117,208,117,229,90,229,為
﻿90,229,117,229,117,250,90,250,順
﻿90,250,117,250,117,271,90,271,德
﻿90,271,117,271,117,292,90,292,王
﻿90,292,117,292,117,314,90,314,舊
﻿90,314,117,314,117,335,90,335,府
﻿90,335,117,335,117,356,90,356,軍
﻿90,356,117,356,117,377,90,377,将
﻿90,377,117,377,117,398,90,398,督
﻿90,398,117,398,117,419,90,419,鉄
﻿90,419,117,419,117,441,90,441,鐮
﻿61,63,85,63,85,84,61,84,軍
﻿61,84,85,84,85,105,61,105,阮
﻿61,105,85,105,85,126,61,126,快
﻿61,126,85,126,85,147,61,147,阮
﻿61,147,85,147,85,168,61,168,雲
﻿61,168,85,168,85,189,61,189,兒
﻿61,189,85,189,85,210,61,210,管
﻿61,210,85,210,85,231,61,231,鉄
﻿61,231,85,231,85,252,61,252,甲
﻿61,252,85,252,85,273,61,273,軍
﻿61,273,85,273,85,294,61,294,阮
﻿61,294,85,294,85,315,61,315,訶
﻿61,315,85,315,85,336,61,336,黎
﻿61,336,85,336,85,357,61,357,勒
﻿61,357,85,357,85,378,61,378,管
﻿61,378,85,378,85,399,61,399,鉄
﻿61,399,85,399,85,420,61,420,鎗
﻿61,420,85,420,85,441,61,441,軍
﻿32,63,56,63,56,83,32,83,阮
﻿32,83,56,83,56,104,32,104,八
﻿32,104,56,104,56,125,32,125,索
﻿32,125,56,125,56,145,32,145,欲
﻿32,145,56,145,56,166,32,166,以
﻿32,166,56,166,56,187,32,187,兵
﻿32,187,56,187,56,208,32,208,劫
﻿32,208,56,208,56,228,32,228,出
﻿32,228,56,228,56,249,32,249,帝
﻿32,249,56,249,56,270,32,270,書
﻿32,270,56,270,56,290,32,290,解
﻿32,290,56,290,56,311,32,311,甲
﻿32,311,56,311,56,332,32,332,二
﻿32,332,56,332,56,353,32,353,字
﻿32,353,56,353,56,373,32,373,且
﻿32,373,56,373,56,394,32,394,戒
﻿32,394,56,394,56,415,32,415,之
﻿32,415,56,415,56,436,32,436,曰
﻿5,60,25,60,25,81,5,81,莫
﻿5,81,25,81,25,102,5,102,違
﻿5,102,25,102,25,123,5,123,父
﻿5,123,25,123,25,144,5,144,皇
﻿5,144,25,144,25,165,5,165,旨
﻿5,165,25,165,25,186,5,186,眾
﻿5,186,25,186,25,207,5,207,乃
﻿5,207,25,207,25,228,5,228,止
﻿5,228,25,228,25,249,5,249,有
﻿5,249,25,249,25,270,5,270,󰟸
﻿5,270,25,270,25,291,5,291,扶
﻿5,291,25,291,25,312,5,312,下
﻿5,312,25,312,25,333,5,333,太
﻿5,333,25,333,25,354,5,354,陽
﻿5,354,25,354,25,375,5,375,府
﻿5,375,25,375,25,396,5,396,縊
﻿5,396,25,396,25,417,5,417,之
﻿5,417,25,417,25,439,5,439,仙
