262,11,285,11,285,31,262,31,信
﻿262,31,285,31,285,52,262,52,盖
﻿262,52,285,52,285,72,262,72,其
﻿262,72,285,72,285,93,262,93,容
﻿262,93,285,93,285,114,262,114,貌
﻿262,114,285,114,285,134,262,134,言
﻿262,134,285,134,285,155,262,155,語
﻿262,155,285,155,285,176,262,176,皆
﻿262,176,285,176,285,196,262,196,似
﻿262,196,285,196,285,217,262,217,真
﻿262,217,285,217,285,237,262,237,定
﻿262,237,285,237,285,258,262,258,人
﻿262,258,285,258,285,279,262,279,英
﻿262,279,285,279,285,299,262,299,宗
﻿262,299,285,299,285,320,262,320,欲
﻿262,320,285,320,285,341,262,341,尊
﻿262,341,285,341,285,361,262,361,宣
﻿262,361,285,361,285,382,262,382,慈
﻿262,382,285,382,285,403,262,403,皇
﻿234,11,257,11,257,31,234,31,太
﻿234,31,257,31,257,51,234,51,后
﻿234,51,257,51,257,72,234,72,為
﻿234,72,257,72,257,92,234,92,太
﻿234,92,257,92,257,113,234,113,皇
﻿234,113,257,113,257,133,234,133,太
﻿234,133,257,133,257,154,234,154,后
﻿234,154,257,154,257,174,234,174,未
﻿234,174,257,174,257,195,234,195,知
﻿234,195,257,195,257,215,234,215,所
﻿234,215,257,215,257,236,234,236,以
﻿234,236,257,236,257,256,234,256,家
﻿234,256,257,256,257,277,234,277,尊
﻿234,277,257,277,257,297,234,297,欽
﻿234,297,257,297,257,318,234,318,慈
﻿234,318,257,318,257,338,234,338,皇
﻿234,338,257,338,257,359,234,359,太
﻿234,359,257,359,257,379,234,379,后
﻿234,379,257,379,257,400,234,400,以
﻿201,10,226,10,226,30,201,30,問
﻿201,30,226,30,226,51,201,51,即
﻿201,51,226,51,226,72,201,72,以
﻿201,72,226,72,226,92,201,92,太
﻿201,92,226,92,226,113,201,113,皇
﻿201,113,226,113,226,134,201,134,太
﻿201,134,226,134,226,155,201,155,后
﻿201,155,226,155,226,175,201,175,封
﻿201,175,226,175,226,196,201,196,英
﻿201,196,226,196,226,217,201,217,宗
﻿201,217,226,217,226,238,201,238,有
﻿201,238,226,238,226,258,201,258,武
﻿201,258,226,258,226,279,201,279,帽
﻿201,279,226,279,226,300,201,300,二
﻿201,300,226,300,226,321,201,321,乃
﻿201,321,226,321,226,341,201,341,廵
﻿201,341,226,341,226,362,201,362,師
﻿201,362,226,362,226,383,201,383,及
﻿201,383,226,383,226,404,201,404,講
﻿169,10,193,10,193,30,169,30,武
﻿169,30,193,30,193,51,169,51,所
﻿169,51,193,51,193,71,169,71,御
﻿169,71,193,71,193,92,169,92,也
﻿169,92,193,92,193,113,169,113,而
﻿169,113,193,113,193,133,169,133,名
﻿169,133,193,133,193,154,169,154,號
﻿169,154,193,154,193,175,169,175,未
﻿169,175,193,175,193,195,169,195,稱
﻿169,195,193,195,193,216,169,216,方
﻿169,216,193,216,193,236,169,236,征
﻿169,236,193,236,193,257,169,257,占
﻿169,257,193,257,193,278,169,278,城
﻿169,278,193,278,193,298,169,298,将
﻿169,298,193,298,193,319,169,319,御
﻿169,319,193,319,193,340,169,340,以
﻿169,340,193,340,193,360,169,360,行
﻿169,360,193,360,193,381,169,381,使
﻿169,381,193,381,193,402,169,402,日
﻿139,9,163,9,163,29,139,29,燏
﻿139,29,163,29,163,49,139,49,命
﻿139,49,163,49,163,70,139,70,名
﻿139,70,163,70,163,90,139,90,即
﻿139,90,163,90,163,111,139,111,名
﻿139,111,163,111,163,131,139,131,其
﻿139,131,163,131,163,152,139,152,一
﻿139,152,163,152,163,172,139,172,曰
﻿139,172,163,172,163,193,139,193,武
﻿139,193,163,193,163,213,139,213,威
﻿139,213,163,213,163,234,139,234,一
﻿139,234,163,234,163,254,139,254,曰
﻿139,254,163,254,163,275,139,275,武
﻿139,275,163,275,163,295,139,295,德
﻿139,295,163,295,163,316,139,316,至
﻿139,316,163,316,163,336,139,336,於
﻿139,336,163,336,163,357,139,357,東
﻿139,357,163,357,163,377,139,377,宫
﻿139,377,163,377,163,398,139,398,一
﻿107,10,129,10,129,30,107,30,撮
﻿107,30,129,30,129,50,107,50,齋
﻿107,50,129,50,129,70,107,70,資
﻿107,70,129,70,129,91,107,91,善
﻿107,91,129,91,129,111,107,111,堂
﻿107,111,129,111,129,131,107,131,之
﻿107,131,129,131,129,152,107,152,名
﻿119,155,135,155,135,175,119,175,皇
﻿119,175,135,175,135,196,119,196,太
﻿119,196,135,196,135,217,119,217,子
﻿119,217,135,217,135,238,119,238,學
﻿119,238,135,238,135,259,119,259,曰
﻿119,259,135,259,135,280,119,280,資
﻿119,280,135,280,135,301,119,301,善
﻿119,301,135,301,135,322,119,322,堂
﻿105,156,118,156,118,176,105,176,?
﻿105,176,118,176,118,197,105,197,宫
﻿105,197,118,197,118,218,105,218,太
﻿105,218,118,218,118,239,105,239,子
﻿105,239,118,239,118,260,105,260,學
﻿105,260,118,260,118,281,105,281,曰
﻿105,281,118,281,118,302,105,302,撮
﻿105,302,118,302,118,323,105,323,齋
﻿109,325,130,325,130,341,109,341,亦
﻿109,341,130,341,130,357,109,357,皆
﻿109,357,130,357,130,373,109,373,所
﻿109,373,130,373,130,389,109,389,命
﻿109,389,130,389,130,405,109,405,?
﻿74,11,103,11,103,31,74,31,音
﻿74,31,103,31,103,52,74,52,樂
﻿74,52,103,52,103,72,74,72,節
﻿74,72,103,72,103,93,74,93,奏
﻿74,93,103,93,103,113,74,113,𰙔
﻿74,113,103,113,103,134,74,134,舞
﻿74,134,103,134,103,154,74,154,曲
﻿74,154,103,154,103,175,74,175,調
﻿74,175,103,175,103,195,74,195,亦
﻿74,195,103,195,103,216,74,216,皆
﻿74,216,103,216,103,236,74,236,日
﻿74,236,103,236,103,257,74,257,燏
﻿74,257,103,257,103,277,74,277,所
﻿74,277,103,277,103,298,74,298,作
﻿74,298,103,298,103,318,74,318,紹
﻿74,318,103,318,103,339,74,339,保
﻿74,339,103,339,103,359,74,359,末
﻿74,359,103,359,103,380,74,380,守
﻿74,380,103,380,103,401,74,401,宣
﻿45,12,73,12,73,32,45,32,光
﻿45,32,73,32,73,52,45,52,收
﻿45,52,73,52,73,73,45,73,物
﻿45,73,73,73,73,93,45,93,寨
﻿45,93,73,93,73,114,45,114,胡
﻿45,114,73,114,73,134,45,134,虜
﻿45,134,73,134,73,155,45,155,𥘉
﻿45,155,73,155,73,175,45,175,臨
﻿45,175,73,175,73,196,45,196,境
﻿45,196,73,196,73,216,45,216,昭
﻿45,216,73,216,73,237,45,237,國
﻿45,237,73,237,73,257,45,257,奏
﻿45,257,73,257,73,278,45,278,昭
﻿45,278,73,278,73,298,45,298,文
﻿45,298,73,298,73,319,45,319,在
﻿45,319,73,319,73,339,45,339,宣
﻿45,339,73,339,73,360,45,360,?
﻿45,360,73,360,73,380,45,380,?
﻿45,380,73,380,73,401,45,401,在
﻿12,10,35,10,35,30,12,30,上
﻿12,30,35,30,35,50,12,50,呼
﻿12,50,35,50,35,71,12,71,胡
﻿12,71,35,71,35,91,12,91,虜
﻿12,91,35,91,35,112,12,112,矣
﻿25,117,41,117,41,137,25,137,日
﻿25,137,41,137,41,157,25,157,燏
﻿25,157,41,157,41,177,25,177,喜
﻿25,177,41,177,41,197,25,197,宋
﻿25,197,41,197,41,217,25,217,人
﻿25,217,41,217,41,237,25,237,遊
﻿11,115,24,115,24,135,11,135,故
﻿11,135,24,135,24,155,11,155,昭
﻿11,155,24,155,24,176,11,176,國
﻿11,176,24,176,24,196,11,196,云
﻿11,196,24,196,24,217,11,217,然
﻿14,239,40,239,40,259,14,259,宣
﻿14,259,40,259,40,280,14,280,光
﻿14,280,40,280,40,300,14,300,失
﻿14,300,40,300,40,321,14,321,守
﻿14,321,40,321,40,341,14,341,?
﻿14,341,40,341,40,362,14,362,?
﻿14,362,40,362,40,382,14,382,?
﻿14,382,40,382,40,403,14,403,流
