257,26,281,26,281,47,257,47,黎
﻿257,47,281,47,281,68,257,68,仁
﻿257,68,281,68,281,90,257,90,孝
﻿257,90,281,90,281,111,257,111,等
﻿257,111,281,111,281,132,257,132,由
﻿257,132,281,132,281,154,257,154,清
﻿257,154,281,154,281,175,257,175,都
﻿257,175,281,175,281,196,257,196,府
﻿257,196,281,196,281,218,257,218,所
﻿257,218,281,218,281,239,257,239,?
﻿257,239,281,239,281,260,257,260,投
﻿257,260,281,260,281,282,257,282,隙
﻿257,282,281,282,281,303,257,303,攻
﻿257,303,281,303,281,324,257,324,瑕
﻿257,324,281,324,281,346,257,346,要
﻿257,346,281,346,281,367,257,367,一
﻿257,367,281,367,281,388,257,388,皷
﻿257,388,281,388,281,410,257,410,儿
﻿227,29,253,29,253,50,227,50,破
﻿227,50,253,50,253,71,227,71,齊
﻿227,71,253,71,253,92,227,92,必
﻿227,92,253,92,253,113,227,113,多
﻿227,113,253,113,253,135,227,135,謀
﻿227,135,253,135,253,156,227,156,而
﻿227,156,253,156,253,177,227,177,誤
﻿227,177,253,177,253,198,227,198,楚
﻿227,198,253,198,253,220,227,220,彼
﻿227,220,253,220,253,241,227,241,如
﻿227,241,253,241,253,262,227,262,蜂
﻿227,262,253,262,253,283,227,283,屯
﻿227,283,253,283,253,304,227,304,蟻
﻿227,304,253,304,253,326,227,326,聚
﻿227,326,253,326,253,347,227,347,守
﻿227,347,253,347,253,368,227,368,則
﻿227,368,253,368,253,389,227,389,左
﻿227,389,253,389,253,411,227,411,實
﻿195,30,221,30,221,51,195,51,右
﻿195,51,221,51,221,72,195,72,虚
﻿195,72,221,72,221,93,195,93,彼
﻿195,93,221,93,221,114,195,114,若
﻿195,114,221,114,221,135,195,135,鹿
﻿195,135,221,135,221,156,195,156,散
﻿195,156,221,156,221,177,195,177,鵲
﻿195,177,221,177,221,198,195,198,驚
﻿195,198,221,198,221,219,195,219,攻
﻿195,219,221,219,221,240,195,240,則
﻿195,240,221,240,221,261,195,261,世
﻿195,261,221,261,221,282,195,282,分
﻿195,282,221,282,221,303,195,303,力
﻿195,303,221,303,221,324,195,324,弱
﻿195,324,221,324,221,345,195,345,揆
﻿195,345,221,345,221,366,195,366,我
﻿195,366,221,366,221,387,195,387,謀
﻿195,387,221,387,221,408,195,408,之
﻿165,27,191,27,191,48,165,48,先
﻿165,48,191,48,191,69,165,69,定
﻿165,69,191,69,191,90,165,90,知
﻿165,90,191,90,191,111,165,111,彼
﻿165,111,191,111,191,132,165,132,賊
﻿165,132,191,132,191,154,165,154,之
﻿165,154,191,154,191,175,165,175,成
﻿165,175,191,175,191,196,165,196,擒
﻿165,196,191,196,191,217,165,217,今
﻿165,217,191,217,191,238,165,238,朕
﻿165,238,191,238,191,259,165,259,躬
﻿165,259,191,259,191,281,165,281,秉
﻿165,281,191,281,191,302,165,302,白
﻿165,302,191,302,191,323,165,323,旄
﻿165,323,191,323,191,344,165,344,手
﻿165,344,191,344,191,365,165,365,持
﻿165,365,191,365,191,386,165,386,黄
﻿165,386,191,386,191,408,165,408,銊
﻿137,26,158,26,158,47,137,47,遏
﻿137,47,158,47,158,68,137,68,彼
﻿137,68,158,68,158,89,137,89,蠻
﻿137,89,158,89,158,110,137,110,方
﻿137,110,158,110,158,131,137,131,覊
﻿137,131,158,131,158,152,137,152,前
﻿137,152,158,152,158,173,137,173,代
﻿137,173,158,173,158,194,137,194,不
﻿137,194,158,194,158,216,137,216,覊
﻿137,216,158,216,158,237,137,237,之
﻿137,237,158,237,158,258,137,258,㓂
﻿137,258,158,258,158,279,137,279,纘
﻿137,279,158,279,158,300,137,300,于
﻿137,300,158,300,158,321,137,321,祖
﻿137,321,158,321,158,342,137,342,考
﻿137,342,158,342,158,363,137,363,集
﻿137,363,158,363,158,384,137,384,先
﻿137,384,158,384,158,406,137,406,王
﻿105,26,128,26,128,47,105,47,未
﻿105,47,128,47,128,68,105,68,集
﻿105,68,128,68,128,89,105,89,之
﻿105,89,128,89,128,110,105,110,勳
﻿105,110,128,110,128,131,105,131,用
﻿105,131,128,131,128,152,105,152,恢
﻿105,152,128,152,128,173,105,173,萬
﻿105,173,128,173,128,194,105,194,世
﻿105,194,128,194,128,216,105,216,之
﻿105,216,128,216,128,237,105,237,永
﻿105,237,128,237,128,258,105,258,圖
﻿105,258,128,258,128,279,105,279,盡
﻿105,279,128,279,128,300,105,300,雪
﻿105,300,128,300,128,321,105,321,百
﻿105,321,128,321,128,342,105,342,王
﻿105,342,128,342,128,363,105,363,之
﻿105,363,128,363,128,384,105,384,大
﻿105,384,128,384,128,406,105,406,耻
﻿76,25,98,25,98,46,76,46,上
﻿76,46,98,46,98,67,76,67,際
﻿76,67,98,67,98,88,76,88,天
﻿76,88,98,88,98,110,76,110,下
﻿76,110,98,110,98,131,76,131,蟠
﻿76,131,98,131,98,152,76,152,地
﻿76,152,98,152,98,173,76,173,光
﻿76,173,98,173,98,195,76,195,昭
﻿76,195,98,195,98,216,76,216,武
﻿76,216,98,216,98,237,76,237,烈
﻿76,237,98,237,98,259,76,259,皇
﻿76,259,98,259,98,280,76,280,皇
﻿76,280,98,280,98,301,76,301,西
﻿76,301,98,301,98,322,76,322,漸
﻿76,322,98,322,98,344,76,344,海
﻿76,344,98,344,98,365,76,365,南
﻿76,365,98,365,98,386,76,386,被
﻿76,386,98,386,98,408,76,408,河
﻿46,25,68,25,68,46,46,46,丕
﻿46,46,68,46,68,67,46,67,闡
﻿46,67,68,67,68,88,46,88,󰲛
﻿46,88,68,88,68,109,46,109,圖
﻿46,109,68,109,68,130,46,130,蕩
﻿46,130,68,130,68,151,46,151,蕩
﻿46,151,68,151,68,173,46,173,布
﻿46,173,68,173,68,194,46,194,告
﻿46,194,68,194,68,215,46,215,天
﻿46,215,68,215,68,236,46,236,下
﻿46,236,68,236,68,257,46,257,咸
﻿46,257,68,257,68,278,46,278,使
﻿46,278,68,278,68,299,46,299,聞
﻿46,299,68,299,68,321,46,321,知
﻿12,28,36,28,36,50,12,50,八
﻿12,50,36,50,36,72,12,72,月
﻿12,72,36,72,36,94,12,94,二
﻿12,94,36,94,36,117,12,117,十
﻿12,117,36,117,36,139,12,139,三
﻿12,139,36,139,36,161,12,161,日
﻿12,161,36,161,36,184,12,184,命
﻿12,184,36,184,36,206,12,206,将
﻿12,206,36,206,36,228,12,228,臣
﻿12,228,36,228,36,250,12,250,将
﻿12,250,36,250,36,273,12,273,兵
﻿12,273,36,273,36,295,12,295,十
﻿12,295,36,295,36,317,12,317,八
﻿12,317,36,317,36,340,12,340,萬
﻿12,340,36,340,36,362,12,362,分
﻿12,362,36,362,36,384,12,384,五
﻿12,384,36,384,36,407,12,407,道
