258,43,285,43,285,63,258,63,固
﻿258,63,285,63,285,84,258,84,矣
﻿258,84,285,84,285,104,258,104,王
﻿258,104,285,104,285,125,258,125,將
﻿258,125,285,125,285,146,258,146,金
﻿258,146,285,146,285,166,258,166,龜
﻿258,166,285,166,285,187,258,187,就
﻿258,187,285,187,285,208,258,208,舘
﻿258,208,285,208,285,228,258,228,假
﻿258,228,285,228,285,249,258,249,爲
﻿258,249,285,249,285,269,258,269,宿
﻿258,269,285,269,285,290,258,290,泊
﻿258,290,285,290,285,311,258,311,人
﻿258,311,285,311,285,331,258,331,舘
﻿258,331,285,331,285,352,258,352,主
﻿258,352,285,352,285,373,258,373,翁
﻿258,373,285,373,285,393,258,393,曰
﻿258,393,285,393,285,414,258,414,郎
﻿258,414,285,414,285,435,258,435,君
﻿231,43,256,43,256,63,231,63,即
﻿231,63,256,63,256,84,231,84,貴
﻿231,84,256,84,256,105,231,105,人
﻿231,105,256,105,256,125,231,125,也
﻿231,125,256,125,256,146,231,146,願
﻿231,146,256,146,256,167,231,167,速
﻿231,167,256,167,256,187,231,187,行
﻿231,187,256,187,256,208,231,208,勿
﻿231,208,256,208,256,229,231,229,留
﻿231,229,256,229,256,249,231,249,取
﻿231,249,256,249,256,270,231,270,禍
﻿231,270,256,270,256,291,231,291,王
﻿231,291,256,291,256,311,231,311,笑
﻿231,311,256,311,256,332,231,332,曰
﻿231,332,256,332,256,353,231,353,死
﻿231,353,256,353,256,373,231,373,生
﻿231,373,256,373,256,394,231,394,有
﻿231,394,256,394,256,415,231,415,命
﻿231,415,256,415,256,436,231,436,鬼
﻿199,41,226,41,226,61,199,61,魅
﻿199,61,226,61,226,82,199,82,何
﻿199,82,226,82,226,102,199,102,能
﻿199,102,226,102,226,123,199,123,爲
﻿199,123,226,123,226,144,199,144,乃
﻿199,144,226,144,226,164,199,164,留
﻿199,164,226,164,226,185,199,185,宿
﻿199,185,226,185,226,206,199,206,焉
﻿199,206,226,206,226,226,199,226,夜
﻿199,226,226,226,226,247,199,247,聞
﻿199,247,226,247,226,267,199,267,鬼
﻿199,267,226,267,226,288,199,288,精
﻿199,288,226,288,226,309,199,309,從
﻿199,309,226,309,226,329,199,329,外
﻿199,329,226,329,226,350,199,350,來
﻿199,350,226,350,226,371,199,371,呼
﻿199,371,226,371,226,391,199,391,開
﻿199,391,226,391,226,412,199,412,門
﻿199,412,226,412,226,433,199,433,金
﻿168,40,196,40,196,60,168,60,歸
﻿168,60,196,60,196,81,168,81,叱
﻿168,81,196,81,196,102,168,102,之
﻿168,102,196,102,196,123,168,123,鬼
﻿168,123,196,123,196,144,168,144,不
﻿168,144,196,144,196,165,168,165,能
﻿168,165,196,165,196,185,168,185,入
﻿168,185,196,185,196,206,168,206,鷄
﻿168,206,196,206,196,227,168,227,鳴
﻿168,227,196,227,196,248,168,248,時
﻿168,248,196,248,196,269,168,269,󰕛
﻿168,269,196,269,196,290,168,290,鬼
﻿168,290,196,290,196,310,168,310,走
﻿168,310,196,310,196,331,168,331,散
﻿168,331,196,331,196,352,168,352,金
﻿168,352,196,352,196,373,168,373,龜
﻿168,373,196,373,196,394,168,394,請
﻿168,394,196,394,196,415,168,415,王
﻿168,415,196,415,196,436,168,436,追
﻿139,40,164,40,164,60,139,60,躡
﻿139,60,164,60,164,81,139,81,之
﻿139,81,164,81,164,102,139,102,至
﻿139,102,164,102,164,122,139,122,七
﻿139,122,164,122,164,143,139,143,耀
﻿139,143,164,143,164,164,139,164,山
﻿139,164,164,164,164,184,139,184,精
﻿139,184,164,184,164,205,139,205,氣
﻿139,205,164,205,164,226,139,226,收
﻿139,226,164,226,164,246,139,246,藏
﻿139,246,164,246,164,267,139,267,殆
﻿139,267,164,267,164,288,139,288,盡
﻿139,288,164,288,164,308,139,308,王
﻿139,308,164,308,164,329,139,329,還
﻿139,329,164,329,164,350,139,350,舘
﻿139,350,164,350,164,370,139,370,明
﻿139,370,164,370,164,391,139,391,且
﻿139,391,164,391,164,412,139,412,舘
﻿139,412,164,412,164,433,139,433,主
﻿109,40,133,40,133,60,109,60,翁
﻿109,60,133,60,133,81,109,81,以
﻿109,81,133,81,133,102,109,102,爲
﻿109,102,133,102,133,122,109,122,王
﻿109,122,133,122,133,143,109,143,必
﻿109,143,133,143,133,164,109,164,死
﻿109,164,133,164,133,184,109,184,呼
﻿109,184,133,184,133,205,109,205,人
﻿109,205,133,205,133,226,109,226,就
﻿109,226,133,226,133,246,109,246,舘
﻿109,246,133,246,133,267,109,267,欲
﻿109,267,133,267,133,288,109,288,行
﻿109,288,133,288,133,308,109,308,收
﻿109,308,133,308,133,329,109,329,葬
﻿109,329,133,329,133,350,109,350,見
﻿109,350,133,350,133,370,109,370,王
﻿109,370,133,370,133,391,109,391,欣
﻿109,391,133,391,133,412,109,412,笑
﻿109,412,133,412,133,433,109,433,語
﻿79,38,103,38,103,58,79,58,趍
﻿79,58,103,58,103,79,79,79,拜
﻿79,79,103,79,103,100,79,100,曰
﻿79,100,103,100,103,121,79,121,郎
﻿79,121,103,121,103,141,79,141,君
﻿79,141,103,141,103,162,79,162,安
﻿79,162,103,162,103,183,79,183,得
﻿79,183,103,183,103,204,79,204,若
﻿79,204,103,204,103,225,79,225,此
﻿79,225,103,225,103,245,79,245,必
﻿79,245,103,245,103,266,79,266,聖
﻿79,266,103,266,103,287,79,287,人
﻿79,287,103,287,103,308,79,308,也
﻿79,308,103,308,103,329,79,329,王
﻿79,329,103,329,103,349,79,349,乞
﻿79,349,103,349,103,370,79,370,取
﻿79,370,103,370,103,391,79,391,白
﻿79,391,103,391,103,412,79,412,鷄
﻿79,412,103,412,103,433,79,433,殺
﻿49,40,72,40,72,60,49,60,而
﻿49,60,72,60,72,81,49,81,祭
﻿49,81,72,81,72,102,49,102,之
﻿49,102,72,102,72,122,49,122,鷄
﻿49,122,72,122,72,143,49,143,殺
﻿49,143,72,143,72,164,49,164,女
﻿49,164,72,164,72,185,49,185,亦
﻿49,185,72,185,72,205,49,205,子
﻿49,205,72,205,72,226,49,226,即
﻿49,226,72,226,72,247,49,247,令
﻿49,247,72,247,72,268,49,268,人
﻿49,268,72,268,72,288,49,288,掘
﻿49,288,72,288,72,309,49,309,山
﻿49,309,72,309,72,330,49,330,得
﻿49,330,72,330,72,351,49,351,古
﻿49,351,72,351,72,371,49,371,樂
﻿49,371,72,371,72,392,49,392,噐
﻿49,392,72,392,72,413,49,413,及
﻿49,413,72,413,72,434,49,434,其
﻿18,39,42,39,42,59,18,59,骸
﻿18,59,42,59,42,80,18,80,骨
﻿18,80,42,80,42,101,18,101,燒
﻿18,101,42,101,42,121,18,121,碎
﻿18,121,42,121,42,142,18,142,爲
﻿18,142,42,142,42,163,18,163,灰
﻿18,163,42,163,42,184,18,184,散
﻿18,184,42,184,42,204,18,204,之
﻿18,204,42,204,42,225,18,225,江
﻿18,225,42,225,42,246,18,246,河
﻿18,246,42,246,42,267,18,267,妖
﻿18,267,42,267,42,287,18,287,氣
﻿18,287,42,287,42,308,18,308,遂
﻿18,308,42,308,42,329,18,329,絶
﻿18,329,42,329,42,350,18,350,自
﻿18,350,42,350,42,370,18,370,此
﻿18,370,42,370,42,391,18,391,築
﻿18,391,42,391,42,412,18,412,城
﻿18,412,42,412,42,433,18,433,不
