252,60,276,60,276,80,252,80,或
﻿252,80,276,80,276,101,252,101,嫡
﻿252,101,276,101,276,122,252,122,長
﻿252,122,276,122,276,143,252,143,過
﻿252,143,276,143,276,163,252,163,惡
﻿252,163,276,163,276,184,252,184,廢
﻿252,184,276,184,276,205,252,205,之
﻿252,205,276,205,276,226,252,226,然
﻿252,226,276,226,276,247,252,247,後
﻿252,247,276,247,276,267,252,267,立
﻿252,267,276,267,276,288,252,288,次
﻿252,288,276,288,276,309,252,309,此
﻿252,309,276,309,276,330,252,330,處
﻿252,330,276,330,276,350,252,350,變
﻿252,350,276,350,276,371,252,371,而
﻿252,371,276,371,276,392,252,392,得
﻿252,392,276,392,276,413,252,413,其
﻿252,413,276,413,276,434,252,434,宜
﻿222,59,247,59,247,79,222,79,也
﻿222,79,247,79,247,100,222,100,古
﻿222,100,247,100,247,121,222,121,人
﻿222,121,247,121,247,142,222,142,皆
﻿222,142,247,142,247,163,222,163,已
﻿222,163,247,163,247,184,222,184,行
﻿222,184,247,184,247,205,222,205,之
﻿222,205,247,205,247,226,222,226,矣
﻿222,226,247,226,247,247,222,247,南
﻿222,247,247,247,247,268,222,268,越
﻿222,268,247,268,247,289,222,289,王
﻿222,289,247,289,247,310,222,310,璉
﻿222,310,247,310,247,331,222,331,長
﻿222,331,247,331,247,352,222,352,且
﻿222,352,247,352,247,373,222,373,有
﻿222,373,247,373,247,394,222,394,功
﻿222,394,247,394,247,415,222,415,未
﻿222,415,247,415,247,436,222,436,聞
﻿190,58,216,58,216,79,190,79,過
﻿190,79,216,79,216,100,190,100,矣
﻿190,100,216,100,216,121,190,121,先
﻿190,121,216,121,216,142,190,142,皇
﻿190,142,216,142,216,163,190,163,乃
﻿190,163,216,163,216,184,190,184,愛
﻿190,184,216,184,216,205,190,205,少
﻿190,205,216,205,216,226,190,226,子
﻿190,226,216,226,216,247,190,247,而
﻿190,247,216,247,216,268,190,268,忘
﻿190,268,216,268,216,289,190,289,其
﻿190,289,216,289,216,310,190,310,嫡
﻿190,310,216,310,216,331,190,331,謂
﻿190,331,216,331,216,352,190,352,足
﻿190,352,216,352,216,373,190,373,以
﻿190,373,216,373,216,394,190,394,伸
﻿190,394,216,394,216,415,190,415,鍾
﻿190,415,216,415,216,436,190,436,愛
﻿162,60,186,60,186,80,162,80,之
﻿162,80,186,80,186,101,162,101,情
﻿162,101,186,101,186,122,162,122,不
﻿162,122,186,122,186,143,162,143,知
﻿162,143,186,143,186,164,162,164,適
﻿162,164,186,164,186,185,162,185,以
﻿162,185,186,185,186,205,162,205,害
﻿162,205,186,205,186,226,162,226,之
﻿162,226,186,226,186,247,162,247,也
﻿162,247,186,247,186,268,162,268,而
﻿162,268,186,268,186,289,162,289,璉
﻿162,289,186,289,186,310,162,310,之
﻿162,310,186,310,186,330,162,330,忍
﻿162,330,186,330,186,351,162,351,心
﻿162,351,186,351,186,372,162,372,至
﻿162,372,186,372,186,393,162,393,殺
﻿162,393,186,393,186,414,162,414,其
﻿162,414,186,414,186,435,162,435,弟
﻿133,59,156,59,156,79,133,79,天
﻿133,79,156,79,156,100,133,100,倫
﻿133,100,156,100,156,121,133,121,滅
﻿133,121,156,121,156,142,133,142,矣
﻿133,142,156,142,156,163,133,163,其
﻿133,163,156,163,156,184,133,184,禍
﻿133,184,156,184,156,204,133,204,至
﻿133,204,156,204,156,225,133,225,於
﻿133,225,156,225,156,246,133,246,殞
﻿133,246,156,246,156,267,133,267,身
﻿133,267,156,267,156,288,133,288,以
﻿133,288,156,288,156,309,133,309,及
﻿133,309,156,309,156,329,133,329,其
﻿133,329,156,329,156,350,133,350,父
﻿133,350,156,350,156,371,133,371,𡸈
﻿133,371,156,371,156,392,133,392,不
﻿133,392,156,392,156,413,133,413,烈
﻿133,413,156,413,156,434,133,434,矣
﻿102,57,125,57,125,78,102,78,哉
﻿102,78,125,78,125,99,102,99,不
﻿102,99,125,99,125,120,102,120,然
﻿102,120,125,120,125,141,102,141,杜
﻿102,141,125,141,125,162,102,162,釋
﻿102,162,125,162,125,183,102,183,大
﻿102,183,125,183,125,204,102,204,恶
﻿102,204,125,204,125,226,102,226,何
﻿102,226,125,226,125,247,102,247,由
﻿102,247,125,247,125,268,102,268,而
﻿102,268,125,268,125,289,102,289,萌
﻿102,289,125,289,125,310,102,310,以
﻿102,310,125,310,125,331,102,331,符
﻿102,331,125,331,125,352,102,352,讖
﻿102,352,125,352,125,373,102,373,語
﻿102,373,125,373,125,395,102,395,也
﻿72,38,98,38,98,60,72,60,冬
﻿72,60,98,60,98,82,72,82,十
﻿72,82,98,82,98,104,72,104,月
﻿72,104,98,104,98,126,72,126,秪
﻿72,126,98,126,98,148,72,148,候
﻿72,148,98,148,98,170,72,170,内
﻿72,170,98,170,98,192,72,192,人
﻿72,192,98,192,98,214,72,214,杜
﻿72,214,98,214,98,236,72,236,釋
﻿72,236,98,236,98,258,72,258,弑
﻿72,258,98,258,98,280,72,280,帝
﻿72,280,98,280,98,302,72,302,于
﻿72,302,98,302,98,324,72,324,宫
﻿72,324,98,324,98,346,72,346,庭
﻿72,346,98,346,98,368,72,368,定
﻿72,368,98,368,98,390,72,390,國
﻿72,390,98,390,98,412,72,412,公
﻿72,412,98,412,98,434,72,434,阮
﻿44,37,66,37,66,57,44,57,匐
﻿44,57,66,57,66,78,44,78,等
﻿44,78,66,78,66,99,44,99,誅
﻿44,99,66,99,66,119,44,119,之
﻿44,119,66,119,66,140,44,140,先
﻿44,140,66,140,66,161,44,161,是
﻿44,161,66,161,66,181,44,181,釋
﻿44,181,66,181,66,202,44,202,爲
﻿44,202,66,202,66,223,44,223,桐
﻿44,223,66,223,66,243,44,243,䦕
﻿44,243,66,243,66,264,44,264,吏
﻿44,264,66,264,66,285,44,285,夜
﻿44,285,66,285,66,305,44,305,卧
﻿44,305,66,305,66,326,44,326,橋
﻿44,326,66,326,66,347,44,347,上
﻿44,347,66,347,66,367,44,367,忽
﻿44,367,66,367,66,388,44,388,流
﻿44,388,66,388,66,409,44,409,星
﻿44,409,66,409,66,430,44,430,入
﻿15,38,39,38,39,58,15,58,口
﻿15,58,39,58,39,79,15,79,釋
﻿15,79,39,79,39,100,15,100,以
﻿15,100,39,100,39,121,15,121,爲
﻿15,121,39,121,39,142,15,142,休
﻿15,142,39,142,39,163,15,163,徵
﻿15,163,39,163,39,183,15,183,遂
﻿15,183,39,183,39,204,15,204,萌
﻿15,204,39,204,39,225,15,225,弑
﻿15,225,39,225,39,246,15,246,心
﻿15,246,39,246,39,267,15,267,至
﻿15,267,39,267,39,288,15,288,是
﻿15,288,39,288,39,308,15,308,乘
﻿15,308,39,308,39,329,15,329,帝
﻿15,329,39,329,39,350,15,350,夜
﻿15,350,39,350,39,371,15,371,宴
﻿15,371,39,371,39,392,15,392,醉
﻿15,392,39,392,39,413,15,413,卧
﻿15,413,39,413,39,434,15,434,庭
