229,15,255,15,255,35,229,35,旨
﻿229,35,255,35,255,56,229,56,各
﻿229,56,255,56,255,76,229,76,處
﻿229,76,255,76,255,97,229,97,承
﻿229,97,255,97,255,117,229,117,宣
﻿229,117,255,117,255,138,229,138,承
﻿229,138,255,138,255,158,229,158,司
﻿229,158,255,158,255,179,229,179,使
﻿229,179,255,179,255,200,229,200,司
﻿229,200,255,200,255,220,229,220,府
﻿229,220,255,220,255,241,229,241,縣
﻿229,241,255,241,255,261,229,261,等
﻿229,261,255,261,255,282,229,282,官
﻿229,282,255,282,255,302,229,302,培
﻿229,302,255,302,255,323,229,323,築
﻿229,323,255,323,255,343,229,343,堤
﻿229,343,255,343,255,364,229,364,路
﻿229,364,255,364,255,385,229,385,九
﻿200,16,226,16,226,35,200,35,月
﻿200,35,226,35,226,54,200,54,勑
﻿200,54,226,54,226,74,200,74,旨
﻿200,74,226,74,226,93,200,93,申
﻿200,93,226,93,226,113,200,113,戒
﻿200,113,226,113,226,132,200,132,五
﻿200,132,226,132,226,152,200,152,府
﻿200,152,226,152,226,171,200,171,都
﻿200,171,226,171,226,191,200,191,督
﻿200,191,226,191,226,210,200,210,六
﻿200,210,226,210,226,230,200,230,部
﻿200,230,226,230,226,249,200,249,尚
﻿200,249,226,249,226,269,200,269,書
﻿200,269,226,269,226,288,200,288,等
﻿200,288,226,288,226,308,200,308,官
﻿200,308,226,308,226,327,200,327,朝
﻿200,327,226,327,226,347,200,347,退
﻿200,347,226,347,226,366,200,366,各
﻿200,366,226,366,226,386,200,386,就
﻿171,16,196,16,196,35,171,35,本
﻿171,35,196,35,196,55,171,55,衙
﻿171,55,196,55,196,74,171,74,門
﻿171,74,196,74,196,94,171,94,視
﻿171,94,196,94,196,113,171,113,理
﻿171,113,196,113,196,133,171,133,一
﻿171,133,196,133,196,152,171,152,切
﻿171,152,196,152,196,172,171,172,公
﻿171,172,196,172,196,191,171,191,務
﻿171,191,196,191,196,211,171,211,該
﻿171,211,196,211,196,230,171,230,属
﻿171,230,196,230,196,250,171,250,下
﻿171,250,196,250,196,269,171,269,僚
﻿171,269,196,269,196,289,171,289,齊
﻿171,289,196,289,196,308,171,308,來
﻿171,308,196,308,196,328,171,328,承
﻿171,328,196,328,196,347,171,347,禀
﻿171,347,196,347,196,367,171,367,長
﻿171,367,196,367,196,387,171,387,官
﻿142,15,167,15,167,35,142,35,不
﻿142,35,167,35,167,56,142,56,得
﻿142,56,167,56,167,76,142,76,自
﻿142,76,167,76,167,97,142,97,囬
﻿142,97,167,97,167,118,142,118,若
﻿142,118,167,118,167,138,142,138,下
﻿142,138,167,138,167,159,142,159,僚
﻿142,159,167,159,167,179,142,179,緩
﻿142,179,167,179,167,200,142,200,欠
﻿142,200,167,200,167,221,142,221,長
﻿142,221,167,221,167,241,142,241,官
﻿142,241,167,241,167,262,142,262,打
﻿142,262,167,262,167,282,142,282,點
﻿142,282,167,282,167,303,142,303,舉
﻿142,303,167,303,167,324,142,324,奏
﻿142,324,167,324,167,344,142,344,勑
﻿142,344,167,344,167,365,142,365,旨
﻿142,365,167,365,167,386,142,386,太
﻿113,14,138,14,138,33,113,33,僕
﻿113,33,138,33,138,53,113,53,寺
﻿113,53,138,53,138,72,113,72,卿
﻿113,72,138,72,138,92,113,92,拷
﻿113,92,138,92,138,111,113,111,占
﻿113,111,138,111,138,131,113,131,蛮
﻿113,131,138,131,138,150,113,150,人
﻿113,150,138,150,138,170,113,170,等
﻿113,170,138,170,138,189,113,189,姓
﻿113,189,138,189,138,209,113,209,名
﻿113,209,138,209,138,228,113,228,如
﻿113,228,138,228,138,248,113,248,占
﻿113,248,138,248,138,267,113,267,人
﻿113,267,138,267,138,287,113,287,姓
﻿113,287,138,287,138,306,113,306,新
﻿113,306,138,306,138,326,113,326,原
﻿113,326,138,326,138,345,113,345,依
﻿113,345,138,345,138,365,113,365,制
﻿113,365,138,365,138,385,113,385,蛮
﻿85,14,110,14,110,33,85,33,人
﻿85,33,110,33,110,53,85,53,姓
﻿85,53,110,53,110,72,85,72,㱕
﻿85,72,110,72,110,92,85,92,保
﻿85,92,110,92,110,111,85,111,依
﻿85,111,110,111,110,131,85,131,一
﻿85,131,110,131,110,150,85,150,如
﻿85,150,110,150,110,170,85,170,重
﻿85,170,110,170,110,189,85,189,復
﻿85,189,110,189,110,209,85,209,名
﻿85,209,110,209,110,228,85,228,止
﻿85,228,110,228,110,248,85,248,著
﻿85,248,110,248,110,267,85,267,三
﻿85,267,110,267,110,287,85,287,字
﻿85,287,110,287,110,306,85,306,如
﻿85,306,110,306,110,326,85,326,蘇
﻿85,326,110,326,110,345,85,345,門
﻿85,345,110,345,110,365,85,365,蘇
﻿85,365,110,365,110,385,85,385,沙
﻿57,15,79,15,79,35,57,35,門
﻿57,35,79,35,79,55,57,55,如
﻿57,55,79,55,79,76,57,76,沙
﻿57,76,79,76,79,96,57,96,瓜
﻿57,96,79,96,79,116,57,116,沙
﻿57,116,79,116,79,137,57,137,哇
﻿57,137,79,137,79,157,57,157,瓜
﻿57,157,79,157,79,178,57,178,之
﻿57,178,79,178,79,198,57,198,類
﻿57,198,79,198,79,218,57,218,東
﻿57,218,79,218,79,239,57,239,十
﻿57,239,79,239,79,259,57,259,月
﻿57,259,79,259,79,280,57,280,定
﻿57,280,79,280,79,300,57,300,護
﻿57,300,79,300,79,320,57,320,衛
﻿57,320,79,320,79,341,57,341,朝
﻿57,341,79,341,79,361,57,361,儀
﻿57,361,79,361,79,382,57,382,凣
﻿25,12,50,12,50,31,25,31,將
﻿25,31,50,31,50,51,25,51,士
﻿25,51,50,51,50,70,25,70,每
﻿25,70,50,70,50,90,25,90,日
﻿25,90,50,90,50,109,25,109,進
﻿25,109,50,109,50,129,25,129,朝
﻿25,129,50,129,50,148,25,148,先
﻿25,148,50,148,50,168,25,168,於
﻿25,168,50,168,50,187,25,187,端
﻿25,187,50,187,50,207,25,207,門
﻿25,207,50,207,50,226,25,226,外
﻿25,226,50,226,50,246,25,246,東
﻿25,246,50,246,50,265,25,265,西
﻿25,265,50,265,50,285,25,285,序
﻿25,285,50,285,50,304,25,304,立
﻿25,304,50,304,50,324,25,324,朔
﻿25,324,50,324,50,343,25,343,望
﻿25,343,50,343,50,363,25,363,即
﻿25,363,50,363,50,383,25,383,於
﻿0,15,23,15,23,34,0,34,文
﻿0,34,23,34,23,53,0,53,廟
﻿0,53,23,53,23,73,0,73,崇
﻿0,73,23,73,23,92,0,92,武
﻿0,92,23,92,23,111,0,111,門
﻿0,111,23,111,23,131,0,131,外
﻿0,131,23,131,23,150,0,150,俟
﻿0,150,23,150,23,169,0,169,皷
﻿0,169,23,169,23,189,0,189,三
﻿0,189,23,189,23,208,0,208,嚴
﻿0,208,23,208,23,228,0,228,𭛁
﻿0,228,23,228,23,247,0,247,進
﻿0,247,23,247,23,266,0,266,入
﻿0,266,23,266,23,286,0,286,丹
﻿0,286,23,286,23,305,0,305,墀
﻿0,305,23,305,23,324,0,324,以
﻿0,324,23,324,23,344,0,344,字
﻿0,344,23,344,23,363,0,363,陳
﻿0,363,23,363,23,383,0,383,鎧
