263,13,287,13,287,33,263,33,陵
﻿263,33,287,33,287,54,263,54,寝
﻿263,54,287,54,287,75,263,75,帝
﻿263,75,287,75,287,95,263,95,歲
﻿263,95,287,95,287,116,263,116,時
﻿263,116,287,116,287,137,263,137,󰥭
﻿263,137,287,137,287,157,263,157,謁
﻿263,157,287,157,287,178,263,178,藻
﻿263,178,287,178,287,199,263,199,每
﻿263,199,287,199,287,219,263,219,避
﻿263,219,287,219,287,240,263,240,之
﻿263,240,287,240,287,261,263,261,其
﻿263,261,287,261,287,281,263,281,志
﻿263,281,287,281,287,302,263,302,惟
﻿263,302,287,302,287,323,263,323,在
﻿263,323,287,323,287,343,263,343,奉
﻿263,343,287,343,287,364,263,364,陵
﻿263,364,287,364,287,385,263,385,而
﻿263,385,287,385,287,406,263,406,已
﻿234,15,258,15,258,35,234,35,更
﻿234,35,258,35,258,56,234,56,無
﻿234,56,258,56,258,77,234,77,所
﻿234,77,258,77,258,97,234,97,求
﻿234,97,258,97,258,118,234,118,帝
﻿234,118,258,118,258,139,234,139,怜
﻿234,139,258,139,258,160,234,160,其
﻿234,160,258,160,258,180,234,180,貧
﻿234,180,258,180,258,201,234,201,賜
﻿234,201,258,201,258,222,234,222,田
﻿234,222,258,222,258,243,234,243,二
﻿234,243,258,243,258,263,234,263,十
﻿234,263,258,263,258,284,234,284,畆
﻿234,284,258,284,258,305,234,305,命
﻿234,305,258,305,258,326,234,326,陳
﻿234,326,258,326,258,346,234,346,世
﻿234,346,258,346,258,367,234,367,興
﻿234,367,258,367,258,388,234,388,賫
﻿234,388,258,388,258,409,234,409,帖
﻿203,13,229,13,229,33,203,33,與
﻿203,33,229,33,229,54,203,54,之
﻿203,54,229,54,229,75,203,75,其
﻿203,75,229,75,229,96,203,96,田
﻿203,96,229,96,229,116,203,116,先
﻿203,116,229,116,229,137,203,137,已
﻿203,137,229,137,229,158,203,158,賜
﻿203,158,229,158,229,179,203,179,帝
﻿203,179,229,179,229,200,203,200,次
﻿203,200,229,200,229,220,203,220,妃
﻿203,220,229,220,229,241,203,241,千
﻿203,241,229,241,229,262,203,262,春
﻿203,262,229,262,229,283,203,283,千
﻿203,283,229,283,229,304,203,304,春
﻿203,304,229,304,229,324,203,324,猶
﻿203,324,229,324,229,345,203,345,執
﻿203,345,229,345,229,366,203,366,故
﻿203,366,229,366,229,387,203,387,帖
﻿203,387,229,387,229,408,203,408,耕
﻿174,14,198,14,198,34,174,34,種
﻿174,34,198,34,198,55,174,55,而
﻿174,55,198,55,198,76,174,76,藻
﻿174,76,198,76,198,96,174,96,未
﻿174,96,198,96,198,117,174,117,嘗
﻿174,117,198,117,198,138,174,138,與
﻿174,138,198,138,198,159,174,159,之
﻿174,159,198,159,198,179,174,179,爭
﻿174,179,198,179,198,200,174,200,世
﻿174,200,198,200,198,221,174,221,興
﻿174,221,198,221,198,242,174,242,知
﻿174,242,198,242,198,262,174,262,之
﻿174,262,198,262,198,283,174,283,具
﻿174,283,198,283,198,304,174,304,以
﻿174,304,198,304,198,325,174,325,實
﻿174,325,198,325,198,345,174,345,聞
﻿174,345,198,345,198,366,174,366,即
﻿174,366,198,366,198,387,174,387,罷
﻿174,387,198,387,198,408,174,408,千
﻿141,13,167,13,167,33,141,33,春
﻿141,33,167,33,167,54,141,54,帖
﻿141,54,167,54,167,75,141,75,以
﻿141,75,167,75,167,96,141,96,其
﻿141,96,167,96,167,117,141,117,田
﻿141,117,167,117,167,138,141,138,歸
﻿141,138,167,138,167,158,141,158,藻
﻿141,158,167,158,167,179,141,179,藻
﻿141,179,167,179,167,200,141,200,亦
﻿141,200,167,200,167,221,141,221,不
﻿141,221,167,221,167,242,141,242,以
﻿141,242,167,242,167,263,141,263,為
﻿141,263,167,263,167,283,141,283,喜
﻿141,283,167,283,167,304,141,304,鍾
﻿141,304,167,304,167,325,141,325,則
﻿141,325,167,325,167,346,141,346,移
﻿141,346,167,346,167,367,141,367,先
﻿141,367,167,367,167,388,141,388,塋
﻿141,388,167,388,167,409,141,409,賣
﻿109,15,134,15,134,35,109,35,田
﻿109,35,134,35,134,56,109,56,宅
﻿109,56,134,56,134,76,109,76,挈
﻿109,76,134,76,134,97,109,97,家
﻿109,97,134,97,134,117,109,117,孥
﻿109,117,134,117,134,138,109,138,於
﻿109,138,134,138,134,159,109,159,安
﻿109,159,134,159,134,179,109,179,生
﻿109,179,134,179,134,200,109,200,窆
﻿109,200,134,200,134,220,109,220,塟
﻿109,220,134,220,134,241,109,241,室
﻿109,241,134,241,134,261,109,261,居
﻿109,261,134,261,134,282,109,282,焉
﻿109,282,134,282,134,303,109,303,二
﻿109,303,134,303,134,323,109,323,人
﻿109,323,134,323,134,344,109,344,皆
﻿109,344,134,344,134,364,109,364,居
﻿109,364,134,364,134,385,109,385,安
﻿109,385,134,385,134,406,109,406,生
﻿79,13,102,13,102,33,79,33,終
﻿79,33,102,33,102,54,79,54,老
﻿79,54,102,54,102,75,79,75,後
﻿79,75,102,75,102,96,79,96,藝
﻿79,96,102,96,102,116,79,116,皇
﻿79,116,102,116,102,137,79,137,至
﻿79,137,102,137,102,158,79,158,安
﻿79,158,102,158,102,179,79,179,生
﻿79,179,102,179,102,200,79,200,追
﻿79,200,102,200,102,220,79,220,念
﻿79,220,102,220,102,241,79,241,二
﻿79,241,102,241,102,262,79,262,臣
﻿79,262,102,262,102,283,79,283,郎
﻿79,283,102,283,102,304,79,304,命
﻿79,304,102,304,102,324,79,324,陳
﻿79,324,102,324,102,345,79,345,安
﻿79,345,102,345,102,366,79,366,重
﻿79,366,102,366,102,387,79,387,脩
﻿79,387,102,387,102,408,79,408,藻
﻿49,13,73,13,73,34,49,34,鍾
﻿49,34,73,34,73,56,49,56,舊
﻿49,56,73,56,73,78,49,78,寺
﻿49,78,73,78,73,100,49,100,且
﻿49,100,73,100,73,122,49,122,給
﻿49,122,73,122,73,144,49,144,田
﻿49,144,73,144,73,166,49,166,以
﻿49,166,73,166,73,188,49,188,供
﻿49,188,73,188,73,210,49,210,其
﻿49,210,73,210,73,232,49,232,祀
﻿49,232,73,232,73,254,49,254,賜
﻿49,254,73,254,73,276,49,276,寺
﻿49,276,73,276,73,298,49,298,名
﻿49,298,73,298,73,320,49,320,忠
﻿49,320,73,320,73,342,49,342,節
﻿49,342,73,342,73,364,49,364,改
﻿49,364,73,364,73,386,49,386,扶
﻿49,386,73,386,73,408,49,408,輦
﻿16,14,43,14,43,37,16,37,都
﻿16,37,43,37,43,60,16,60,為
﻿16,60,43,60,43,83,16,83,叩
﻿16,83,43,83,43,107,16,107,馬
﻿16,107,43,107,43,130,16,130,軍
﻿16,130,43,130,43,153,16,153,饑
﻿16,153,43,153,43,177,16,177,以
﻿16,177,43,177,43,200,16,200,裴
﻿16,200,43,200,43,223,16,223,木
﻿16,223,43,223,43,246,16,246,鐸
﻿16,246,43,246,43,270,16,270,知
﻿16,270,43,270,43,293,16,293,審
﻿16,293,43,293,43,316,16,316,刑
﻿16,316,43,316,43,340,16,340,院
﻿16,340,43,340,43,363,16,363,事
﻿16,363,43,363,43,386,16,386,兼
﻿16,386,43,386,43,410,16,410,黄
