248,26,269,26,269,47,248,47,十
﻿248,47,269,47,269,68,248,68,月
﻿248,68,269,68,269,89,248,89,期
﻿248,89,269,89,269,110,248,110,徃
﻿248,110,269,110,269,131,248,131,勘
﻿248,131,269,131,269,152,248,152,民
﻿248,152,269,152,269,173,248,173,間
﻿248,173,269,173,269,194,248,194,堤
﻿248,194,269,194,269,216,248,216,路
﻿248,216,269,216,269,237,248,237,有
﻿248,237,269,237,269,258,248,258,應
﻿248,258,269,258,269,279,248,279,築
﻿248,279,269,279,269,300,248,300,作
﻿248,300,269,300,269,321,248,321,者
﻿248,321,269,321,269,342,248,342,僃
﻿248,342,269,342,269,363,248,363,實
﻿248,363,269,363,269,384,248,384,以
﻿248,384,269,384,269,406,248,406,聞
﻿215,28,239,28,239,48,215,48,某
﻿215,48,239,48,239,69,215,69,處
﻿215,69,239,69,239,90,215,90,功
﻿215,90,239,90,239,111,215,111,程
﻿215,111,239,111,239,132,215,132,小
﻿215,132,239,132,239,153,215,153,者
﻿215,153,239,153,239,174,215,174,照
﻿215,174,239,174,239,195,215,195,補
﻿215,195,239,195,239,216,215,216,水
﻿215,216,239,216,239,237,215,237,勢
﻿215,237,239,237,239,258,215,258,所
﻿215,258,239,258,239,279,215,279,及
﻿215,279,239,279,239,300,215,300,各
﻿215,300,239,300,239,321,215,321,社
﻿215,321,239,321,239,342,215,342,民
﻿215,342,239,342,239,363,215,363,任
﻿215,363,239,363,239,384,215,384,爲
﻿215,384,239,384,239,405,215,405,私
﻿186,30,209,30,209,50,186,50,役
﻿186,50,209,50,209,71,186,71,許
﻿186,71,209,71,209,92,186,92,縣
﻿186,92,209,92,209,113,186,113,官
﻿186,113,209,113,209,134,186,134,督
﻿186,134,209,134,209,155,186,155,押
﻿186,155,209,155,209,175,186,175,某
﻿186,175,209,175,209,196,186,196,處
﻿186,196,209,196,209,217,186,217,功
﻿186,217,209,217,209,238,186,238,呈
﻿186,238,209,238,209,259,186,259,浩
﻿186,259,209,259,209,280,186,280,大
﻿186,280,209,280,209,300,186,300,待
﻿186,300,209,300,209,321,186,321,差
﻿186,321,209,321,209,342,186,342,官
﻿186,342,209,342,209,363,186,363,押
﻿186,363,209,363,209,384,186,384,作
﻿186,384,209,384,209,405,186,405,期
﻿157,30,180,30,180,50,157,50,以
﻿157,50,180,50,180,71,157,71,正
﻿157,71,180,71,180,92,157,92,月
﻿157,92,180,92,180,113,157,113,初
﻿157,113,180,113,180,133,157,133,十
﻿157,133,180,133,180,154,157,154,日
﻿157,154,180,154,180,175,157,175,起
﻿157,175,180,175,180,196,157,196,功
﻿157,196,180,196,180,217,157,217,三
﻿157,217,180,217,180,237,157,237,月
﻿157,237,180,237,180,258,157,258,中
﻿157,258,180,258,180,279,157,279,旬
﻿157,279,180,279,180,300,157,300,完
﻿157,300,180,300,180,320,157,320,成
﻿157,320,180,320,180,341,157,341,永
﻿157,341,180,341,180,362,157,362,爲
﻿157,362,180,362,180,383,157,383,恒
﻿157,383,180,383,180,404,157,404,式
﻿126,30,149,30,149,53,126,53,命
﻿126,53,149,53,149,77,126,77,官
﻿126,77,149,77,149,100,126,100,平
﻿126,100,149,100,149,124,126,124,補
﻿126,124,149,124,149,147,126,147,四
﻿126,147,149,147,149,171,126,171,鎮
﻿126,171,149,171,149,194,126,194,季
﻿126,194,149,194,149,218,126,218,税
﻿126,218,149,218,149,242,126,242,例
﻿126,242,149,242,149,265,126,265,十
﻿126,265,149,265,149,289,126,289,二
﻿126,289,149,289,149,312,126,312,月
﻿126,312,149,312,149,336,126,336,清
﻿126,336,149,336,149,359,126,359,遣
﻿126,359,149,359,149,383,126,383,正
﻿126,383,149,383,149,407,126,407,使
﻿95,27,117,27,117,48,95,48,吳
﻿95,48,117,48,117,69,95,69,光
﻿95,69,117,69,117,90,95,90,副
﻿95,90,117,90,117,111,95,111,使
﻿95,111,117,111,117,132,95,132,朱
﻿95,132,117,132,117,153,95,153,志
﻿95,153,117,153,117,174,95,174,遠
﻿95,174,117,174,117,195,95,195,等
﻿95,195,117,195,117,217,95,217,來
﻿95,217,117,217,117,238,95,238,諭
﻿95,238,117,238,117,259,95,259,祭
﻿95,259,117,259,117,280,95,280,神
﻿95,280,117,280,117,301,95,301,宗
﻿95,301,117,301,117,322,95,322,淵
﻿95,322,117,322,117,343,95,343,皇
﻿95,343,117,343,117,364,95,364,帝
﻿95,364,117,364,117,385,95,385,其
﻿95,385,117,385,117,407,95,407,祭
﻿61,27,87,27,87,48,61,48,文
﻿61,48,87,48,87,69,61,69,曰
﻿61,69,87,69,87,90,61,90,遐
﻿61,90,87,90,87,111,61,111,方
﻿61,111,87,111,87,132,61,132,抒
﻿61,132,87,132,87,154,61,154,慕
﻿61,154,87,154,87,175,61,175,義
﻿61,175,87,175,87,196,61,196,之
﻿61,196,87,196,87,217,61,217,悃
﻿61,217,87,217,87,238,61,238,屏
﻿61,238,87,238,87,259,61,259,翰
﻿61,259,87,259,87,281,61,281,宣
﻿61,281,87,281,87,302,61,302,猷
﻿61,302,87,302,87,323,61,323,國
﻿61,323,87,323,87,344,61,344,家
﻿61,344,87,344,87,365,61,365,弘
﻿61,365,87,365,87,386,61,386,柔
﻿61,386,87,386,87,408,61,408,遠
﻿31,27,57,27,57,48,31,48,之
﻿31,48,57,48,57,69,31,69,恩
﻿31,69,57,69,57,90,31,90,贈
﻿31,90,57,90,57,112,31,112,唁
﻿31,112,57,112,57,133,31,133,示
﻿31,133,57,133,57,154,31,154,䘏
﻿31,154,57,154,57,175,31,175,爾
﻿31,175,57,175,57,197,31,197,安
﻿31,197,57,197,57,218,31,218,南
﻿31,218,57,218,57,239,31,239,國
﻿31,239,57,239,57,261,31,261,王
﻿31,261,57,261,57,282,31,282,輸
﻿31,282,57,282,57,303,31,303,誠
﻿31,303,57,303,57,324,31,324,納
﻿31,324,57,324,57,346,31,346,欸
﻿31,346,57,346,57,367,31,367,向
﻿31,367,57,367,57,388,31,388,化
﻿31,388,57,388,57,410,31,410,歸
﻿3,26,30,26,30,47,3,47,心
﻿3,47,30,47,30,68,3,68,獻
﻿3,68,30,68,30,90,3,90,馘
﻿3,90,30,90,30,111,3,111,而
﻿3,111,30,111,30,132,3,132,俘
﻿3,132,30,132,30,154,3,154,僞
﻿3,154,30,154,30,175,3,175,王
﻿3,175,30,175,30,196,3,196,助
﻿3,196,30,196,30,218,3,218,兵
﻿3,218,30,218,30,239,3,239,以
﻿3,239,30,239,30,260,3,260,除
﻿3,260,30,260,30,282,3,282,鄧
﻿3,282,30,282,30,303,3,303,賊
﻿3,303,30,303,30,324,3,324,克
﻿3,324,30,324,30,346,3,346,宣
﻿3,346,30,346,30,367,3,367,忠
﻿3,367,30,367,30,388,3,388,盡
﻿3,388,30,388,30,410,3,410,荗
