250,19,275,19,275,39,250,39,于
﻿250,39,275,39,275,60,250,60,治
﻿250,60,275,60,275,80,250,80,朕
﻿250,80,275,80,275,101,250,101,之
﻿250,101,275,101,275,121,250,121,過
﻿250,121,275,121,275,142,250,142,失
﻿250,142,275,142,275,163,250,163,旨
﻿250,163,275,163,275,183,250,183,陳
﻿250,183,275,183,275,204,250,204,直
﻿250,204,275,204,275,224,250,224,言
﻿250,224,275,224,275,245,250,245,宜
﻿250,245,275,245,275,265,250,265,強
﻿250,265,275,265,275,286,250,286,董
﻿250,286,275,286,275,307,250,307,宣
﻿250,307,275,307,275,327,250,327,之
﻿250,327,275,327,275,348,250,348,項
﻿250,348,275,348,275,368,250,368,勿
﻿250,368,275,368,275,389,250,389,隱
﻿250,389,275,389,275,410,250,410,蘇
﻿222,16,244,16,244,37,222,37,威
﻿222,37,244,37,244,59,222,59,之
﻿222,59,244,59,244,81,222,81,性
﻿222,81,244,81,244,103,222,103,冬
﻿222,103,244,103,244,125,222,125,十
﻿222,125,244,125,244,147,222,147,月
﻿222,147,244,147,244,168,222,168,明
﻿222,168,244,168,244,190,222,190,遣
﻿222,190,244,190,244,212,222,212,正
﻿222,212,244,212,244,234,222,234,使
﻿222,234,244,234,244,256,222,256,尚
﻿222,256,244,256,244,278,222,278,寶
﻿222,278,244,278,244,299,222,299,寺
﻿222,299,244,299,244,321,222,321,卿
﻿222,321,244,321,244,343,222,343,蘇
﻿222,343,244,343,244,365,222,365,陵
﻿222,365,244,365,244,387,222,387,信
﻿222,387,244,387,244,409,222,409,副
﻿187,16,216,16,216,36,187,36,使
﻿187,36,216,36,216,56,187,56,行
﻿187,56,216,56,216,77,187,77,人
﻿187,77,216,77,216,97,187,97,司
﻿187,97,216,97,216,118,187,118,行
﻿187,118,216,118,216,138,187,138,人
﻿187,138,216,138,216,159,187,159,卲
﻿187,159,216,159,216,179,187,179,震
﻿187,179,216,179,216,200,187,200,等
﻿187,200,216,200,216,220,187,220,來
﻿187,220,216,220,216,241,187,241,告
﻿187,241,216,241,216,261,187,261,憲
﻿187,261,216,261,216,282,187,282,宗
﻿187,282,216,282,216,302,187,302,即
﻿187,302,216,302,216,323,187,323,位
﻿187,323,216,323,216,343,187,343,并
﻿187,343,216,343,216,364,187,364,賜
﻿187,364,216,364,216,384,187,384,冠
﻿187,384,216,384,216,405,187,405,服
﻿156,16,186,16,186,37,156,37,綵
﻿156,37,186,37,186,59,156,59,幣
﻿156,59,186,59,186,81,156,81,及
﻿156,81,186,81,186,103,156,103,勑
﻿156,103,186,103,186,124,156,124,諭
﻿156,124,186,124,186,146,156,146,十
﻿156,146,186,146,186,168,156,168,一
﻿156,168,186,168,186,190,156,190,月
﻿156,190,186,190,186,212,156,212,遣
﻿156,212,186,212,186,233,156,233,使
﻿156,233,186,233,186,255,156,255,如
﻿156,255,186,255,186,277,156,277,明
﻿156,277,186,277,186,299,156,299,范
﻿156,299,186,299,186,320,156,320,伯
﻿156,320,186,320,186,342,156,342,珪
﻿156,342,186,342,186,364,156,364,進
﻿156,364,186,364,186,386,156,386,香
﻿156,386,186,386,186,408,156,408,黎
﻿127,15,153,15,153,35,127,35,友
﻿127,35,153,35,153,56,127,56,直
﻿127,56,153,56,153,77,127,77,楊
﻿127,77,153,77,153,97,127,97,宗
﻿127,97,153,97,153,118,127,118,海
﻿127,118,153,118,153,139,127,139,范
﻿127,139,153,139,153,160,127,160,慶
﻿127,160,153,160,153,180,127,180,庸
﻿127,180,153,180,153,201,127,201,夏
﻿127,201,153,201,153,222,127,222,即
﻿127,222,153,222,153,243,127,243,位
﻿127,243,153,243,153,263,127,263,黎
﻿127,263,153,263,153,284,127,284,宗
﻿127,284,153,284,153,305,127,305,榮
﻿127,305,153,305,153,326,127,326,范
﻿127,326,153,326,153,346,127,346,琚
﻿127,346,153,346,153,367,127,367,陳
﻿127,367,153,367,153,388,127,388,文
﻿127,388,153,388,153,409,127,409,真
﻿95,15,124,15,124,37,95,37,謝
﻿95,37,124,37,124,59,95,59,賜
﻿95,59,124,59,124,81,95,81,綵
﻿95,81,124,81,124,103,95,103,弊
﻿95,103,124,103,124,125,95,125,十
﻿95,125,124,125,124,147,95,147,二
﻿95,147,124,147,124,169,95,169,月
﻿95,169,124,169,124,191,95,191,禁
﻿95,191,124,191,124,213,95,213,外
﻿95,213,124,213,124,235,95,235,任
﻿95,235,124,235,124,257,95,257,官
﻿95,257,124,257,124,279,95,279,無
﻿95,279,124,279,124,301,95,301,故
﻿95,301,124,301,124,323,95,323,赴
﻿95,323,124,323,124,345,95,345,京
﻿95,345,124,345,124,367,95,367,𮞏
﻿95,367,124,367,124,389,95,389,本
﻿95,389,124,389,124,412,95,412,聖
﻿63,15,91,15,91,37,63,37,旨
﻿63,37,91,37,91,59,63,59,疑
﻿63,59,91,59,91,81,63,81,罪
﻿63,81,91,81,91,103,63,103,减
﻿63,103,91,103,91,125,63,125,等
﻿63,125,91,125,91,147,63,147,敕
﻿63,147,91,147,91,169,63,169,諭
﻿63,169,91,169,91,191,63,191,大
﻿63,191,91,191,91,213,63,213,臣
﻿63,213,91,213,91,235,63,235,百
﻿63,235,91,235,91,257,63,257,官
﻿63,257,91,257,91,279,63,279,等
﻿63,279,91,279,91,301,63,301,昔
﻿63,301,91,301,91,323,63,323,我
﻿63,323,91,323,91,345,63,345,太
﻿63,345,91,345,91,367,63,367,祖
﻿63,367,91,367,91,389,63,389,櫛
﻿63,389,91,389,91,412,63,412,風
﻿33,14,62,14,62,34,33,34,沐
﻿33,34,62,34,62,55,33,55,雨
﻿33,55,62,55,62,76,33,76,以
﻿33,76,62,76,62,97,33,97,定
﻿33,97,62,97,62,118,33,118,天
﻿33,118,62,118,62,139,33,139,下
﻿33,139,62,139,62,159,33,159,時
﻿33,159,62,159,62,180,33,180,則
﻿33,180,62,180,62,201,33,201,佐
﻿33,201,62,201,62,222,33,222,命
﻿33,222,62,222,62,243,33,243,勳
﻿33,243,62,243,62,264,33,264,臣
﻿33,264,62,264,62,284,33,284,同
﻿33,284,62,284,62,305,33,305,其
﻿33,305,62,305,62,326,33,326,勞
﻿33,326,62,326,62,347,33,347,若
﻿33,347,62,347,62,368,33,368,恩
﻿33,368,62,368,62,389,33,389,義
﻿33,389,62,389,62,410,33,410,兼
﻿4,19,31,19,31,39,4,39,至
﻿4,39,31,39,31,60,4,60,以
﻿4,60,31,60,31,81,4,81,故
﻿4,81,31,81,31,101,4,101,特
﻿4,101,31,101,31,122,4,122,賜
﻿4,122,31,122,31,143,4,143,國
﻿4,143,31,143,31,163,4,163,姓
﻿4,163,31,163,31,184,4,184,用
﻿4,184,31,184,31,205,4,205,示
﻿4,205,31,205,31,225,4,225,殊
﻿4,225,31,225,31,246,4,246,眷
﻿4,246,31,246,31,267,4,267,然
﻿4,267,31,267,31,287,4,287,爾
﻿4,287,31,287,31,308,4,308,子
﻿4,308,31,308,31,329,4,329,孫
﻿4,329,31,329,31,349,4,349,傳
﻿4,349,31,349,31,370,4,370,襲
﻿4,370,31,370,31,391,4,391,日
﻿4,391,31,391,31,412,4,412,久
