261,43,287,43,287,63,261,63,各
﻿261,63,287,63,287,83,261,83,聞
﻿261,83,287,83,287,104,261,104,遠
﻿261,104,287,104,287,124,261,124,地
﻿261,124,287,124,287,144,261,144,可
﻿261,144,287,144,287,165,261,165,任
﻿261,165,287,165,287,185,261,185,也
﻿261,185,287,185,287,205,261,205,御
﻿261,205,287,205,287,226,261,226,拜
﻿261,226,287,226,287,246,261,246,浙
﻿261,246,287,246,287,267,261,267,東
﻿261,267,287,267,287,287,261,287,觀
﻿261,287,287,287,287,307,261,307,察
﻿261,307,287,307,287,328,261,328,使
﻿261,328,287,328,287,348,261,348,冬
﻿261,348,287,348,287,368,261,368,十
﻿261,368,287,368,287,389,261,389,一
﻿261,389,287,389,287,409,261,409,月
﻿261,409,287,409,287,430,261,430,戊
﻿231,42,258,42,258,62,231,62,申
﻿231,62,258,62,258,82,231,82,土
﻿231,82,258,82,258,102,231,102,蠻
﻿231,102,258,102,258,123,231,123,引
﻿231,123,258,123,258,143,231,143,南
﻿231,143,258,143,258,163,231,163,詔
﻿231,163,258,163,258,184,231,184,兵
﻿231,184,258,184,258,204,231,204,合
﻿231,204,258,204,258,224,231,224,三
﻿231,224,258,224,258,245,231,245,萬
﻿231,245,258,245,258,265,231,265,餘
﻿231,265,258,265,258,285,231,285,人
﻿231,285,258,285,258,306,231,306,乘
﻿231,306,258,306,258,326,231,326,虚
﻿231,326,258,326,258,346,231,346,攻
﻿231,346,258,346,258,367,231,367,我
﻿231,367,258,367,258,387,231,387,府
﻿231,387,258,387,258,407,231,407,𨺻
﻿231,407,258,407,258,427,231,427,之
﻿201,42,228,42,228,62,201,62,都
﻿201,62,228,62,228,83,201,83,護
﻿201,83,228,83,228,104,201,104,李
﻿201,104,228,104,228,125,201,125,鄠
﻿201,125,228,125,228,146,201,146,與
﻿201,146,228,146,228,166,201,166,監
﻿201,166,228,166,228,187,201,187,軍
﻿201,187,228,187,228,208,201,208,奔
﻿201,208,228,208,228,229,201,229,武
﻿201,229,228,229,228,250,201,250,州
﻿174,40,195,40,195,58,174,58,辛
﻿174,58,195,58,195,77,174,77,巳
﻿183,82,199,82,199,102,183,102,唐
﻿183,102,199,102,199,122,183,122,咸
﻿183,122,199,122,199,142,183,142,通
﻿169,84,182,84,182,105,169,105,二
﻿169,105,182,105,182,126,169,126,年
﻿166,144,194,144,194,164,166,164,春
﻿166,164,194,164,194,184,166,184,正
﻿166,184,194,184,194,205,166,205,月
﻿166,205,194,205,194,225,166,225,唐
﻿166,225,194,225,194,245,166,245,帝
﻿166,245,194,245,194,266,166,266,詔
﻿166,266,194,266,194,286,166,286,𭛁
﻿166,286,194,286,194,306,166,306,邕
﻿166,306,194,306,194,327,166,327,𬋩
﻿166,327,194,327,194,347,166,347,及
﻿166,347,194,347,194,367,166,367,鄰
﻿166,367,194,367,194,388,166,388,道
﻿166,388,194,388,194,408,166,408,兵
﻿166,408,194,408,194,429,166,429,來
﻿136,41,163,41,163,61,136,61,救
﻿136,61,163,61,163,82,136,82,鄠
﻿136,82,163,82,163,102,136,102,擊
﻿136,102,163,102,163,123,136,123,南
﻿136,123,163,123,163,143,136,143,夷
﻿136,143,163,143,163,164,136,164,夏
﻿136,164,163,164,163,185,136,185,六
﻿136,185,163,185,163,205,136,205,月
﻿136,205,163,205,163,226,136,226,癸
﻿136,226,163,226,163,246,136,246,丑
﻿136,246,163,246,163,267,136,267,唐
﻿136,267,163,267,163,287,136,287,以
﻿136,287,163,287,163,308,136,308,盐
﻿136,308,163,308,163,329,136,329,州
﻿136,329,163,329,163,349,136,349,防
﻿136,349,163,349,163,370,136,370,禦
﻿136,370,163,370,163,390,136,390,使
﻿136,390,163,390,163,411,136,411,王
﻿136,411,163,411,163,432,136,432,寬
﻿106,40,134,40,134,60,106,60,為
﻿106,60,134,60,134,81,106,81,安
﻿106,81,134,81,134,101,106,101,南
﻿106,101,134,101,134,122,106,122,經
﻿106,122,134,122,134,142,106,142,畧
﻿106,142,134,142,134,163,106,163,使
﻿106,163,134,163,134,184,106,184,時
﻿106,184,134,184,134,204,106,204,鄠
﻿106,204,134,204,134,225,106,225,自
﻿106,225,134,225,134,245,106,245,武
﻿106,245,134,245,134,266,106,266,州
﻿106,266,134,266,134,286,106,286,𠬧
﻿106,286,134,286,134,307,106,307,集
﻿106,307,134,307,134,328,106,328,土
﻿106,328,134,328,134,348,106,348,軍
﻿106,348,134,348,134,369,106,369,攻
﻿106,369,134,369,134,389,106,389,羣
﻿106,389,134,389,134,410,106,410,蠻
﻿106,410,134,410,134,431,106,431,復
﻿78,41,103,41,103,61,78,61,取
﻿78,61,103,61,103,81,78,81,府
﻿78,81,103,81,103,101,78,101,城
﻿78,101,103,101,103,122,78,122,唐
﻿78,122,103,122,103,142,78,142,帝
﻿78,142,103,142,103,162,78,162,責
﻿78,162,103,162,103,183,78,183,其
﻿78,183,103,183,103,203,78,203,失
﻿78,203,103,203,103,223,78,223,守
﻿78,223,103,223,103,244,78,244,貶
﻿78,244,103,244,103,264,78,264,儋
﻿78,264,103,264,103,284,78,284,州
﻿78,284,103,284,103,305,78,305,司
﻿78,305,103,305,103,325,78,325,戶
﻿78,325,103,325,103,345,78,345,尋
﻿78,345,103,345,103,366,78,366,流
﻿78,366,103,366,103,386,78,386,峯
﻿78,386,103,386,103,406,78,406,州
﻿78,406,103,406,103,426,78,426,以
﻿47,40,71,40,71,60,47,60,王
﻿47,60,71,60,71,81,47,81,寬
﻿47,81,71,81,71,101,47,101,為
﻿47,101,71,101,71,122,47,122,都
﻿47,122,71,122,71,142,47,142,護
﻿47,142,71,142,71,163,47,163,經
﻿47,163,71,163,71,183,47,183,畧
﻿47,183,71,183,71,204,47,204,使
﻿47,204,71,204,71,224,47,224,鄠
﻿47,224,71,224,71,245,47,245,之
﻿47,245,71,245,71,265,47,265,初
﻿47,265,71,265,71,286,47,286,至
﻿47,286,71,286,71,306,47,306,也
﻿47,306,71,306,71,327,47,327,殺
﻿47,327,71,327,71,347,47,347,蠻
﻿47,347,71,347,71,368,47,368,酋
﻿47,368,71,368,71,388,47,388,杜
﻿47,388,71,388,71,409,47,409,澄
﻿47,409,71,409,71,430,47,430,故
﻿18,40,42,40,42,60,18,60,其
﻿18,60,42,60,42,81,18,81,宗
﻿18,81,42,81,42,102,18,102,黨
﻿18,102,42,102,42,122,18,122,因
﻿18,122,42,122,42,143,18,143,誘
﻿18,143,42,143,42,164,18,164,導
﻿18,164,42,164,42,184,18,184,羣
﻿18,184,42,184,42,205,18,205,蠻
﻿18,205,42,205,42,226,18,226,𨺻
﻿18,226,42,226,42,247,18,247,州
