248,29,272,29,272,50,248,50,國
﻿248,50,272,50,272,72,248,72,王
﻿248,72,272,72,272,93,248,93,遁
﻿248,93,272,93,272,115,248,115,走
﻿248,115,272,115,272,136,248,136,虜
﻿248,136,272,136,272,158,248,158,其
﻿248,158,272,158,272,179,248,179,民
﻿248,179,272,179,272,201,248,201,畧
﻿248,201,272,201,272,222,248,222,地
﻿248,222,272,222,272,244,248,244,至
﻿248,244,272,244,272,265,248,265,長
﻿248,265,272,265,272,287,248,287,車
﻿248,287,272,287,272,308,248,308,河
﻿248,308,272,308,272,330,248,330,界
﻿248,330,272,330,272,351,248,351,夾
﻿248,351,272,351,272,373,248,373,偭
﻿248,373,272,373,272,394,248,394,國
﻿248,394,272,394,272,416,248,416,南
﻿217,29,241,29,241,51,217,51,邊
﻿217,51,241,51,241,73,217,73,得
﻿217,73,241,73,241,95,217,95,偭
﻿217,95,241,95,241,118,217,118,文
﻿217,118,241,118,241,140,217,140,書
﻿217,140,241,140,241,162,217,162,捷
﻿217,162,241,162,241,185,217,185,還
﻿187,32,209,32,209,54,187,54,九
﻿187,54,209,54,209,77,187,77,月
﻿187,77,209,77,209,99,187,99,初
﻿187,99,209,99,209,122,187,122,一
﻿187,122,209,122,209,144,187,144,日
﻿187,144,209,144,209,167,187,167,勅
﻿187,167,209,167,209,190,187,190,旨
﻿187,190,209,190,209,212,187,212,五
﻿187,212,209,212,209,235,187,235,府
﻿187,235,209,235,209,257,187,257,都
﻿187,257,209,257,209,280,187,280,督
﻿187,280,209,280,209,303,187,303,六
﻿187,303,209,303,209,325,187,325,部
﻿187,325,209,325,209,348,187,348,尙
﻿187,348,209,348,209,370,187,370,書
﻿187,370,209,370,209,393,187,393,官
﻿187,393,209,393,209,416,187,416,朝
﻿157,31,180,31,180,52,157,52,退
﻿157,52,180,52,180,73,157,73,長
﻿157,73,180,73,180,94,157,94,官
﻿157,94,180,94,180,116,157,116,及
﻿157,116,180,116,180,137,157,137,下
﻿157,137,180,137,180,158,157,158,僚
﻿157,158,180,158,180,179,157,179,擅
﻿157,179,180,179,180,201,157,201,自
﻿157,201,180,201,180,222,157,222,回
﻿157,222,180,222,180,243,157,243,家
﻿157,243,180,243,180,264,157,264,以
﻿157,264,180,264,180,286,157,286,降
﻿157,286,180,286,180,307,157,307,罪
﻿157,307,180,307,180,328,157,328,罪
﻿157,328,180,328,180,350,157,350,之
﻿126,30,148,30,148,51,126,51,十
﻿126,51,148,51,148,72,126,72,三
﻿126,72,148,72,148,94,126,94,日
﻿126,94,148,94,148,115,126,115,勑
﻿126,115,148,115,148,137,126,137,旨
﻿126,137,148,137,148,158,126,158,凣
﻿126,158,148,158,148,180,126,180,造
﻿126,180,148,180,148,201,126,201,嘱
﻿126,201,148,201,148,223,126,223,書
﻿126,223,148,223,148,244,126,244,及
﻿126,244,148,244,148,265,126,265,文
﻿126,265,148,265,148,287,126,287,契
﻿126,287,148,287,148,308,126,308,以
﻿126,308,148,308,148,330,126,330,本
﻿126,330,148,330,148,351,126,351,村
﻿126,351,148,351,148,373,126,373,邑
﻿126,373,148,373,148,394,126,394,自
﻿126,394,148,394,148,416,126,416,年
﻿94,32,118,32,118,53,94,53,三
﻿94,53,118,53,118,74,94,74,十
﻿94,74,118,74,118,96,94,96,歲
﻿94,96,118,96,118,117,94,117,以
﻿94,117,118,117,118,138,94,138,上
﻿94,138,118,138,118,160,94,160,立
﻿94,160,118,160,118,181,94,181,為
﻿94,181,118,181,118,202,94,202,文
﻿94,202,118,202,118,224,94,224,字
﻿94,224,118,224,118,245,94,245,証
﻿94,245,118,245,118,266,94,266,見
﻿94,266,118,266,118,288,94,288,准
﻿94,288,118,288,118,309,94,309,用
﻿94,309,118,309,118,330,94,330,施
﻿94,330,118,330,118,352,94,352,行
﻿94,352,118,352,118,373,94,373,敢
﻿94,373,118,373,118,394,94,394,有
﻿94,394,118,394,118,416,94,416,故
﻿64,29,89,29,89,50,64,50,違
﻿64,50,89,50,89,71,64,71,明
﻿64,71,89,71,89,93,64,93,令
﻿64,93,89,93,89,114,64,114,誘
﻿64,114,89,114,89,136,64,136,求
﻿64,136,89,136,89,157,64,157,幼
﻿64,157,89,157,89,179,64,179,小
﻿64,179,89,179,89,200,64,200,之
﻿64,200,89,200,89,222,64,222,人
﻿64,222,89,222,89,243,64,243,圖
﻿64,243,89,243,89,265,64,265,遂
﻿64,265,89,265,89,286,64,286,奸
﻿64,286,89,286,89,308,64,308,計
﻿64,308,89,308,89,329,64,329,者
﻿64,329,89,329,89,351,64,351,以
﻿64,351,89,351,89,372,64,372,虚
﻿64,372,89,372,89,394,64,394,論
﻿33,28,59,28,59,49,33,49,冬
﻿33,49,59,49,59,71,33,71,十
﻿33,71,59,71,59,92,33,92,月
﻿33,92,59,92,59,114,33,114,十
﻿33,114,59,114,59,135,33,135,八
﻿33,135,59,135,59,157,33,157,日
﻿33,157,59,157,59,178,33,178,大
﻿33,178,59,178,59,200,33,200,駕
﻿33,200,59,200,59,222,33,222,𭛁
﻿33,222,59,222,59,243,33,243,行
﻿33,243,59,243,59,265,33,265,征
﻿33,265,59,265,59,286,33,286,哀
﻿33,286,59,286,59,308,33,308,牢
﻿33,308,59,308,59,329,33,329,是
﻿33,329,59,329,59,351,33,351,日
﻿33,351,59,351,59,372,33,372,駐
﻿33,372,59,372,59,394,33,394,營
﻿33,394,59,394,59,416,33,416,於
﻿6,30,27,30,27,51,6,51,扶
﻿6,51,27,51,27,73,6,73,烈
﻿6,73,27,73,27,94,6,94,酉
﻿6,94,27,94,27,116,6,116,時
﻿6,116,27,116,27,137,6,137,失
﻿6,137,27,137,27,159,6,159,火
﻿6,159,27,159,27,180,6,180,延
﻿6,180,27,180,27,202,6,202,燒
﻿6,202,27,202,27,224,6,224,天
﻿6,224,27,224,27,245,6,245,威
﻿6,245,27,245,27,267,6,267,火
﻿6,267,27,267,27,288,6,288,噐
﻿6,288,27,288,27,310,6,310,庫
﻿6,310,27,310,27,331,6,331,於
﻿6,331,27,331,27,353,6,353,端
﻿6,353,27,353,27,374,6,374,門
﻿6,374,27,374,27,396,6,396,外
﻿6,396,27,396,27,418,6,418,燒
