236,33,259,33,259,53,236,53,文
﻿236,53,259,53,259,74,236,74,奎
﻿236,74,259,74,259,94,236,94,被
﻿236,94,259,94,259,115,236,115,莫
﻿236,115,259,115,259,136,236,136,氏
﻿236,136,259,136,259,156,236,156,隂
﻿236,156,259,156,259,177,236,177,差
﻿236,177,259,177,259,197,236,197,兵
﻿236,197,259,197,259,218,236,218,逼
﻿236,218,259,218,259,239,236,239,害
﻿236,239,259,239,259,259,236,259,因
﻿236,259,259,259,259,280,236,280,使
﻿236,280,259,280,259,300,236,300,臣
﻿236,300,259,300,259,321,236,321,代
﻿236,321,259,321,259,342,236,342,臣
﻿236,342,259,342,259,362,236,362,父
﻿236,362,259,362,259,383,236,383,冐
﻿236,383,259,383,259,404,236,404,罪
﻿206,34,229,34,229,54,206,54,㱕
﻿206,54,229,54,229,75,206,75,命
﻿206,75,229,75,229,95,206,95,朝
﻿206,95,229,95,229,116,206,116,廷
﻿206,116,229,116,229,136,206,136,委
﻿206,136,229,136,229,157,206,157,身
﻿206,157,229,157,229,177,206,177,降
﻿206,177,229,177,229,198,206,198,服
﻿206,198,229,198,229,218,206,218,願
﻿206,218,229,218,229,239,206,239,求
﻿206,239,229,239,229,259,206,259,生
﻿206,259,229,259,229,280,206,280,路
﻿206,280,229,280,229,300,206,300,刻
﻿206,300,229,300,229,321,206,321,骨
﻿206,321,229,321,229,341,206,341,不
﻿206,341,229,341,229,362,206,362,忘
﻿206,362,229,362,229,382,206,382,終
﻿206,382,229,382,229,403,206,403,身
﻿175,32,200,32,200,52,175,52,感
﻿175,52,200,52,200,73,175,73,德
﻿175,73,200,73,200,94,175,94,幸
﻿175,94,200,94,200,114,175,114,𫎇
﻿175,114,200,114,200,135,175,135,大
﻿175,135,200,135,200,156,175,156,德
﻿175,156,200,156,200,177,175,177,明
﻿175,177,200,177,200,197,175,197,察
﻿175,197,200,197,200,218,175,218,誠
﻿175,218,200,218,200,239,175,239,心
﻿175,239,200,239,200,259,175,259,乞
﻿175,259,200,259,200,280,175,280,加
﻿175,280,200,280,200,301,175,301,一
﻿175,301,200,301,200,322,175,322,旅
﻿175,322,200,322,200,342,175,342,來
﻿175,342,200,342,200,363,175,363,救
﻿175,363,200,363,200,384,175,384,微
﻿175,384,200,384,200,405,175,405,軀
﻿146,35,170,35,170,55,146,55,天
﻿146,55,170,55,170,75,146,75,威
﻿146,75,170,75,170,96,146,96,如
﻿146,96,170,96,170,116,146,116,指
﻿146,116,170,116,170,136,146,136,偏
﻿146,136,170,136,170,157,146,157,方
﻿146,157,170,157,170,177,146,177,臣
﻿146,177,170,177,170,197,146,197,父
﻿146,197,170,197,170,218,146,218,願
﻿146,218,170,218,170,238,146,238,為
﻿146,238,170,238,170,258,146,258,向
﻿146,258,170,258,170,279,146,279,導
﻿146,279,170,279,170,299,146,299,萬
﻿146,299,170,299,170,319,146,319,死
﻿146,319,170,319,170,340,146,340,不
﻿146,340,170,340,170,360,146,360,辭
﻿146,360,170,360,170,380,146,380,寸
﻿146,380,170,380,170,401,146,401,功
﻿118,35,138,35,138,54,118,54,願
﻿118,54,138,54,138,73,118,73,報
﻿118,73,138,73,138,93,118,93,節
﻿118,93,138,93,138,112,118,112,制
﻿118,112,138,112,138,132,118,132,鄭
﻿118,132,138,132,138,151,118,151,松
﻿118,151,138,151,138,170,118,170,聞
﻿118,170,138,170,138,190,118,190,言
﻿118,190,138,190,138,209,118,209,笑
﻿118,209,138,209,138,229,118,229,曰
﻿118,229,138,229,138,248,118,248,文
﻿118,248,138,248,138,268,118,268,奎
﻿118,268,138,268,138,287,118,287,㱕
﻿118,287,138,287,138,306,118,306,降
﻿118,306,138,306,138,326,118,326,是
﻿118,326,138,326,138,345,118,345,天
﻿118,345,138,345,138,365,118,365,使
﻿118,365,138,365,138,384,118,384,我
﻿118,384,138,384,138,404,118,404,成
﻿84,34,110,34,110,54,84,54,功
﻿84,54,110,54,110,75,84,75,之
﻿84,75,110,75,110,95,84,95,速
﻿84,95,110,95,110,116,84,116,本
﻿84,116,110,116,110,136,84,136,朝
﻿84,136,110,136,110,157,84,157,土
﻿84,157,110,157,110,177,84,177,地
﻿84,177,110,177,110,198,84,198,指
﻿84,198,110,198,110,218,84,218,日
﻿84,218,110,218,110,239,84,239,可
﻿84,239,110,239,110,259,84,259,復
﻿84,259,110,259,110,280,84,280,於
﻿84,280,110,280,110,300,84,300,是
﻿84,300,110,300,110,321,84,321,𭁈
﻿84,321,110,321,110,341,84,341,諸
﻿84,341,110,341,110,362,84,362,将
﻿84,362,110,362,110,382,84,382,議
﻿84,382,110,382,110,403,84,403,起
﻿56,35,79,35,79,55,56,55,兵
﻿56,55,79,55,79,75,56,75,上
﻿56,75,79,75,79,96,56,96,表
﻿56,96,79,96,79,116,56,116,奏
﻿56,116,79,116,79,136,56,136,聞
﻿56,136,79,136,79,157,56,157,命
﻿56,157,79,157,79,177,56,177,黄
﻿56,177,79,177,79,198,56,198,廷
﻿56,198,79,198,79,218,56,218,爱
﻿56,218,79,218,79,238,56,238,統
﻿56,238,79,238,79,259,56,259,領
﻿56,259,79,259,79,279,56,279,諸
﻿56,279,79,279,79,300,56,300,營
﻿56,300,79,300,79,320,56,320,奇
﻿56,320,79,320,79,340,56,340,将
﻿56,340,79,340,79,361,56,361,士
﻿56,361,79,361,79,381,56,381,先
﻿56,381,79,381,79,402,56,402,進
﻿28,33,49,33,49,53,28,53,救
﻿28,53,49,53,49,73,28,73,文
﻿28,73,49,73,49,94,28,94,奎
﻿28,94,49,94,49,114,28,114,及
﻿28,114,49,114,49,135,28,135,兵
﻿28,135,49,135,49,155,28,155,至
﻿28,155,49,155,49,176,28,176,嘉
﻿28,176,49,176,49,196,28,196,遠
﻿28,196,49,196,49,217,28,217,沛
﻿28,217,49,217,49,237,28,237,頂
﻿28,237,49,237,49,257,28,257,文
﻿28,257,49,257,49,278,28,278,奎
﻿28,278,49,278,49,298,28,298,見
﻿28,298,49,298,49,319,28,319,有
﻿28,319,49,319,49,339,28,339,救
﻿28,339,49,339,49,360,28,360,兵
﻿28,360,49,360,49,380,28,380,至
﻿28,380,49,380,49,401,28,401,乃
﻿3,35,22,35,22,55,3,55,率
﻿3,55,22,55,22,75,3,75,本
﻿3,75,22,75,22,96,3,96,部
﻿3,96,22,96,22,116,3,116,子
﻿3,116,22,116,22,137,3,137,弟
﻿3,137,22,137,22,157,3,157,兵
﻿3,157,22,157,22,178,3,178,三
﻿3,178,22,178,22,198,3,198,千
﻿3,198,22,198,22,219,3,219,人
﻿3,219,22,219,22,239,3,239,迎
﻿3,239,22,239,22,259,3,259,接
﻿3,259,22,259,22,280,3,280,拜
﻿3,280,22,280,22,300,3,300,伏
﻿3,300,22,300,22,321,3,321,于
﻿3,321,22,321,22,341,3,341,軍
﻿3,341,22,341,22,362,3,362,前
﻿3,362,22,362,22,382,3,382,廷
﻿3,382,22,382,22,403,3,403,爱
