234,31,265,31,265,52,234,52,故
﻿234,52,265,52,265,74,234,74,道
﻿234,74,265,74,265,96,234,96,經
﻿234,96,265,96,265,117,234,117,天
﻿234,117,265,117,265,139,234,139,関
﻿234,139,265,139,265,161,234,161,而
﻿234,161,265,161,265,182,234,182,回
﻿234,182,265,182,265,204,234,204,所
﻿234,204,265,204,265,226,234,226,過
﻿234,226,265,226,265,248,234,248,秋
﻿234,248,265,248,265,269,234,269,豪
﻿234,269,265,269,265,291,234,291,無
﻿234,291,265,291,265,313,234,313,犯
﻿234,313,265,313,265,334,234,334,莫
﻿234,334,265,334,265,356,234,356,改
﻿234,356,265,356,265,378,234,378,端
﻿234,378,265,378,265,400,234,400,泰
﻿210,32,233,32,233,52,210,52,為
﻿210,52,233,52,233,72,210,72,興
﻿210,72,233,72,233,92,210,92,治
﻿210,92,233,92,233,112,210,112,元
﻿210,112,233,112,233,133,210,133,年
﻿176,13,204,13,204,33,176,33,戊
﻿176,33,204,33,204,53,176,53,子
﻿176,53,204,53,204,73,176,73,十
﻿176,73,204,73,204,93,176,93,一
﻿176,93,204,93,204,114,176,114,年
﻿191,116,206,116,206,136,191,136,莫
﻿191,136,206,136,206,157,191,157,興
﻿191,157,206,157,206,177,191,177,治
﻿191,177,206,177,206,198,191,198,元
﻿191,198,206,198,206,219,191,219,年
﻿175,117,190,117,190,134,175,134,二
﻿175,134,190,134,190,151,175,151,明
﻿175,151,190,151,190,168,175,168,萬
﻿175,168,190,168,190,185,175,185,曆
﻿175,185,190,185,190,202,175,202,十
﻿175,202,190,202,190,219,175,219,六
﻿174,220,202,220,202,236,174,236,年
﻿174,236,202,236,202,252,174,252,月
﻿174,252,202,252,202,269,174,269,莫
﻿174,269,202,269,202,285,174,285,見
﻿174,285,202,285,202,301,174,301,官
﻿174,301,202,301,202,318,174,318,兵
﻿174,318,202,318,202,334,174,334,日
﻿174,334,202,334,202,350,174,350,強
﻿174,350,202,350,202,367,174,367,乃
﻿174,367,202,367,202,383,174,383,謀
﻿174,383,202,383,202,400,174,400,定
﻿147,32,172,32,172,52,147,52,攻
﻿147,52,172,52,172,72,147,72,守
﻿147,72,172,72,172,93,147,93,之
﻿147,93,172,93,172,113,147,113,計
﻿147,113,172,113,172,134,147,134,令
﻿147,134,172,134,172,154,147,154,四
﻿147,154,172,154,172,175,147,175,鎮
﻿147,175,172,175,172,195,147,195,各
﻿147,195,172,195,172,216,147,216,縣
﻿147,216,172,216,172,236,147,236,兵
﻿147,236,172,236,172,256,147,256,民
﻿147,256,172,256,172,277,147,277,增
﻿147,277,172,277,172,297,147,297,築
﻿147,297,172,297,172,318,147,318,昇
﻿147,318,172,318,172,338,147,338,龍
﻿147,338,172,338,172,359,147,359,大
﻿147,359,172,359,172,379,147,379,羅
﻿147,379,172,379,172,400,147,400,城
﻿114,33,143,33,143,53,114,53,外
﻿114,53,143,53,143,73,114,73,三
﻿114,73,143,73,143,94,114,94,重
﻿114,94,143,94,143,114,114,114,壘
﻿114,114,143,114,143,134,114,134,起
﻿114,134,143,134,143,155,114,155,自
﻿114,155,143,155,143,175,114,175,日
﻿114,175,143,175,143,196,114,196,昭
﻿114,196,143,196,143,216,114,216,𧻗
﻿114,216,143,216,143,236,114,236,西
﻿114,236,143,236,143,257,114,257,湖
﻿114,257,143,257,143,277,114,277,經
﻿114,277,143,277,143,298,114,298,椰
﻿114,298,143,298,143,318,114,318,橋
﻿114,318,143,318,143,338,114,338,至
﻿114,338,143,338,143,359,114,359,纏
﻿114,359,143,359,143,379,114,379,橋
﻿114,379,143,379,143,400,114,400,透
﻿85,33,111,33,111,53,85,53,自
﻿85,53,111,53,111,73,85,73,清
﻿85,73,111,73,111,93,85,93,池
﻿85,93,111,93,111,113,85,113,趂
﻿85,113,111,113,111,133,85,133,珥
﻿85,133,111,133,111,153,85,153,河
﻿85,153,111,153,111,173,85,173,之
﻿85,173,111,173,111,193,85,193,西
﻿85,193,111,193,111,214,85,214,北
﻿85,214,111,214,111,234,85,234,髙
﻿85,234,111,234,111,254,85,254,過
﻿85,254,111,254,111,274,85,274,昇
﻿85,274,111,274,111,294,85,294,龍
﻿85,294,111,294,111,314,85,314,城
﻿85,314,111,314,111,334,85,334,数
﻿85,334,111,334,111,354,85,354,丈
﻿85,354,111,354,111,374,85,374,闊
﻿85,374,111,374,111,395,85,395,二
﻿55,32,81,32,81,52,55,52,十
﻿55,52,81,52,81,72,55,72,五
﻿55,72,81,72,81,93,55,93,丈
﻿55,93,81,93,81,113,55,113,掘
﻿55,113,81,113,81,133,55,133,為
﻿55,133,81,133,81,154,55,154,三
﻿55,154,81,154,81,174,55,174,重
﻿55,174,81,174,81,194,55,194,壕
﻿55,194,81,194,81,215,55,215,俱
﻿55,215,81,215,81,235,55,235,種
﻿55,235,81,235,81,255,55,255,由
﻿55,255,81,255,81,276,55,276,芽
﻿55,276,81,276,81,296,55,296,延
﻿55,296,81,296,81,316,55,316,袤
﻿55,316,81,316,81,337,55,337,数
﻿55,337,81,337,81,357,55,357,十
﻿55,357,81,357,81,377,55,377,里
﻿55,377,81,377,81,398,55,398,以
﻿28,34,52,34,52,54,28,54,包
﻿28,54,52,54,52,74,28,74,城
﻿28,74,52,74,52,95,28,95,外
﻿1,35,24,35,24,55,1,55,初
﻿1,55,24,55,24,75,1,75,莫
﻿1,75,24,75,24,95,1,95,四
﻿1,95,24,95,24,115,1,115,岐
﻿1,115,24,115,24,135,1,135,縣
﻿1,135,24,135,24,156,1,156,人
﻿1,156,24,156,24,176,1,176,東
﻿1,176,24,176,24,196,1,196,郡
﻿1,196,24,196,24,216,1,216,公
﻿1,216,24,216,24,236,1,236,范
﻿1,236,24,236,24,256,1,256,曰
﻿1,256,24,256,24,277,1,277,敬
﻿1,277,24,277,24,297,1,297,㱕
﻿1,297,24,297,24,317,1,317,命
﻿1,317,24,317,24,337,1,337,朝
﻿1,337,24,337,24,357,1,357,廷
﻿1,357,24,357,24,377,1,377,乃
﻿1,377,24,377,24,398,1,398,許
