241,63,271,63,271,83,241,83,稱
﻿241,83,271,83,271,104,241,104,矣
﻿241,104,271,104,271,124,241,124,至
﻿241,124,271,124,271,145,241,145,於
﻿241,145,271,145,271,166,241,166,陳
﻿241,166,271,166,271,186,241,186,光
﻿241,186,271,186,271,207,241,207,啓
﻿241,207,271,207,271,227,241,227,馮
﻿241,227,271,227,271,248,241,248,佐
﻿241,248,271,248,271,269,241,269,周
﻿241,269,271,269,271,289,241,289,陳
﻿241,289,271,289,271,310,241,310,元
﻿241,310,271,310,271,330,241,330,旦
﻿241,330,271,330,271,351,241,351,范
﻿241,351,271,351,271,372,241,372,五
﻿241,372,271,372,271,392,241,392,老
﻿241,392,271,392,271,413,241,413,段
﻿241,413,271,413,271,434,241,434,汝
﻿212,54,238,54,238,75,212,75,諧
﻿212,75,238,75,238,96,212,96,張
﻿212,96,238,96,238,117,212,117,漢
﻿212,117,238,117,238,138,212,138,超
﻿212,138,238,138,238,159,212,159,丁
﻿212,159,238,159,238,180,212,180,拱
﻿212,180,238,180,238,201,212,201,垣
﻿212,201,238,201,238,222,212,222,范
﻿212,222,238,222,238,244,212,244,師
﻿212,244,238,244,238,265,212,265,孟
﻿212,265,238,265,238,286,212,286,阮
﻿212,286,238,286,238,307,212,307,忠
﻿212,307,238,307,238,328,212,328,彦
﻿212,328,238,328,238,349,212,349,黎
﻿212,349,238,349,238,370,212,370,伯
﻿212,370,238,370,238,391,212,391,适
﻿212,391,238,391,238,412,212,412,之
﻿212,412,238,412,238,434,212,434,諸
﻿183,58,208,58,208,78,183,78,賢
﻿183,78,208,78,208,99,183,99,而
﻿183,99,208,99,208,120,183,120,時
﻿183,120,208,120,208,141,183,141,君
﻿183,141,208,141,208,162,183,162,或
﻿183,162,208,162,208,183,183,183,以
﻿183,183,208,183,208,203,183,203,見
﻿183,203,208,203,208,224,183,224,踈
﻿183,224,208,224,208,245,183,245,宜
﻿183,245,208,245,208,266,183,266,其
﻿183,266,208,266,208,287,183,287,治
﻿183,287,208,287,208,308,183,308,之
﻿183,308,208,308,208,328,183,328,不
﻿183,328,208,328,208,349,183,349,古
﻿183,349,208,349,208,370,183,370,若
﻿183,370,208,370,208,391,183,391,也
﻿183,391,208,391,208,412,183,412,他
﻿183,412,208,412,208,433,183,433,如
﻿152,56,179,56,179,76,152,76,陳
﻿152,76,179,76,179,97,152,97,克
﻿152,97,179,97,179,118,152,118,終
﻿152,118,179,118,179,139,152,139,之
﻿152,139,179,139,179,160,152,160,奸
﻿152,160,179,160,179,181,152,181,邪
﻿152,181,179,181,179,202,152,202,陳
﻿152,202,179,202,179,223,152,223,慶
﻿152,223,179,223,179,244,152,244,餘
﻿152,244,179,244,179,265,152,265,之
﻿152,265,179,265,179,286,152,286,貪
﻿152,286,179,286,179,307,152,307,鄙
﻿152,307,179,307,179,328,152,328,何
﻿152,328,179,328,179,349,152,349,足
﻿152,349,179,349,179,370,152,370,𬢱
﻿152,370,179,370,179,391,152,391,㢤
﻿152,391,179,391,179,412,152,412,大
﻿152,412,179,412,179,433,152,433,抵
﻿123,56,146,56,146,76,123,76,李
﻿123,76,146,76,146,97,123,97,陳
﻿123,97,146,97,146,118,123,118,之
﻿123,118,146,118,146,139,123,139,亡
﻿123,139,146,139,146,160,123,160,雖
﻿123,160,146,160,146,181,123,181,由
﻿123,181,146,181,146,202,123,202,綱
﻿123,202,146,202,146,223,123,223,常
﻿123,223,146,223,146,244,123,244,之
﻿123,244,146,244,146,264,123,264,紊
﻿123,264,146,264,146,285,123,285,亂
﻿123,285,146,285,146,306,123,306,亦
﻿123,306,146,306,146,327,123,327,由
﻿123,327,146,327,146,348,123,348,異
﻿123,348,146,348,146,369,123,369,端
﻿123,369,146,369,146,390,123,390,之
﻿123,390,146,390,146,411,123,411,蠱
﻿123,411,146,411,146,432,123,432,惑
﻿93,58,116,58,116,78,93,78,𭛁
﻿93,78,116,78,116,99,93,99,庫
﻿93,99,116,99,116,120,93,120,钱
﻿93,120,116,120,116,140,93,140,而
﻿93,140,116,140,116,161,93,161,造
﻿93,161,116,161,116,182,93,182,佛
﻿93,182,116,182,116,203,93,203,像
﻿93,203,116,203,116,223,93,223,𭛁
﻿93,223,116,223,116,244,93,244,庫
﻿93,244,116,244,116,265,93,265,銅
﻿93,265,116,265,116,285,93,285,而
﻿93,285,116,285,116,306,93,306,鑄
﻿93,306,116,306,116,327,93,327,洪
﻿93,327,116,327,116,348,93,348,鍾
﻿93,348,116,348,116,368,93,368,𭛁
﻿93,368,116,368,116,389,93,389,庫
﻿93,389,116,389,116,410,93,410,紙
﻿93,410,116,410,116,431,93,431,而
﻿61,59,88,59,88,79,61,79,寫
﻿61,79,88,79,88,100,61,100,佛
﻿61,100,88,100,88,121,61,121,經
﻿61,121,88,121,88,142,61,142,李
﻿61,142,88,142,88,162,61,162,朝
﻿61,162,88,162,88,183,61,183,之
﻿61,183,88,183,88,204,61,204,事
﻿61,204,88,204,88,225,61,225,佛
﻿61,225,88,225,88,246,61,246,謹
﻿61,246,88,246,88,266,61,266,矣
﻿61,266,88,266,88,287,61,287,然
﻿61,287,88,287,88,308,61,308,殺
﻿61,308,88,308,88,329,61,329,李
﻿61,329,88,329,88,349,61,349,氏
﻿61,349,88,349,88,370,61,370,之
﻿61,370,88,370,88,391,61,391,子
﻿61,391,88,391,88,412,61,412,孫
﻿61,412,88,412,88,433,61,433,者
﻿31,56,58,56,58,76,31,76,纔
﻿31,76,58,76,58,97,31,97,出
﻿31,97,58,97,58,118,31,118,於
﻿31,118,58,118,58,138,31,138,陳
﻿31,138,58,138,58,159,31,159,守
﻿31,159,58,159,58,180,31,180,度
﻿31,180,58,180,58,200,31,200,之
﻿31,200,58,200,58,221,31,221,兇
﻿31,221,58,221,58,242,31,242,險
﻿31,242,58,242,58,262,31,262,而
﻿31,262,58,262,58,283,31,283,佛
﻿31,283,58,283,58,304,31,304,不
﻿31,304,58,304,58,324,31,324,䏻
﻿31,324,58,324,58,345,31,345,救
﻿31,345,58,345,58,366,31,366,以
﻿31,366,58,366,58,386,31,386,天
﻿31,386,58,386,58,407,31,407,子
﻿31,407,58,407,58,428,31,428,而
﻿4,55,28,55,28,75,4,75,爲
﻿4,75,28,75,28,96,4,96,大
﻿4,96,28,96,28,117,4,117,士
﻿4,117,28,117,28,138,4,138,以
﻿4,138,28,138,28,159,4,159,妃
﻿4,159,28,159,28,180,4,180,嬪
﻿4,180,28,180,28,201,4,201,而
﻿4,201,28,201,28,222,4,222,爲
﻿4,222,28,222,28,243,4,243,丘
﻿4,243,28,243,28,264,4,264,尼
﻿4,264,28,264,28,285,4,285,以
﻿4,285,28,285,28,306,4,306,王
﻿4,306,28,306,28,327,4,327,主
﻿4,327,28,327,28,348,4,348,而
﻿4,348,28,348,28,369,4,369,爲
﻿4,369,28,369,28,390,4,390,僧
﻿4,390,28,390,28,411,4,411,眾
﻿4,411,28,411,28,432,4,432,陳
