248,39,279,39,279,59,248,59,象
﻿248,59,279,59,279,80,248,80,古
﻿248,80,279,80,279,101,248,101,忌
﻿248,101,279,101,279,122,248,122,之
﻿248,122,279,122,279,142,248,142,召
﻿248,142,279,142,279,163,248,163,為
﻿248,163,279,163,279,184,248,184,牙
﻿248,184,279,184,279,205,248,205,將
﻿248,205,279,205,279,226,248,226,至
﻿248,226,279,226,279,246,248,246,是
﻿248,246,279,246,279,267,248,267,令
﻿248,267,279,267,279,288,248,288,討
﻿248,288,279,288,279,309,248,309,黃
﻿248,309,279,309,279,330,248,330,洞
﻿248,330,279,330,279,350,248,350,蠻
﻿248,350,279,350,279,371,248,371,清
﻿248,371,279,371,279,392,248,392,因
﻿248,392,279,392,279,413,248,413,人
﻿248,413,279,413,279,434,248,434,心
﻿221,41,246,41,246,61,221,61,忿
﻿221,61,246,61,246,81,221,81,怒
﻿221,81,246,81,246,102,221,102,夜
﻿221,102,246,102,246,122,221,122,還
﻿221,122,246,122,246,143,221,143,襲
﻿221,143,246,143,246,163,221,163,州
﻿221,163,246,163,246,184,221,184,𨺻
﻿221,184,246,184,246,204,221,204,之
﻿221,204,246,204,246,225,221,225,殺
﻿221,225,246,225,246,245,221,245,象
﻿221,245,246,245,246,266,221,266,古
﻿231,268,246,268,246,289,231,289,清
﻿231,289,246,289,246,310,231,310,交
﻿231,310,246,310,246,331,231,331,州
﻿231,331,246,331,246,352,231,352,人
﻿231,352,246,352,246,374,231,374,象
﻿217,268,230,268,230,288,217,288,古
﻿217,288,230,288,230,308,217,308,唐
﻿217,308,230,308,230,328,217,328,宗
﻿217,328,230,328,230,348,217,348,室
﻿217,348,230,348,230,369,217,369,人
﻿217,377,240,377,240,396,217,396,詔
﻿217,396,240,396,240,416,217,416,桂
﻿217,416,240,416,240,436,217,436,仲
﻿186,39,216,39,216,59,186,59,攻
﻿186,59,216,59,216,80,186,80,清
﻿186,80,216,80,216,101,186,101,不
﻿186,101,216,101,216,122,186,122,克
﻿186,122,216,122,216,143,186,143,清
﻿186,143,216,143,216,164,186,164,入
﻿186,164,216,164,216,185,186,185,諸
﻿186,185,216,185,216,206,186,206,蠻
﻿186,206,216,206,216,227,186,227,獠
﻿186,227,216,227,216,248,186,248,中
﻿186,248,216,248,216,269,186,269,作
﻿186,269,216,269,216,290,186,290,乱
﻿186,290,216,290,216,311,186,311,剽
﻿186,311,216,311,216,332,186,332,畧
﻿186,332,216,332,216,353,186,353,城
﻿186,353,216,353,216,374,186,374,府
﻿186,374,216,374,216,395,186,395,都
﻿186,395,216,395,216,416,186,416,護
﻿186,416,216,416,216,437,186,437,李
﻿155,38,184,38,184,58,155,58,元
﻿155,58,184,58,184,79,155,79,嘉
﻿155,79,184,79,184,100,155,100,攻
﻿155,100,184,100,184,120,155,120,之
﻿155,120,184,120,184,141,155,141,不
﻿155,141,184,141,184,162,155,162,克
﻿155,162,184,162,184,183,155,183,誘
﻿155,183,184,183,184,203,155,203,之
﻿155,203,184,203,184,224,155,224,不
﻿155,224,184,224,184,245,155,245,來
﻿155,245,184,245,184,266,155,266,由
﻿155,266,184,266,184,286,155,286,是
﻿155,286,184,286,184,307,155,307,黃
﻿155,307,184,307,184,328,155,328,洞
﻿155,328,184,328,184,349,155,349,蠻
﻿155,349,184,349,184,369,155,369,引
﻿155,369,184,369,184,390,155,390,環
﻿155,390,184,390,184,411,155,411,王
﻿155,411,184,411,184,432,155,432,入
﻿134,38,152,38,152,55,134,55,寇
﻿103,38,123,38,123,57,103,57,甲
﻿103,57,123,57,123,77,103,77,辰
﻿112,79,127,79,127,98,112,98,唐
﻿112,98,127,98,127,118,112,118,穆
﻿112,118,127,118,127,137,112,137,宗
﻿112,137,127,137,127,157,112,157,恒
﻿99,79,111,79,111,99,99,99,長
﻿99,99,111,99,111,119,99,119,󰆑
﻿99,119,111,119,111,139,99,139,四
﻿99,139,111,139,111,159,99,159,年
﻿95,161,120,161,120,181,95,181,冬
﻿95,181,120,181,120,202,95,202,十
﻿95,202,120,202,120,223,95,223,一
﻿95,223,120,223,120,244,95,244,月
﻿95,244,120,244,120,265,95,265,李
﻿95,265,120,265,120,286,95,286,元
﻿95,286,120,286,120,307,95,307,嘉
﻿95,307,120,307,120,328,95,328,以
﻿95,328,120,328,120,349,95,349,城
﻿95,349,120,349,120,370,95,370,門
﻿95,370,120,370,120,391,95,391,有
﻿95,391,120,391,120,412,95,412,逆
﻿95,412,120,412,120,433,95,433,水
﻿68,38,92,38,92,58,68,58,恐
﻿68,58,92,58,92,79,68,79,州
﻿68,79,92,79,92,99,68,99,人
﻿68,99,92,99,92,120,68,120,多
﻿68,120,92,120,92,140,68,140,生
﻿68,140,92,140,92,161,68,161,叛
﻿68,161,92,161,92,181,68,181,意
﻿68,181,92,181,92,202,68,202,因
﻿68,202,92,202,92,222,68,222,移
﻿68,222,92,222,92,243,68,243,今
﻿68,243,92,243,92,263,68,263,城
﻿68,263,92,263,92,284,68,284,焉
﻿79,286,92,286,92,307,79,307,時
﻿79,307,92,307,92,328,79,328,元
﻿79,328,92,328,92,349,79,349,嘉
﻿79,349,92,349,92,370,79,370,移
﻿79,370,92,370,92,391,79,391,撫
﻿79,391,92,391,92,412,79,412,治
﻿79,412,92,412,92,433,79,433,於
﻿63,287,78,287,78,307,63,307,?
﻿63,307,78,307,78,327,63,327,?
﻿63,327,78,327,78,348,63,348,?
﻿63,348,78,348,78,368,63,368,?
﻿63,368,78,368,78,389,63,389,?
﻿63,389,78,389,78,409,63,409,?
﻿63,409,78,409,78,430,63,430,?
﻿50,36,63,36,63,56,50,56,有
﻿50,56,63,56,63,77,50,77,相
﻿50,77,63,77,63,98,50,98,者
﻿50,98,63,98,63,119,50,119,曰
﻿50,119,63,119,63,140,50,140,君
﻿50,140,63,140,63,161,50,161,力
﻿50,161,63,161,63,182,50,182,不
﻿50,182,63,182,63,203,50,203,足
﻿50,203,63,203,63,224,50,224,築
﻿50,224,63,224,63,244,50,244,大
﻿50,244,63,244,63,265,50,265,城
﻿50,265,63,265,63,286,50,286,五
﻿50,286,63,286,63,307,50,307,十
﻿50,307,63,307,63,328,50,328,年
﻿50,328,63,328,63,349,50,349,後
﻿50,349,63,349,63,370,50,370,必
﻿50,370,63,370,63,391,50,391,有
﻿50,391,63,391,63,412,50,412,姓
﻿50,412,63,412,63,433,50,433,髙
﻿35,34,49,34,49,54,35,54,者
﻿35,54,49,54,49,75,35,75,於
﻿35,75,49,75,49,96,35,96,此
﻿35,96,49,96,49,117,35,117,定
﻿35,117,49,117,49,138,35,138,都
﻿35,138,49,138,49,159,35,159,建
﻿35,159,49,159,49,180,35,180,府
﻿35,180,49,180,49,201,35,201,至
﻿35,201,49,201,49,222,35,222,咸
﻿35,222,49,222,49,242,35,242,通
﻿35,242,49,242,49,263,35,263,中
﻿35,263,49,263,49,284,35,284,髙
﻿35,284,49,284,49,305,35,305,駢
﻿35,305,49,305,49,326,35,326,增
﻿35,326,49,326,49,347,35,347,築
﻿35,347,49,347,49,368,35,368,羅
﻿35,368,49,368,49,389,35,389,城
﻿35,389,49,389,49,410,35,410,果
﻿35,410,49,410,49,431,35,431,如
﻿22,35,34,35,34,55,22,55,其
﻿22,55,34,55,34,76,22,76,言
﻿22,76,34,76,34,97,22,97,又
﻿22,97,34,97,34,118,22,118,按
﻿22,118,34,118,34,139,22,139,前
﻿22,139,34,139,34,160,22,160,此
﻿22,160,34,160,34,181,22,181,都
﻿22,181,34,181,34,202,22,202,護
﻿22,202,34,202,34,223,22,223,府
﻿22,223,34,223,34,244,22,244,城
﻿22,244,34,244,34,265,22,265,今
﻿22,265,34,265,34,286,22,286,在
﻿22,286,34,286,34,307,22,307,東
﻿22,307,34,307,34,328,22,328,關
﻿22,328,34,328,34,349,22,349,外
﻿22,349,34,349,34,370,22,370,城
﻿22,370,34,370,34,391,22,391,?
﻿7,36,21,36,21,56,7,56,之
﻿7,56,21,56,21,77,7,77,羅
﻿7,77,21,77,21,98,7,98,城
﻿7,98,21,98,21,119,7,119,後
﻿7,119,21,119,21,139,7,139,髙
﻿7,139,21,139,21,160,7,160,駢
﻿7,160,21,160,21,181,7,181,築
﻿7,181,21,181,21,202,7,202,今
﻿7,202,21,202,21,222,7,222,城
﻿7,222,21,222,21,243,7,243,外
﻿7,243,21,243,21,264,7,264,亦
﻿7,264,21,264,21,285,7,285,謂
﻿7,285,21,285,21,305,7,305,之
﻿7,305,21,305,21,326,7,326,羅
﻿7,326,21,326,21,347,7,347,城
﻿7,347,21,347,21,368,7,368,謂
