264,36,286,36,286,56,264,56,爾
﻿264,56,286,56,286,77,264,77,等
﻿264,77,286,77,286,98,264,98,所
﻿264,98,286,98,286,118,264,118,致
﻿264,118,286,118,286,139,264,139,也
﻿264,139,286,139,286,160,264,160,叔
﻿264,160,286,160,286,181,264,181,惠
﻿264,181,286,181,286,201,264,201,告
﻿264,201,286,201,286,222,264,222,於
﻿264,222,286,222,286,243,264,243,大
﻿264,243,286,243,286,263,264,263,司
﻿264,263,286,263,286,284,264,284,徒
﻿264,284,286,284,286,305,264,305,察
﻿264,305,286,305,286,326,264,326,都
﻿264,326,286,326,286,346,264,346,督
﻿264,346,286,346,286,367,264,367,問
﻿264,367,286,367,286,388,264,388,察
﻿264,388,286,388,286,409,264,409,問
﻿235,36,257,36,257,56,235,56,怒
﻿235,56,257,56,257,77,235,77,之
﻿235,77,257,77,257,98,235,98,讓
﻿235,98,257,98,257,119,235,119,廌
﻿235,119,257,119,257,139,235,139,曰
﻿235,139,257,139,257,160,235,160,致
﻿235,160,257,160,257,181,235,181,天
﻿235,181,257,181,257,202,235,202,灾
﻿235,202,257,202,257,223,235,223,非
﻿235,223,257,223,257,243,235,243,此
﻿235,243,257,243,257,264,235,264,属
﻿235,264,257,264,257,285,235,285,過
﻿235,285,257,285,257,306,235,306,也
﻿235,306,257,306,257,326,235,326,𠧨
﻿235,326,257,326,257,347,235,347,在
﻿235,347,257,347,257,368,235,368,君
﻿235,368,257,368,257,389,235,389,相
﻿235,389,257,389,257,410,235,410,耳
﻿204,37,228,37,228,56,204,56,公
﻿204,56,228,56,228,76,204,76,相
﻿204,76,228,76,228,96,204,96,責
﻿204,96,228,96,228,115,204,115,何
﻿204,115,228,115,228,135,204,135,太
﻿204,135,228,135,228,155,204,155,甚
﻿204,155,228,155,228,174,204,174,耶
﻿204,174,228,174,228,194,204,194,廌
﻿204,194,228,194,228,214,204,214,詞
﻿204,214,228,214,228,233,204,233,謝
﻿204,233,228,233,228,253,204,253,曰
﻿204,253,228,253,228,273,204,273,叔
﻿204,273,228,273,228,292,204,292,惠
﻿204,292,228,292,228,312,204,312,以
﻿204,312,228,312,228,332,204,332,掊
﻿204,332,228,332,228,351,204,351,克
﻿204,351,228,351,228,371,204,371,小
﻿204,371,228,371,228,391,204,391,才
﻿204,391,228,391,228,411,204,411,居
﻿173,37,197,37,197,57,173,57,天
﻿173,57,197,57,197,78,173,78,下
﻿173,78,197,78,197,98,173,98,樞
﻿173,98,197,98,197,119,173,119,要
﻿173,119,197,119,197,139,173,139,每
﻿173,139,197,139,197,160,173,160,有
﻿173,160,197,160,197,180,173,180,奏
﻿173,180,197,180,197,201,173,201,簿
﻿173,201,197,201,197,222,173,222,皆
﻿173,222,197,222,197,242,173,242,欲
﻿173,242,197,242,197,263,173,263,損
﻿173,263,197,263,197,283,173,283,民
﻿173,283,197,283,197,304,173,304,㱕
﻿173,304,197,304,197,324,173,324,官
﻿173,324,197,324,197,345,173,345,以
﻿173,345,197,345,197,365,173,365,求
﻿173,365,197,365,197,386,173,386,合
﻿173,386,197,386,197,407,173,407,上
﻿143,35,166,35,166,55,143,55,意
﻿143,55,166,55,166,76,143,76,故
﻿143,76,166,76,166,97,143,97,僕
﻿143,97,166,97,166,118,143,118,因
﻿143,118,166,118,166,139,143,139,事
﻿143,139,166,139,166,160,143,160,而
﻿143,160,166,160,166,180,143,180,𭛁
﻿143,180,166,180,166,201,143,201,耳
﻿143,201,166,201,166,222,143,222,非
﻿143,222,166,222,166,243,143,243,有
﻿143,243,166,243,166,264,143,264,所
﻿143,264,166,264,166,285,143,285,訊
﻿143,285,166,285,166,305,143,305,議
﻿143,305,166,305,166,326,143,326,君
﻿143,326,166,326,166,347,143,347,相
﻿143,347,166,347,166,368,143,368,也
﻿143,368,166,368,166,389,143,389,察
﻿143,389,166,389,166,410,143,410,怒
﻿112,34,134,34,134,56,112,56,尙
﻿112,56,134,56,134,78,112,78,未
﻿112,78,134,78,134,100,112,100,觧
﻿112,100,134,100,134,122,112,122,然
﻿112,122,134,122,134,144,112,144,奏
﻿112,144,134,144,134,167,112,167,本
﻿112,167,134,167,134,189,112,189,猶
﻿112,189,134,189,134,211,112,211,因
﻿112,211,134,211,134,233,112,233,廌
﻿112,233,134,233,134,255,112,255,不
﻿112,255,134,255,134,277,112,277,改
﻿112,277,134,277,134,300,112,300,十
﻿112,300,134,300,134,322,112,322,八
﻿112,322,134,322,134,344,112,344,日
﻿112,344,134,344,134,366,112,366,旨
﻿112,366,134,366,134,388,112,388,揮
﻿112,388,134,388,134,411,112,411,諸
﻿82,34,104,34,104,54,82,54,路
﻿82,54,104,54,104,75,82,75,鎮
﻿82,75,104,75,104,96,82,96,縣
﻿82,96,104,96,104,117,82,117,各
﻿82,117,104,117,104,138,82,138,隊
﻿82,138,104,138,104,159,82,159,巡
﻿82,159,104,159,104,180,82,180,檢
﻿82,180,104,180,104,201,82,201,司
﻿82,201,104,201,104,222,82,222,把
﻿82,222,104,222,104,243,82,243,関
﻿82,243,104,243,104,264,82,264,隘
﻿82,264,104,264,104,285,82,285,等
﻿82,285,104,285,104,306,82,306,嚴
﻿82,306,104,306,104,327,82,327,加
﻿82,327,104,327,104,348,82,348,巡
﻿82,348,104,348,104,369,82,369,守
﻿82,369,104,369,104,390,82,390,搜
﻿82,390,104,390,104,411,82,411,捕
﻿51,37,74,37,74,58,51,58,盗
﻿51,58,74,58,74,80,51,80,刼
﻿51,80,74,80,74,102,51,102,二
﻿51,102,74,102,74,124,51,124,十
﻿51,124,74,124,74,146,51,146,四
﻿51,146,74,146,74,167,51,167,日
﻿51,167,74,167,74,189,51,189,辰
﻿51,189,74,189,74,211,51,211,時
﻿51,211,74,211,74,233,51,233,有
﻿51,233,74,233,74,255,51,255,青
﻿51,255,74,255,74,277,51,277,赤
﻿51,277,74,277,74,298,51,298,氣
﻿51,298,74,298,74,320,51,320,状
﻿51,320,74,320,74,342,51,342,如
﻿51,342,74,342,74,364,51,364,虹
﻿51,364,74,364,74,386,51,386,而
﻿51,386,74,386,74,408,51,408,短
﻿19,35,43,35,43,58,19,58,並
﻿19,58,43,58,43,81,19,81,見
﻿19,81,43,81,43,105,19,105,于
﻿19,105,43,105,43,128,19,128,東
﻿19,128,43,128,43,152,19,152,北
﻿19,152,43,152,43,175,19,175,天
﻿19,175,43,175,43,199,19,199,徵
﻿19,199,43,199,43,222,19,222,降
﻿19,222,43,222,43,245,19,245,霜
﻿19,245,43,245,43,269,19,269,斬
﻿19,269,43,269,43,292,19,292,左
﻿19,292,43,292,43,316,19,316,𤤻
﻿19,316,43,316,43,339,19,339,漆
﻿19,339,43,339,43,363,19,363,作
﻿19,363,43,363,43,386,19,386,匠
﻿19,386,43,386,43,410,19,410,匠
