250,17,274,17,274,37,250,37,參
﻿250,37,274,37,274,58,250,58,議
﻿250,58,274,58,274,79,250,79,政
﻿250,79,274,79,274,100,250,100,事
﻿250,100,274,100,274,120,250,120,阮
﻿250,120,274,120,274,141,250,141,復
﻿250,141,274,141,274,162,250,162,監
﻿250,162,274,162,274,183,250,183,試
﻿250,183,274,183,274,204,250,204,門
﻿250,204,274,204,274,224,250,224,下
﻿250,224,274,224,274,245,250,245,省
﻿250,245,274,245,274,266,250,266,左
﻿250,266,274,266,274,287,250,287,司
﻿250,287,274,287,274,308,250,308,左
﻿250,308,274,308,274,328,250,328,諫
﻿250,328,274,328,274,349,250,349,議
﻿250,349,274,349,274,370,250,370,大
﻿250,370,274,370,274,391,250,391,夫
﻿250,391,274,391,274,412,250,412,知
﻿219,17,242,17,242,37,219,37,北
﻿219,37,242,37,242,58,219,58,道
﻿219,58,242,58,242,79,219,79,軍
﻿219,79,242,79,242,99,219,99,民
﻿219,99,242,99,242,120,219,120,簿
﻿219,120,242,120,242,141,219,141,籍
﻿219,141,242,141,242,162,219,162,兼
﻿219,162,242,162,242,182,219,182,翰
﻿219,182,242,182,242,203,219,203,林
﻿219,203,242,203,242,224,219,224,院
﻿219,224,242,224,242,245,219,245,承
﻿219,245,242,245,242,265,219,265,旨
﻿219,265,242,265,242,286,219,286,學
﻿219,286,242,286,242,307,219,307,士
﻿219,307,242,307,242,328,219,328,阮
﻿219,328,242,328,242,348,219,348,如
﻿219,348,242,348,242,369,219,369,堵
﻿219,369,242,369,242,390,219,390,翰
﻿219,390,242,390,242,411,219,411,林
﻿189,19,212,19,212,39,189,39,院
﻿189,39,212,39,212,60,189,60,承
﻿189,60,212,60,212,81,189,81,旨
﻿189,81,212,81,212,101,189,101,學
﻿189,101,212,101,212,122,189,122,士
﻿189,122,212,122,212,143,189,143,知
﻿189,143,212,143,212,163,189,163,東
﻿189,163,212,163,212,184,189,184,道
﻿189,184,212,184,212,205,189,205,軍
﻿189,205,212,205,212,225,189,225,民
﻿189,225,212,225,212,246,189,246,阮
﻿189,246,212,246,212,267,189,267,永
﻿189,267,212,267,212,287,189,287,錫
﻿189,287,212,287,212,308,189,308,國
﻿189,308,212,308,212,329,189,329,子
﻿189,329,212,329,212,349,189,349,監
﻿189,349,212,349,212,370,189,370,祭
﻿189,370,212,370,212,391,189,391,酒
﻿189,391,212,391,212,412,189,412,阮
﻿158,17,181,17,181,37,158,37,伯
﻿158,37,181,37,181,58,158,58,既
﻿158,58,181,58,181,79,158,79,讀
﻿158,79,181,79,181,100,158,100,卷
﻿158,100,181,100,181,121,158,121,上
﻿158,121,181,121,181,142,158,142,臨
﻿158,142,181,142,181,162,158,162,軒
﻿158,162,181,162,181,183,158,183,制
﻿158,183,181,183,181,204,158,204,策
﻿158,204,181,204,181,225,158,225,咨
﻿158,225,181,225,181,246,158,246,以
﻿158,246,181,246,181,267,158,267,帝
﻿158,267,181,267,181,287,158,287,王
﻿158,287,181,287,181,308,158,308,治
﻿158,308,181,308,181,329,158,329,道
﻿158,329,181,329,181,350,158,350,四
﻿158,350,181,350,181,371,158,371,梁
﻿158,371,181,371,181,392,158,392,世
﻿158,392,181,392,181,413,158,413,榮
﻿128,17,153,17,153,38,128,38,等
﻿128,38,153,38,153,60,128,60,以
﻿128,60,153,60,153,82,128,82,下
﻿128,82,153,82,153,104,128,104,及
﻿128,104,153,104,153,126,128,126,第
﻿128,126,153,126,153,148,128,148,出
﻿128,148,153,148,153,170,128,170,神
﻿128,170,153,170,153,192,128,192,有
﻿128,192,153,192,153,214,128,214,差
﻿128,214,153,214,153,236,128,236,聖
﻿128,236,153,236,153,258,128,258,旨
﻿128,258,153,258,153,280,128,280,祈
﻿128,280,153,280,153,302,128,302,雨
﻿128,302,153,302,153,324,128,324,致
﻿128,324,153,324,153,346,128,346,祭
﻿128,346,153,346,153,368,128,368,用
﻿128,368,153,368,153,390,128,390,税
﻿128,390,153,390,153,412,128,412,錢
﻿97,18,121,18,121,39,97,39,玉
﻿97,39,121,39,121,61,97,61,岝
﻿97,61,121,61,121,83,97,83,字
﻿97,83,121,83,121,105,97,105,與
﻿97,105,121,105,121,127,97,127,清
﻿97,127,121,127,121,149,97,149,池
﻿97,149,121,149,121,171,97,171,縣
﻿97,171,121,171,121,193,97,193,大
﻿97,193,121,193,121,215,97,215,右
﻿97,215,121,215,121,237,97,237,例
﻿97,237,121,237,121,259,97,259,社
﻿97,259,121,259,121,281,97,281,節
﻿97,281,121,281,121,303,97,303,婦
﻿97,303,121,303,121,325,97,325,阮
﻿97,325,121,325,121,347,97,347,氏
﻿97,347,121,347,121,369,97,369,蒲
﻿97,369,121,369,121,391,97,391,黄
﻿97,391,121,391,121,413,97,413,榜
﻿66,18,91,18,91,39,66,39,旌
﻿66,39,91,39,91,61,66,61,表
﻿66,61,91,61,91,83,66,83,門
﻿66,83,91,83,91,105,66,105,閭
﻿66,105,91,105,91,127,66,127,許
﻿66,127,91,127,91,149,66,149,免
﻿66,149,91,149,91,171,66,171,子
﻿66,171,91,171,91,193,66,193,孫
﻿66,193,91,193,91,215,66,215,一
﻿66,215,91,215,91,236,66,236,人
﻿66,236,91,236,91,258,66,258,給
﻿66,258,91,258,91,280,66,280,養
﻿66,280,91,280,91,302,66,302,二
﻿66,302,91,302,91,324,66,324,十
﻿66,324,91,324,91,346,66,346,二
﻿66,346,91,346,91,368,66,368,日
﻿66,368,91,368,91,390,66,390,臚
﻿66,390,91,390,91,412,66,412,傳
﻿36,17,60,17,60,37,36,37,進
﻿36,37,60,37,60,58,36,58,士
﻿36,58,60,58,60,79,36,79,梁
﻿36,79,60,79,60,100,36,100,世
﻿36,100,60,100,60,121,36,121,榮
﻿36,121,60,121,60,142,36,142,等
﻿36,142,60,142,60,163,36,163,名
﻿36,163,60,163,60,184,36,184,頒
﻿36,184,60,184,60,205,36,205,恩
﻿36,205,60,205,60,225,36,225,命
﻿36,225,60,225,60,246,36,246,命
﻿36,246,60,246,60,267,36,267,禮
﻿36,267,60,267,60,288,36,288,官
﻿36,288,60,288,60,309,36,309,捧
﻿36,309,60,309,60,330,36,330,黄
﻿36,330,60,330,60,351,36,351,榜
﻿36,351,60,351,60,372,36,372,揭
﻿36,372,60,372,60,393,36,393,於
﻿36,393,60,393,60,414,36,414,東
﻿8,16,31,16,31,38,8,38,華
﻿8,38,31,38,31,60,8,60,門
﻿8,60,31,60,31,82,8,82,外
﻿8,82,31,82,31,104,8,104,以
﻿8,104,31,104,31,126,8,126,示
﻿8,126,31,126,31,148,8,148,多
﻿8,148,31,148,31,170,8,170,士
﻿8,170,31,170,31,192,8,192,三
﻿8,192,31,192,31,214,8,214,月
﻿8,214,31,214,31,236,8,236,初
﻿8,236,31,236,31,258,8,258,二
﻿8,258,31,258,31,280,8,280,日
﻿8,280,31,280,31,302,8,302,黄
﻿8,302,31,302,31,324,8,324,清
﻿8,324,31,324,31,346,8,346,卒
﻿8,346,31,346,31,368,8,368,年
﻿8,368,31,368,31,390,8,390,五
﻿8,390,31,390,31,412,8,412,十
