252,65,275,65,275,85,252,85,客
﻿252,85,275,85,275,106,252,106,隊
﻿252,106,275,106,275,126,252,126,長
﻿252,126,275,126,275,147,252,147,劉
﻿252,147,275,147,275,167,252,167,伯
﻿252,167,275,167,275,188,252,188,恭
﻿252,188,275,188,275,208,252,208,為
﻿252,208,275,208,275,229,252,229,四
﻿252,229,275,229,275,250,252,250,厢
﻿252,250,275,250,275,270,252,270,指
﻿252,270,275,270,275,291,252,291,揮
﻿252,291,275,291,275,311,252,311,使
﻿252,311,275,311,275,332,252,332,初
﻿252,332,275,332,275,352,252,352,伯
﻿252,352,275,352,275,373,252,373,恭
﻿252,373,275,373,275,393,252,393,為
﻿252,393,275,393,275,414,252,414,成
﻿252,414,275,414,275,435,252,435,山
﻿221,65,243,65,243,85,221,85,侯
﻿221,85,243,85,243,106,221,106,王
﻿221,106,243,106,243,126,221,126,通
﻿221,126,243,126,243,147,221,147,通
﻿221,147,243,147,243,168,221,168,事
﻿221,168,243,168,243,188,221,188,丁
﻿221,188,243,188,243,209,221,209,未
﻿221,209,243,209,243,229,221,229,太
﻿221,229,243,229,243,250,221,250,祖
﻿221,250,243,250,243,271,221,271,駐
﻿221,271,243,271,243,291,221,291,營
﻿221,291,243,291,243,312,221,312,菩
﻿221,312,243,312,243,332,221,332,提
﻿221,332,243,332,243,353,221,353,王
﻿221,353,243,353,243,374,221,374,通
﻿221,374,243,374,243,394,221,394,嘗
﻿221,394,243,394,243,415,221,415,使
﻿221,415,243,415,243,436,221,436,伯
﻿191,64,214,64,214,84,191,84,恭
﻿191,84,214,84,214,105,191,105,通
﻿191,105,214,105,214,125,191,125,問
﻿191,125,214,125,214,146,191,146,信
﻿191,146,214,146,214,167,191,167,即
﻿191,167,214,167,214,187,191,187,太
﻿191,187,214,187,214,208,191,208,祖
﻿191,208,214,208,214,228,191,228,謂
﻿191,228,214,228,214,249,191,249,曰
﻿191,249,214,249,214,270,191,270,王
﻿191,270,214,270,214,290,191,290,通
﻿191,290,214,290,214,311,191,311,果
﻿191,311,214,311,214,331,191,331,能
﻿191,331,214,331,214,352,191,352,𤤻
﻿191,352,214,352,214,373,191,373,師
﻿191,373,214,373,214,393,191,393,還
﻿191,393,214,393,214,414,191,414,國
﻿191,414,214,414,214,435,191,435,可
﻿161,64,186,64,186,84,161,84,封
﻿161,84,186,84,186,105,161,105,汝
﻿161,105,186,105,186,125,161,125,為
﻿161,125,186,125,186,146,161,146,侯
﻿161,146,186,146,186,167,161,167,及
﻿161,167,186,167,186,187,161,187,天
﻿161,187,186,187,186,208,161,208,下
﻿161,208,186,208,186,228,161,228,大
﻿161,228,186,228,186,249,161,249,定
﻿161,249,186,249,186,270,161,270,擢
﻿161,270,186,270,186,290,161,290,為
﻿161,290,186,290,186,311,161,311,隊
﻿161,311,186,311,186,331,161,331,長
﻿161,331,186,331,186,352,161,352,至
﻿161,352,186,352,186,373,161,373,是
﻿161,373,186,373,186,393,161,393,大
﻿161,393,186,393,186,414,161,414,臣
﻿161,414,186,414,186,435,161,435,具
﻿130,65,153,65,153,86,130,86,以
﻿130,86,153,86,153,108,130,108,其
﻿130,108,153,108,153,130,130,130,事
﻿130,130,153,130,153,152,130,152,言
﻿130,152,153,152,153,173,130,173,故
﻿130,173,153,173,153,195,130,195,有
﻿130,195,153,195,153,217,130,217,是
﻿130,217,153,217,153,239,130,239,命
﻿130,239,153,239,153,260,130,260,乙
﻿130,260,153,260,153,282,130,282,亥
﻿130,282,153,282,153,304,130,304,奏
﻿130,304,153,304,153,326,130,326,告
﻿130,326,153,326,153,347,130,347,太
﻿130,347,153,347,153,369,130,369,廟
﻿130,369,153,369,153,391,130,391,追
﻿130,391,153,391,153,413,130,413,上
﻿130,413,153,413,153,435,130,435,先
﻿100,64,123,64,123,84,100,84,帝
﻿100,84,123,84,123,104,100,104,先
﻿100,104,123,104,123,125,100,125,后
﻿100,125,123,125,123,145,100,145,尊
﻿100,145,123,145,123,165,100,165,號
﻿100,165,123,165,123,186,100,186,顯
﻿100,186,123,186,123,206,100,206,祖
﻿100,206,123,206,123,226,100,226,昭
﻿100,226,123,226,123,247,100,247,德
﻿100,247,123,247,123,267,100,267,皇
﻿100,267,123,267,123,287,100,287,帝
﻿100,287,123,287,123,308,100,308,曰
﻿100,308,123,308,123,328,100,328,顯
﻿100,328,123,328,123,348,100,348,祖
﻿100,348,123,348,123,369,100,369,招
﻿100,369,123,369,123,389,100,389,德
﻿100,389,123,389,123,409,100,409,至
﻿100,409,123,409,123,430,100,430,仁
﻿70,65,93,65,93,85,70,85,皇
﻿70,85,93,85,93,106,70,106,帝
﻿70,106,93,106,93,126,70,126,顯
﻿70,126,93,126,93,147,70,147,慈
﻿70,147,93,147,93,167,70,167,嘉
﻿70,167,93,167,93,188,70,188,淑
﻿70,188,93,188,93,208,70,208,皇
﻿70,208,93,208,93,229,70,229,太
﻿70,229,93,229,93,249,70,249,侯
﻿70,249,93,249,93,270,70,270,曰
﻿70,270,93,270,93,290,70,290,顯
﻿70,290,93,290,93,311,70,311,慈
﻿70,311,93,311,93,331,70,331,家
﻿70,331,93,331,93,352,70,352,淑
﻿70,352,93,352,93,372,70,372,欽
﻿70,372,93,372,93,393,70,393,順
﻿70,393,93,393,93,413,70,413,皇
﻿70,413,93,413,93,434,70,434,太
﻿37,63,61,63,61,83,37,83,后
﻿37,83,61,83,61,104,37,104,宣
﻿37,104,61,104,61,124,37,124,祖
﻿37,124,61,124,61,145,37,145,惠
﻿37,145,61,145,61,165,37,165,文
﻿37,165,61,165,61,186,37,186,皇
﻿37,186,61,186,61,206,37,206,帝
﻿37,206,61,206,61,227,37,227,曰
﻿37,227,61,227,61,247,37,247,宣
﻿37,247,61,247,61,268,37,268,祖
﻿37,268,61,268,61,288,37,288,惠
﻿37,288,61,288,61,309,37,309,文
﻿37,309,61,309,61,329,37,329,睿
﻿37,329,61,329,61,350,37,350,哲
﻿37,350,61,350,61,370,37,370,皇
﻿37,370,61,370,61,391,37,391,帝
﻿37,391,61,391,61,411,37,411,貞
﻿37,411,61,411,61,432,37,432,慈
﻿10,65,32,65,32,85,10,85,懿
﻿10,85,32,85,32,105,10,105,文
﻿10,105,32,105,32,126,10,126,皇
﻿10,126,32,126,32,146,10,146,太
﻿10,146,32,146,32,166,10,166,后
﻿10,166,32,166,32,187,10,187,曰
﻿10,187,32,187,32,207,10,207,貞
﻿10,207,32,207,32,228,10,228,慈
﻿10,228,32,228,32,248,10,248,懿
﻿10,248,32,248,32,268,10,268,文
﻿10,268,32,268,32,289,10,289,莊
﻿10,289,32,289,32,309,10,309,献
﻿10,309,32,309,32,330,10,330,皇
﻿10,330,32,330,32,350,10,350,太
﻿10,350,32,350,32,370,10,370,后
﻿10,370,32,370,32,391,10,391,太
﻿10,391,32,391,32,411,10,411,祖
﻿10,411,32,411,32,432,10,432,統
