249,65,273,65,273,86,249,86,爲
﻿249,86,273,86,273,108,249,108,正
﻿249,108,273,108,273,129,249,129,刑
﻿249,129,273,129,273,151,249,151,院
﻿249,151,273,151,273,172,249,172,大
﻿249,172,273,172,273,194,249,194,夫
﻿249,194,273,194,273,216,249,216,占
﻿249,216,273,216,273,237,249,237,城
﻿249,237,273,237,273,259,249,259,人
﻿249,259,273,259,273,280,249,280,潘
﻿249,280,273,280,273,302,249,302,某
﻿249,302,273,302,273,324,249,324,率
﻿249,324,273,324,273,345,249,345,男
﻿249,345,273,345,273,367,249,367,婦
﻿249,367,273,367,273,388,249,388,三
﻿249,388,273,388,273,410,249,410,百
﻿249,410,273,410,273,432,249,432,四
﻿220,69,245,69,245,89,220,89,十
﻿220,89,245,89,245,109,220,109,餘
﻿220,109,245,109,245,129,220,129,人
﻿220,129,245,129,245,149,220,149,來
﻿220,149,245,149,245,170,220,170,降
﻿220,170,245,170,245,190,220,190,詔
﻿220,190,245,190,245,210,220,210,分
﻿220,210,245,210,245,230,220,230,處
﻿220,230,245,230,245,250,220,250,各
﻿220,250,245,250,245,271,220,271,道
﻿191,68,215,68,215,88,191,88,十
﻿191,88,215,88,215,108,191,108,一
﻿191,108,215,108,215,128,191,128,月
﻿191,128,215,128,215,148,191,148,下
﻿191,148,215,148,215,169,191,169,嫁
﻿191,169,215,169,215,189,191,189,正
﻿191,189,215,189,215,209,191,209,長
﻿191,209,215,209,215,229,191,229,娣
﻿191,229,215,229,215,250,191,250,衛
﻿191,250,215,250,215,270,191,270,國
﻿191,270,215,270,215,290,191,290,長
﻿191,290,215,290,215,310,191,310,公
﻿191,310,215,310,215,330,191,330,主
﻿191,330,215,330,215,351,191,351,于
﻿191,351,215,351,215,371,191,371,太
﻿191,371,215,371,215,391,191,391,尉
﻿191,391,215,391,215,411,191,411,黎
﻿191,411,215,411,215,432,191,432,受
﻿162,67,186,67,186,87,162,87,子
﻿162,87,186,87,186,107,162,107,黎
﻿162,107,186,107,186,128,162,128,适
﻿162,128,186,128,186,148,162,148,公
﻿162,148,186,148,186,168,162,168,主
﻿162,168,186,168,186,189,162,189,方
﻿162,189,186,189,186,209,162,209,十
﻿162,209,186,209,186,230,162,230,歲
﻿162,230,186,230,186,250,162,250,啞
﻿162,250,186,250,186,270,162,270,不
﻿162,270,186,270,186,291,162,291,能
﻿162,291,186,291,186,311,162,311,言
﻿162,311,186,311,186,332,162,332,詔
﻿162,332,186,332,186,352,162,352,司
﻿162,352,186,352,186,372,162,372,冦
﻿162,372,186,372,186,393,162,393,鄭
﻿162,393,186,393,186,413,162,413,克
﻿162,413,186,413,186,434,162,434,復
﻿133,68,156,68,156,89,133,89,主
﻿133,89,156,89,156,111,133,111,婚
﻿133,111,156,111,156,132,133,132,事
﻿133,132,156,132,156,154,133,154,時
﻿133,154,156,154,156,175,133,175,黎
﻿133,175,156,175,156,197,133,197,受
﻿133,197,156,197,156,218,133,218,具
﻿133,218,156,218,156,240,133,240,聘
﻿133,240,156,240,156,261,133,261,禮
﻿133,261,156,261,156,283,133,283,求
﻿133,283,156,283,156,304,133,304,宦
﻿133,304,156,304,156,326,133,326,達
﻿133,326,156,326,156,347,133,347,者
﻿133,347,156,347,156,369,133,369,競
﻿133,369,156,369,156,390,133,390,供
﻿133,390,156,390,156,412,133,412,貨
﻿133,412,156,412,156,434,133,434,物
﻿102,67,128,67,128,88,102,88,以
﻿102,88,128,88,128,110,102,110,媒
﻿102,110,128,110,128,131,102,131,富
﻿102,131,128,131,128,153,102,153,貴
﻿102,153,128,153,128,174,102,174,而
﻿102,174,128,174,128,196,102,196,錦
﻿102,196,128,196,128,218,102,218,繡
﻿102,218,128,218,128,239,102,239,綾
﻿102,239,128,239,128,261,102,261,羅
﻿102,261,128,261,128,282,102,282,繒
﻿102,282,128,282,128,304,102,304,絹
﻿102,304,128,304,128,326,102,326,市
﻿102,326,128,326,128,347,102,347,庯
﻿102,347,128,347,128,369,102,369,為
﻿102,369,128,369,128,390,102,390,之
﻿102,390,128,390,128,412,102,412,一
﻿102,412,128,412,128,434,102,434,空
﻿74,67,99,67,99,87,74,87,黎
﻿74,87,99,87,99,107,74,107,受
﻿74,107,99,107,99,128,74,128,又
﻿74,128,99,128,99,148,74,148,命
﻿74,148,99,148,99,169,74,169,各
﻿74,169,99,169,99,189,74,189,鎮
﻿74,189,99,189,99,210,74,210,路
﻿74,210,99,210,99,230,74,230,縣
﻿74,230,99,230,99,251,74,251,官
﻿74,251,99,251,99,271,74,271,僃
﻿74,271,99,271,99,291,74,291,辨
﻿74,291,99,291,99,312,74,312,牛
﻿74,312,99,312,99,332,74,332,羊
﻿74,332,99,332,99,353,74,353,等
﻿74,353,99,353,99,373,74,373,物
﻿74,373,99,373,99,394,74,394,然
﻿74,394,99,394,99,414,74,414,皆
﻿74,414,99,414,99,435,74,435,浚
﻿42,68,69,68,69,88,42,88,歛
﻿42,88,69,88,69,108,42,108,軍
﻿42,108,69,108,69,129,42,129,民
﻿42,129,69,129,69,149,42,149,以
﻿42,149,69,149,69,169,42,169,求
﻿42,169,69,169,69,190,42,190,媚
﻿42,190,69,190,69,210,42,210,?
﻿42,210,69,210,69,231,42,231,󰱑
﻿42,231,69,231,69,251,42,251,官
﻿42,251,69,251,69,271,42,271,亨
﻿42,271,69,271,69,292,42,292,𭛁
﻿42,292,69,292,69,312,42,312,奏
﻿42,312,69,312,69,333,42,333,劾
﻿42,333,69,333,69,353,42,353,之
﻿42,353,69,353,69,373,42,373,黎
﻿42,373,69,373,69,394,42,394,受
﻿42,394,69,394,69,414,42,414,免
﻿42,414,69,414,69,435,42,435,冠
﻿15,69,39,69,39,89,15,89,謝
﻿15,89,39,89,39,109,15,109,罪
﻿15,109,39,109,39,130,15,130,然
﻿15,130,39,130,39,150,15,150,令
﻿15,150,39,150,39,170,15,170,已
﻿15,170,39,170,39,191,15,191,通
﻿15,191,39,191,39,211,15,211,行
﻿15,211,39,211,39,231,15,231,各
﻿15,231,39,231,39,252,15,252,官
﻿15,252,39,252,39,272,15,272,仍
﻿15,272,39,272,39,292,15,292,具
﻿15,292,39,292,39,313,15,313,送
﻿15,313,39,313,39,333,15,333,來
﻿15,333,39,333,39,353,15,353,黎
﻿15,353,39,353,39,374,15,374,受
﻿15,374,39,374,39,394,15,394,不
﻿15,394,39,394,39,414,15,414,辝
﻿15,414,39,414,39,435,15,435,亨
