258,12,283,12,283,32,258,32,江
﻿258,32,283,32,283,53,258,53,命
﻿258,53,283,53,283,74,258,74,翰
﻿258,74,283,74,283,94,258,94,林
﻿258,94,283,94,283,115,258,115,奉
﻿258,115,283,115,283,136,258,136,㫖
﻿258,136,283,136,283,156,258,156,丁
﻿258,156,283,156,283,177,258,177,供
﻿258,177,283,177,283,198,258,198,垣
﻿258,198,283,198,283,218,258,218,攝
﻿258,218,283,218,283,239,258,239,北
﻿258,239,283,239,283,260,258,260,宫
﻿258,260,283,260,283,280,258,280,内
﻿258,280,283,280,283,301,258,301,察
﻿258,301,283,301,283,322,258,322,院
﻿258,322,283,322,283,343,258,343,事
﻿228,12,248,12,248,31,228,31,乙
﻿228,31,248,31,248,51,228,51,酉
﻿228,51,248,51,248,71,228,71,七
﻿228,71,248,71,248,91,228,91,年
﻿239,93,252,93,252,113,239,113,九
﻿239,113,252,113,252,133,239,133,月
﻿239,133,252,133,252,153,239,153,以
﻿239,153,252,153,252,173,239,173,後
﻿239,173,252,173,252,193,239,193,重
﻿239,193,252,193,252,213,239,213,興
﻿239,213,252,213,252,233,239,233,元
﻿239,233,252,233,252,254,239,254,年
﻿223,95,238,95,238,115,223,115,元
﻿223,115,238,115,238,135,223,135,至
﻿223,135,238,135,238,155,223,155,元
﻿223,155,238,155,238,176,223,176,二
﻿223,176,238,176,238,196,223,196,十
﻿223,196,238,196,238,216,223,216,二
﻿223,216,238,216,238,237,223,237,年
﻿226,255,248,255,248,275,226,275,春
﻿226,275,248,275,248,296,226,296,正
﻿226,296,248,296,248,317,226,317,月
﻿226,317,248,317,248,337,226,337,六
﻿226,337,248,337,248,358,226,358,日
﻿226,358,248,358,248,379,226,379,元
﻿226,379,248,379,248,400,226,400,烏
﻿194,11,217,11,217,32,194,32,馬
﻿194,32,217,32,217,54,194,54,兒
﻿194,54,217,54,217,75,194,75,犯
﻿194,75,217,75,217,97,194,97,萬
﻿194,97,217,97,217,119,194,119,刼
﻿194,119,217,119,217,140,194,140,普
﻿194,140,217,140,217,162,194,162,頼
﻿194,162,217,162,217,183,194,183,山
﻿194,183,217,183,217,205,194,205,等
﻿194,205,217,205,217,227,194,227,處
﻿194,227,217,227,217,248,194,248,官
﻿194,248,217,248,217,270,194,270,軍
﻿194,270,217,270,217,291,194,291,奔
﻿194,291,217,291,217,313,194,313,潰
﻿194,313,217,313,217,335,194,335,十
﻿194,335,217,335,217,356,194,356,二
﻿194,356,217,356,217,378,194,378,日
﻿194,378,217,378,217,400,194,400,賊
﻿163,11,188,11,188,31,163,31,犯
﻿163,31,188,31,188,52,163,52,嘉
﻿163,52,188,52,188,72,163,72,林
﻿163,72,188,72,188,93,163,93,武
﻿163,93,188,93,188,113,163,113,寕
﻿163,113,188,113,188,134,163,134,東
﻿163,134,188,134,188,154,163,154,岸
﻿163,154,188,154,188,175,163,175,獲
﻿163,175,188,175,188,195,163,195,我
﻿163,195,188,195,188,216,163,216,軍
﻿163,216,188,216,188,236,163,236,皆
﻿163,236,188,236,188,257,163,257,墨
﻿163,257,188,257,188,277,163,277,刺
﻿163,277,188,277,188,298,163,298,殺
﻿163,298,188,298,188,318,163,318,韃
﻿163,318,188,318,188,339,163,339,二
﻿163,339,188,339,188,359,163,359,字
﻿163,359,188,359,188,380,163,380,於
﻿163,380,188,380,188,401,163,401,臂
﻿135,12,157,12,157,32,135,32,大
﻿135,32,157,32,157,52,135,52,怒
﻿135,52,157,52,157,72,135,72,殺
﻿135,72,157,72,157,93,135,93,之
﻿135,93,157,93,157,113,135,113,甚
﻿135,113,157,113,157,133,135,133,眾
﻿135,133,157,133,157,154,135,154,遂
﻿135,154,157,154,157,174,135,174,至
﻿135,174,157,174,157,194,135,194,東
﻿135,194,157,194,157,215,135,215,步
﻿135,215,157,215,157,235,135,235,頭
﻿135,235,157,235,157,255,135,255,建
﻿135,255,157,255,157,276,135,276,大
﻿135,276,157,276,157,296,135,296,旗
﻿135,296,157,296,157,316,135,316,帝
﻿135,316,157,316,157,337,135,337,欲
﻿135,337,157,337,157,357,135,357,使
﻿135,357,157,357,157,377,135,377,人
﻿135,377,157,377,157,397,135,397,覘
﻿104,11,127,11,127,31,104,31,賊
﻿104,31,127,31,127,51,104,51,虛
﻿104,51,127,51,127,72,104,72,實
﻿104,72,127,72,127,92,104,92,而
﻿104,92,127,92,127,113,104,113,未
﻿104,113,127,113,127,133,104,133,得
﻿104,133,127,133,127,154,104,154,其
﻿104,154,127,154,127,174,104,174,人
﻿104,174,127,174,127,195,104,195,祗
﻿104,195,127,195,127,215,104,215,候
﻿104,215,127,215,127,236,104,236,局
﻿104,236,127,236,127,256,104,256,首
﻿104,256,127,256,127,277,104,277,杜
﻿104,277,127,277,127,297,104,297,克
﻿104,297,127,297,127,318,104,318,終
﻿104,318,127,318,127,338,104,338,趍
﻿104,338,127,338,127,359,104,359,進
﻿104,359,127,359,127,379,104,379,曰
﻿104,379,127,379,127,400,104,400,臣
﻿74,12,98,12,98,32,74,32,卑
﻿74,32,98,32,98,53,74,53,賤
﻿74,53,98,53,98,73,74,73,不
﻿74,73,98,73,98,94,74,94,才
﻿74,94,98,94,98,114,74,114,請
﻿74,114,98,114,98,135,74,135,行
﻿74,135,98,135,98,155,74,155,帝
﻿74,155,98,155,98,176,74,176,喜
﻿74,176,98,176,98,196,74,196,之
﻿74,196,98,196,98,217,74,217,曰
﻿74,217,98,217,98,237,74,237,安
﻿74,237,98,237,98,258,74,258,識
﻿74,258,98,258,98,278,74,278,盐
﻿74,278,98,278,98,299,74,299,車
﻿74,299,98,299,98,319,74,319,有
﻿74,319,98,319,98,340,74,340,此
﻿74,340,98,340,98,360,74,360,騏
﻿74,360,98,360,98,381,74,381,驥
﻿74,381,98,381,98,402,74,402,遣
﻿43,11,67,11,67,31,43,31,奉
﻿43,31,67,31,67,51,43,51,書
﻿43,51,67,51,67,72,43,72,請
﻿43,72,67,72,67,92,43,92,行
﻿43,92,67,92,67,113,43,113,城
﻿43,113,67,113,67,133,43,133,烏
﻿43,133,67,133,67,154,43,154,馬
﻿43,154,67,154,67,174,43,174,兒
﻿43,174,67,174,67,195,43,195,問
﻿43,195,67,195,67,215,43,215,曰
﻿43,215,67,215,67,236,43,236,國
﻿43,236,67,236,67,256,43,256,王
﻿43,256,67,256,67,277,43,277,無
﻿43,277,67,277,67,297,43,297,禮
﻿43,297,67,297,67,318,43,318,令
﻿43,318,67,318,67,338,43,338,人
﻿43,338,67,338,67,359,43,359,墨
﻿43,359,67,359,67,379,43,379,刺
﻿43,379,67,379,67,400,43,400,殺
﻿13,11,38,11,38,31,13,31,韃
﻿13,31,38,31,38,51,13,51,字
﻿13,51,38,51,38,71,13,71,欺
﻿13,71,38,71,38,92,13,92,侮
﻿13,92,38,92,38,112,13,112,天
﻿13,112,38,112,38,132,13,132,兵
﻿13,132,38,132,38,153,13,153,其
﻿13,153,38,153,38,173,13,173,過
﻿13,173,38,173,38,193,13,193,大
﻿13,193,38,193,38,214,13,214,矣
﻿13,214,38,214,38,234,13,234,克
﻿13,234,38,234,38,254,13,254,終
﻿13,254,38,254,38,275,13,275,應
﻿13,275,38,275,38,295,13,295,曰
﻿13,295,38,295,38,315,13,315,家
﻿13,315,38,315,38,336,13,336,狗
﻿13,336,38,336,38,356,13,356,吠
﻿13,356,38,356,38,376,13,376,人
﻿13,376,38,376,38,396,13,396,非
