247,12,269,12,269,32,247,32,集
﻿247,32,269,32,269,52,247,52,行
﻿247,52,269,52,269,72,247,72,于
﻿247,72,269,72,269,92,247,92,世
﻿247,92,269,92,269,112,247,112,子
﻿247,112,269,112,269,132,247,132,文
﻿247,132,269,132,269,153,247,153,肃
﻿247,153,269,153,269,173,247,173,王
﻿247,173,269,173,269,193,247,193,道
﻿247,193,269,193,269,213,247,213,載
﻿247,213,269,213,269,233,247,233,亦
﻿247,233,269,233,269,253,247,253,以
﻿247,253,269,253,269,274,247,274,文
﻿247,274,269,274,269,294,247,294,學
﻿247,294,269,294,269,314,247,314,名
﻿247,314,269,314,269,334,247,334,于
﻿247,334,269,334,269,354,247,354,時
﻿247,354,269,354,269,374,247,374,上
﻿247,374,269,374,269,395,247,395,皇
﻿216,12,240,12,240,31,216,31,厚
﻿216,31,240,31,240,51,216,51,愛
﻿216,51,240,51,240,71,216,71,異
﻿216,71,240,71,240,91,216,91,諸
﻿216,91,240,91,240,111,216,111,從
﻿216,111,240,111,240,131,216,131,弟
﻿216,131,240,131,240,151,216,151,時
﻿216,151,240,151,240,171,216,171,上
﻿216,171,240,171,240,191,216,191,皇
﻿216,191,240,191,240,210,216,210,幸
﻿216,210,240,210,240,230,216,230,羽
﻿216,230,240,230,240,250,216,250,林
﻿216,250,240,250,240,270,216,270,逰
﻿216,270,240,270,240,290,216,290,石
﻿216,290,240,290,240,310,216,310,窰
﻿216,310,240,310,240,330,216,330,石
﻿216,330,240,330,240,350,216,350,嶺
﻿216,350,240,350,240,370,216,370,之
﻿216,370,240,370,240,390,216,390,口
﻿186,12,211,12,211,32,186,32,狹
﻿186,32,211,32,211,52,186,52,隘
﻿186,52,211,52,211,72,186,72,上
﻿186,72,211,72,211,93,186,93,皇
﻿186,93,211,93,211,113,186,113,御
﻿186,113,211,113,211,133,186,133,小
﻿186,133,211,133,211,153,186,153,舟
﻿186,153,211,153,211,174,186,174,宣
﻿186,174,211,174,211,194,186,194,慈
﻿186,194,211,194,211,214,186,214,太
﻿186,214,211,214,211,234,186,234,后
﻿186,234,211,234,211,255,186,255,在
﻿186,255,211,255,211,275,186,275,船
﻿186,275,211,275,211,295,186,295,尾
﻿186,295,211,295,211,315,186,315,召
﻿186,315,211,315,211,336,186,336,文
﻿186,336,211,336,211,356,186,356,肃
﻿186,356,211,356,211,376,186,376,王
﻿186,376,211,376,211,397,186,397,登
﻿155,11,180,11,180,31,155,31,船
﻿155,31,180,31,180,51,155,51,首
﻿155,51,180,51,180,71,155,71,止
﻿155,71,180,71,180,92,155,92,許
﻿155,92,180,92,180,112,155,112,一
﻿155,112,180,112,180,132,155,132,夫
﻿155,132,180,132,180,152,155,152,丁
﻿155,152,180,152,180,173,155,173,掉
﻿155,173,180,173,180,193,155,193,而
﻿155,193,180,193,180,213,155,213,已
﻿155,213,180,213,180,233,155,233,及
﻿155,233,180,233,180,254,155,254,出
﻿155,254,180,254,180,274,155,274,家
﻿155,274,180,274,180,294,155,294,時
﻿155,294,180,294,180,314,155,314,法
﻿155,314,180,314,180,335,155,335,御
﻿155,335,180,335,180,355,155,355,将
﻿155,355,180,355,180,375,155,375,出
﻿155,375,180,375,180,396,155,396,廷
﻿127,11,150,11,150,31,127,31,道
﻿127,31,150,31,150,51,127,51,載
﻿127,51,150,51,150,71,127,71,入
﻿127,71,150,71,150,92,127,92,聖
﻿127,92,150,92,150,112,127,112,慈
﻿127,112,150,112,150,132,127,132,宫
﻿127,132,150,132,150,152,127,152,養
﻿127,152,150,152,150,173,127,173,德
﻿127,173,150,173,150,193,127,193,殿
﻿127,193,150,193,150,213,127,213,賜
﻿127,213,150,213,150,233,127,233,坐
﻿127,233,150,233,150,254,127,254,食
﻿127,254,150,254,150,274,127,274,海
﻿127,274,150,274,150,294,127,294,味
﻿127,294,150,294,150,314,127,314,賦
﻿127,314,150,314,150,335,127,335,詩
﻿127,335,150,335,150,355,127,355,曰
﻿127,355,150,355,150,375,127,375,紅
﻿127,375,150,375,150,396,127,396,濕
﻿98,12,121,12,121,32,98,32,剥
﻿98,32,121,32,121,52,98,52,龜
﻿98,52,121,52,121,72,98,72,脚
﻿98,72,121,72,121,93,98,93,黄
﻿98,93,121,93,121,113,98,113,香
﻿98,113,121,113,121,133,98,133,炙
﻿98,133,121,133,121,153,98,153,馬
﻿98,153,121,153,121,174,98,174,鞍
﻿98,174,121,174,121,194,98,194,山
﻿98,194,121,194,121,214,98,214,僧
﻿98,214,121,214,121,234,98,234,持
﻿98,234,121,234,121,255,98,255,淨
﻿98,255,121,255,121,275,98,275,戒
﻿98,275,121,275,121,295,98,295,同
﻿98,295,121,295,121,315,98,315,坐
﻿98,315,121,315,121,336,98,336,不
﻿98,336,121,336,121,356,98,356,同
﻿98,356,121,356,121,376,98,376,飧
﻿98,376,121,376,121,397,98,397,其
﻿67,12,91,12,91,32,67,32,親
﻿67,32,91,32,91,52,67,52,信
﻿67,52,91,52,91,72,67,72,寵
﻿67,72,91,72,91,92,67,92,異
﻿67,92,91,92,91,112,67,112,如
﻿67,112,91,112,91,132,67,132,此
﻿67,132,91,132,91,153,67,153,欲
﻿67,153,91,153,91,173,67,173,大
﻿67,173,91,173,91,193,67,193,用
﻿67,193,91,193,91,213,67,213,之
﻿67,213,91,213,91,233,67,233,而
﻿67,233,91,233,91,253,67,253,天
﻿67,253,91,253,91,274,67,274,不
﻿67,274,91,274,91,294,67,294,假
﻿67,294,91,294,91,314,67,314,以
﻿67,314,91,314,91,334,67,334,年
﻿67,334,91,334,91,354,67,354,孫
﻿67,354,91,354,91,374,67,374,威
﻿67,374,91,374,91,395,67,395,肃
﻿38,15,61,15,61,34,38,34,公
﻿38,34,61,34,61,54,38,54,文
﻿38,54,61,54,61,74,38,74,壁
﻿38,74,61,74,61,94,38,94,明
﻿38,94,61,94,61,114,38,114,宗
﻿38,114,61,114,61,134,38,134,時
﻿38,134,61,134,61,154,38,154,太
﻿38,154,61,154,61,174,38,174,保
﻿38,174,61,174,61,194,38,194,曾
﻿38,194,61,194,61,213,38,213,孫
﻿38,213,61,213,61,233,38,233,章
﻿38,233,61,233,61,253,38,253,肃
﻿38,253,61,253,61,273,38,273,國
﻿38,273,61,273,61,293,38,293,上
﻿38,293,61,293,61,313,38,313,侯
﻿38,313,61,313,61,333,38,333,元
﻿38,333,61,333,61,353,38,353,旦
﻿38,353,61,353,61,373,38,373,藝
﻿38,373,61,373,61,393,38,393,宗
﻿9,12,33,12,33,32,9,32,時
﻿9,32,33,32,33,52,9,52,司
﻿9,52,33,52,33,72,9,72,徒
﻿9,72,33,72,33,92,9,92,亦
﻿9,92,33,92,33,112,9,112,有
﻿9,112,33,112,33,132,9,132,顯
﻿9,132,33,132,33,152,9,152,名
﻿9,152,33,152,33,172,9,172,德
﻿9,172,33,172,33,192,9,192,澤
﻿9,192,33,192,33,212,9,212,深
﻿9,212,33,212,33,232,9,232,厚
﻿9,232,33,232,33,252,9,252,與
﻿9,252,33,252,33,272,9,272,王
﻿9,272,33,272,33,292,9,292,室
﻿9,292,33,292,33,312,9,312,相
﻿9,312,33,312,33,332,9,332,為
﻿9,332,33,332,33,352,9,352,始
﻿9,352,33,352,33,372,9,372,終
﻿9,372,33,372,33,393,9,393,焉
