253,30,280,30,280,53,253,53,和
﻿253,53,280,53,280,76,253,76,之
﻿253,76,280,76,280,99,253,99,也
﻿253,99,280,99,280,122,253,122,其
﻿253,122,280,122,280,145,253,145,奪
﻿253,145,280,145,280,168,253,168,兄
﻿253,168,280,168,280,191,253,191,之
﻿253,191,280,191,280,214,253,214,妻
﻿253,214,280,214,280,237,253,237,亦
﻿253,237,280,237,280,260,253,260,出
﻿253,260,280,260,280,283,253,283,於
﻿253,283,280,283,280,306,253,306,靈
﻿253,306,280,306,280,329,253,329,慈
﻿253,329,280,329,280,352,253,352,與
﻿253,352,280,352,280,375,253,375,守
﻿253,375,280,375,280,398,253,398,度
﻿225,30,247,30,247,51,225,51,自
﻿225,51,247,51,247,73,225,73,陷
﻿225,73,247,73,247,94,225,94,過
﻿225,94,247,94,247,116,225,116,𠧨
﻿225,116,247,116,247,137,225,137,既
﻿225,137,247,137,247,159,225,159,有
﻿225,159,247,159,247,181,225,181,以
﻿225,181,247,181,247,202,225,202,導
﻿225,202,247,202,247,224,225,224,之
﻿225,224,247,224,247,245,225,245,而
﻿225,245,247,245,247,267,225,267,隱
﻿225,267,247,267,247,289,225,289,忍
﻿225,289,247,289,247,310,225,310,安
﻿225,310,247,310,247,332,225,332,全
﻿225,332,247,332,247,353,225,353,又
﻿225,353,247,353,247,375,225,375,有
﻿225,375,247,375,247,397,225,397,以
﻿193,29,216,29,216,51,193,51,導
﻿193,51,216,51,216,74,193,74,之
﻿193,74,216,74,216,97,193,97,者
﻿193,97,216,97,216,120,193,120,盖
﻿193,120,216,120,216,143,193,143,其
﻿193,143,216,143,216,166,193,166,有
﻿193,166,216,166,216,189,193,189,天
﻿193,189,216,189,216,212,193,212,資
﻿193,212,216,212,216,235,193,235,之
﻿193,235,216,235,216,258,193,258,羙
﻿193,258,216,258,216,281,193,281,而
﻿193,281,216,281,216,304,193,304,未
﻿193,304,216,304,216,327,193,327,𭓇
﻿193,327,216,327,216,350,193,350,者
﻿193,350,216,350,216,373,193,373,也
﻿193,373,216,373,216,396,193,396,及
﻿161,31,186,31,186,53,161,53,春
﻿161,53,186,53,186,76,161,76,秋
﻿161,76,186,76,186,99,161,99,髙
﻿161,99,186,99,186,122,161,122,而
﻿161,122,186,122,186,144,161,144,理
﻿161,144,186,144,186,167,161,167,明
﻿161,167,186,167,186,190,161,190,德
﻿161,190,186,190,186,213,161,213,進
﻿161,213,186,213,186,235,161,235,其
﻿161,235,186,235,186,258,161,258,有
﻿161,258,186,258,186,281,161,281,得
﻿161,281,186,281,186,304,161,304,於
﻿161,304,186,304,186,326,161,326,聖
﻿161,326,186,326,186,349,161,349,𭓇
﻿161,349,186,349,186,372,161,372,也
﻿161,372,186,372,186,395,161,395,󰊹
﻿132,11,155,11,155,31,132,31,上
﻿132,31,155,31,155,52,132,52,皇
﻿132,52,155,52,155,72,132,72,崩
﻿132,72,155,72,155,93,132,93,之
﻿132,93,155,93,155,113,132,113,日
﻿132,113,155,113,155,134,132,134,韶
﻿132,134,155,134,155,154,132,154,陽
﻿132,154,155,154,155,175,132,175,公
﻿132,175,155,175,155,196,132,196,主
﻿144,200,158,200,158,220,144,220,上
﻿144,220,158,220,158,240,144,240,皇
﻿144,240,158,240,158,260,144,260,次
﻿144,260,158,260,158,280,144,280,女
﻿129,201,143,201,143,220,129,220,名
﻿129,220,143,220,143,240,129,240,翠
﻿129,240,143,240,143,260,129,260,也
﻿133,281,158,281,158,300,133,300,方
﻿133,300,158,300,158,320,133,320,坐
﻿133,320,158,320,158,340,133,340,蓐
﻿133,340,158,340,158,360,133,360,忽
﻿133,360,158,360,158,380,133,380,聞
﻿133,380,158,380,158,400,133,400,鐘
﻿102,11,126,11,126,31,102,31,聲
﻿102,31,126,31,126,51,102,51,連
﻿102,51,126,51,126,72,102,72,響
﻿102,72,126,72,126,92,102,92,曰
﻿102,92,126,92,126,113,102,113,得
﻿102,113,126,113,126,133,102,133,非
﻿102,133,126,133,126,154,102,154,不
﻿102,154,126,154,126,174,102,174,諱
﻿102,174,126,174,126,195,102,195,耶
﻿102,195,126,195,126,215,102,215,左
﻿102,215,126,215,126,236,102,236,右
﻿102,236,126,236,126,256,102,256,紿
﻿102,256,126,256,126,277,102,277,之
﻿102,277,126,277,126,297,102,297,不
﻿102,297,126,297,126,318,102,318,聽
﻿102,318,126,318,126,338,102,338,乃
﻿102,338,126,338,126,359,102,359,慟
﻿102,359,126,359,126,379,102,379,哭
﻿102,379,126,379,126,400,102,400,長
﻿71,11,95,11,95,31,71,31,號
﻿71,31,95,31,95,51,71,51,瞑
﻿71,51,95,51,95,72,71,72,目
﻿71,72,95,72,95,92,71,92,而
﻿71,92,95,92,95,112,71,112,逝
﻿71,112,95,112,95,133,71,133,先
﻿71,133,95,133,95,153,71,153,是
﻿71,153,95,153,95,173,71,173,上
﻿71,173,95,173,95,194,71,194,皇
﻿71,194,95,194,95,214,71,214,弗
﻿71,214,95,214,95,235,71,235,豫
﻿71,235,95,235,95,255,71,255,公
﻿71,255,95,255,95,275,71,275,主
﻿71,275,95,275,95,296,71,296,時
﻿71,296,95,296,95,316,71,316,已
﻿71,316,95,316,95,336,71,336,嫁
﻿71,336,95,336,95,357,71,357,上
﻿71,357,95,357,95,377,71,377,位
﻿71,377,95,377,95,398,71,398,文
﻿41,12,64,12,64,31,41,31,興
﻿41,31,64,31,64,50,41,50,侯
﻿52,51,66,51,66,69,52,69,缺
﻿40,52,51,52,51,69,40,69,名
﻿41,70,66,70,66,90,41,90,數
﻿41,90,66,90,66,110,41,110,遣
﻿41,110,66,110,66,131,41,131,人
﻿41,131,66,131,66,151,41,151,問
﻿41,151,66,151,66,172,41,172,起
﻿41,172,66,172,66,192,41,192,居
﻿41,192,66,192,66,213,41,213,左
﻿41,213,66,213,66,233,41,233,右
﻿41,233,66,233,66,253,41,253,皆
﻿41,253,66,253,66,274,41,274,以
﻿41,274,66,274,66,294,41,294,平
﻿41,294,66,294,66,315,41,315,復
﻿41,315,66,315,66,335,41,335,無
﻿41,335,66,335,66,356,41,356,事
﻿41,356,66,356,66,376,41,376,對
﻿41,376,66,376,66,397,41,397,及
﻿13,12,38,12,38,34,13,34,聞
﻿13,34,38,34,38,56,13,56,鐘
﻿13,56,38,56,38,79,13,79,聲
﻿13,79,38,79,38,101,13,101,慟
﻿13,101,38,101,38,123,13,123,哭
﻿13,123,38,123,38,146,13,146,長
﻿13,146,38,146,38,168,13,168,號
﻿13,168,38,168,38,190,13,190,而
﻿13,190,38,190,38,213,13,213,逝
﻿13,213,38,213,38,235,13,235,國
﻿13,235,38,235,38,257,13,257,人
﻿13,257,38,257,38,280,13,280,傷
﻿13,280,38,280,38,302,13,302,之
﻿13,302,38,302,38,324,13,324,時
﻿13,324,38,324,38,347,13,347,威
﻿13,347,38,347,38,369,13,369,文
﻿13,369,38,369,38,392,13,392,王
