241,29,266,29,266,49,241,49,精
﻿241,49,266,49,266,70,241,70,氣
﻿241,70,266,70,266,90,241,90,因
﻿241,90,266,90,266,111,241,111,結
﻿241,111,266,111,266,132,241,132,為
﻿241,132,266,132,266,152,241,152,此
﻿241,152,266,152,266,173,241,173,故
﻿241,173,266,173,266,193,241,193,也
﻿241,193,266,193,266,214,241,214,世
﻿241,214,266,214,266,235,241,235,人
﻿241,235,266,235,266,255,241,255,以
﻿241,255,266,255,266,276,241,276,不
﻿241,276,266,276,266,296,241,296,常
﻿241,296,266,296,266,317,241,317,見
﻿241,317,266,317,266,338,241,338,而
﻿241,338,266,338,266,358,241,358,異
﻿241,358,266,358,266,379,241,379,之
﻿241,379,266,379,266,400,241,400,殊
﻿211,31,236,31,236,51,211,51,不
﻿211,51,236,51,236,71,211,71,知
﻿211,71,236,71,236,92,211,92,此
﻿211,92,236,92,236,112,211,112,陽
﻿211,112,236,112,236,133,211,133,精
﻿211,133,236,133,236,153,211,153,氣
﻿211,153,236,153,236,174,211,174,聚
﻿211,174,236,174,236,194,211,194,而
﻿211,194,236,194,236,215,211,215,成
﻿211,215,236,215,236,235,211,235,之
﻿211,235,236,235,236,255,211,255,耳
﻿211,255,236,255,236,276,211,276,帝
﻿211,276,236,276,236,296,211,296,感
﻿211,296,236,296,236,317,211,317,之
﻿211,317,236,317,236,337,211,337,因
﻿211,337,236,337,236,358,211,358,而
﻿211,358,236,358,236,378,211,378,改
﻿211,378,236,378,236,399,211,399,元
﻿182,30,206,30,206,50,182,50,自
﻿182,50,206,50,206,71,182,71,時
﻿182,71,206,71,206,91,182,91,厥
﻿182,91,206,91,206,112,182,112,後
﻿182,112,206,112,206,133,182,133,好
﻿182,133,206,133,206,153,182,153,名
﻿182,153,206,153,206,174,182,174,之
﻿182,174,206,174,206,194,182,194,人
﻿182,194,206,194,206,215,182,215,祝
﻿182,215,206,215,206,236,182,236,髮
﻿182,236,206,236,206,256,182,256,為
﻿182,256,206,256,206,277,182,277,僧
﻿182,277,206,277,206,297,182,297,忍
﻿182,297,206,297,206,318,182,318,耐
﻿182,318,206,318,206,339,182,339,受
﻿182,339,206,339,206,359,182,359,死
﻿182,359,206,359,206,380,182,380,如
﻿182,380,206,380,206,401,182,401,智
﻿153,30,177,30,177,50,153,50,通
﻿153,50,177,50,177,71,153,71,之
﻿153,71,177,71,177,92,153,92,𩔗
﻿153,92,177,92,177,113,153,113,多
﻿153,113,177,113,177,134,153,134,矣
﻿123,13,147,13,147,34,123,34,六
﻿123,34,147,34,147,56,123,56,月
﻿123,56,147,56,147,77,123,77,驩
﻿123,77,147,77,147,99,123,99,州
﻿123,99,147,99,147,120,123,120,献
﻿123,120,147,120,147,142,123,142,一
﻿123,142,147,142,147,163,123,163,角
﻿123,163,147,163,147,185,123,185,獸
﻿123,185,147,185,147,207,123,207,使
﻿123,207,147,207,147,228,123,228,員
﻿123,228,147,228,147,250,123,250,外
﻿123,250,147,250,147,271,123,271,郎
﻿123,271,147,271,147,293,123,293,陳
﻿123,293,147,293,147,314,123,314,應
﻿123,314,147,314,147,336,123,336,機
﻿123,336,147,336,147,357,123,357,王
﻿123,357,147,357,147,379,123,379,文
﻿123,379,147,379,147,401,123,401,慶
﻿94,12,118,12,118,33,94,33,遣
﻿94,33,118,33,118,55,94,55,于
﻿94,55,118,55,118,77,94,77,宋
﻿94,77,118,77,118,98,94,98,秋
﻿94,98,118,98,118,120,94,120,八
﻿94,120,118,120,118,142,94,142,月
﻿94,142,118,142,118,163,94,163,帝
﻿94,163,118,163,118,185,94,185,幸
﻿94,185,118,185,118,207,94,207,僊
﻿94,207,118,207,118,228,94,228,逰
﻿94,228,118,228,118,250,94,250,山
﻿94,250,118,250,118,272,94,272,重
﻿94,272,118,272,118,293,94,293,光
﻿94,293,118,293,118,315,94,315,寺
﻿94,315,118,315,118,337,94,337,詔
﻿94,337,118,337,118,358,94,358,起
﻿94,358,118,358,118,380,94,380,重
﻿94,380,118,380,118,402,94,402,興
﻿63,10,89,10,89,31,63,31,藏
﻿63,31,89,31,89,53,63,53,遣
﻿63,53,89,53,89,74,63,74,員
﻿63,74,89,74,89,96,63,96,外
﻿63,96,89,96,89,118,63,118,郎
﻿63,118,89,118,89,139,63,139,何
﻿63,139,89,139,89,161,63,161,授
﻿63,161,89,161,89,182,63,182,杜
﻿63,182,89,182,89,204,63,204,寬
﻿63,204,89,204,89,226,63,226,以
﻿63,226,89,226,89,247,63,247,馴
﻿63,247,89,247,89,269,63,269,象
﻿63,269,89,269,89,290,63,290,二
﻿63,290,89,290,89,312,63,312,遣
﻿63,312,89,312,89,334,63,334,于
﻿63,334,89,334,89,355,63,355,宋
﻿63,355,89,355,89,377,63,377,宋
﻿63,377,89,377,89,399,63,399,以
﻿36,11,58,11,58,33,36,33,大
﻿36,33,58,33,58,56,36,56,藏
﻿36,56,58,56,58,79,36,79,經
﻿36,79,58,79,58,102,36,102,謝
﻿36,102,58,102,58,125,36,125,之
﻿36,125,58,125,58,147,36,147,冬
﻿36,147,58,147,58,170,36,170,十
﻿36,170,58,170,58,193,36,193,一
﻿36,193,58,193,58,216,36,216,月
﻿36,216,58,216,58,239,36,239,造
﻿36,239,58,239,58,262,36,262,萬
﻿36,262,58,262,58,284,36,284,安
﻿36,284,58,284,58,307,36,307,舶
﻿36,307,58,307,58,330,36,330,是
﻿36,330,58,330,58,353,36,353,歲
﻿36,353,58,353,58,376,36,376,古
﻿36,376,58,376,58,399,36,399,法
﻿8,12,31,12,31,32,8,32,州
﻿8,32,31,32,31,52,8,52,法
﻿8,52,31,52,31,73,8,73,雲
﻿8,73,31,73,31,93,8,93,寺
﻿8,93,31,93,31,114,8,114,僧
﻿8,114,31,114,31,134,8,134,体
﻿8,134,31,134,31,154,8,154,上
﻿8,154,31,154,31,175,8,175,言
﻿8,175,31,175,31,195,8,195,寺
﻿8,195,31,195,31,216,8,216,中
﻿8,216,31,216,31,236,8,236,放
﻿8,236,31,236,31,257,8,257,光
﻿8,257,31,257,31,277,8,277,數
﻿8,277,31,277,31,297,8,297,道
﻿8,297,31,297,31,318,8,318,尋
﻿8,318,31,318,31,338,8,338,光
﻿8,338,31,338,31,359,8,359,掘
﻿8,359,31,359,31,379,8,379,之
﻿8,379,31,379,31,400,8,400,得
