265,50,283,50,283,70,265,70,建
﻿265,70,283,70,283,91,265,91,謀
﻿265,91,283,91,283,112,265,112,定
﻿265,112,283,112,283,133,265,133,策
﻿265,133,283,133,283,154,265,154,安
﻿265,154,283,154,283,175,265,175,社
﻿265,175,283,175,283,196,265,196,稷
﻿265,196,283,196,283,217,265,217,光
﻿265,217,283,217,283,238,265,238,植
﻿265,238,283,238,283,258,265,258,中
﻿265,258,283,258,283,279,265,279,天
﻿265,279,283,279,283,300,265,300,講
﻿265,300,283,300,283,321,265,321,信
﻿265,321,283,321,283,342,265,342,修
﻿265,342,283,342,283,363,265,363,睦
﻿265,363,283,363,283,384,265,384,比
﻿265,384,283,384,283,405,265,405,鄰
﻿265,405,283,405,283,426,265,426,封
﻿237,52,256,52,256,71,237,71,敉
﻿249,76,260,76,260,94,249,94,音
﻿249,94,260,94,260,113,249,113,米
﻿234,76,248,76,248,95,234,95,撫
﻿234,95,248,95,248,114,234,114,也
﻿237,117,259,117,259,137,237,137,安
﻿237,137,259,137,259,158,237,158,邉
﻿237,158,259,158,259,179,237,179,境
﻿237,179,259,179,259,199,237,199,功
﻿237,199,259,199,259,220,237,220,特
﻿237,220,259,220,259,241,237,241,髙
﻿237,241,259,241,259,262,237,262,於
﻿237,262,259,262,259,282,237,282,宇
﻿237,282,259,282,259,303,237,303,宙
﻿237,303,259,303,259,324,237,324,位
﻿237,324,259,324,259,345,237,345,宜
﻿237,345,259,345,259,365,237,365,冠
﻿237,365,259,365,259,386,237,386,於
﻿237,386,259,386,259,407,237,407,臣
﻿237,407,259,407,259,428,237,428,僚
﻿204,53,228,53,228,73,204,73,特
﻿204,73,228,73,228,94,204,94,遣
﻿204,94,228,94,228,115,204,115,太
﻿204,115,228,115,228,136,204,136,宰
﻿204,136,228,136,228,157,204,157,榮
﻿204,157,228,157,228,178,204,178,國
﻿204,178,228,178,228,198,204,198,公
﻿204,198,228,198,228,219,204,219,黄
﻿204,219,228,219,228,240,204,240,廷
﻿204,240,228,240,228,261,204,261,爱
﻿204,261,228,261,228,282,204,282,賫
﻿204,282,228,282,228,303,204,303,捧
﻿204,303,228,303,228,323,204,323,金
﻿204,323,228,323,228,344,204,344,冊
﻿204,344,228,344,228,365,204,365,進
﻿204,365,228,365,228,386,204,386,封
﻿204,386,228,386,228,407,204,407,都
﻿204,407,228,407,228,428,204,428,元
﻿173,57,198,57,198,77,173,77,帥
﻿173,77,198,77,198,98,173,98,總
﻿173,98,198,98,198,118,173,118,國
﻿173,118,198,118,198,139,173,139,政
﻿173,139,198,139,198,159,173,159,尚
﻿173,159,198,159,198,180,173,180,父
﻿173,180,198,180,198,200,173,200,平
﻿173,200,198,200,198,221,173,221,安
﻿173,221,198,221,198,242,173,242,王
﻿173,242,198,242,198,262,173,262,爰
﻿173,262,198,262,198,283,173,283,賜
﻿173,283,198,283,198,303,173,303,玉
﻿173,303,198,303,198,324,173,324,鑽
﻿173,324,198,324,198,344,173,344,以
﻿173,344,198,344,198,365,173,365,作
﻿173,365,198,365,198,385,173,385,介
﻿173,385,198,385,198,406,173,406,圭
﻿173,406,198,406,198,427,173,427,仍
﻿142,57,167,57,167,77,142,77,錫
﻿142,77,167,77,167,98,142,98,土
﻿142,98,167,98,167,118,142,118,田
﻿142,118,167,118,167,139,142,139,以
﻿142,139,167,139,167,159,142,159,廣
﻿142,159,167,159,167,180,142,180,封
﻿142,180,167,180,167,200,142,200,邑
﻿142,200,167,200,167,221,142,221,尚
﻿142,221,167,221,167,242,142,242,其
﻿142,242,167,242,167,262,142,262,秉
﻿142,262,167,262,167,283,142,283,共
﻿142,283,167,283,167,303,142,303,慎
﻿142,303,167,303,167,324,142,324,位
﻿142,324,167,324,167,344,142,344,皇
﻿142,344,167,344,167,365,142,365,皇
﻿142,365,167,365,167,385,142,385,恪
﻿142,385,167,385,167,406,142,406,守
﻿142,406,167,406,167,427,142,427,於
﻿111,57,136,57,136,77,111,77,王
﻿111,77,136,77,136,98,111,98,章
﻿111,98,136,98,136,119,111,119,脩
﻿111,119,136,119,136,140,111,140,德
﻿111,140,136,140,136,160,111,160,匹
﻿111,160,136,160,136,181,111,181,休
﻿111,181,136,181,136,202,111,202,世
﻿111,202,136,202,136,223,111,223,世
﻿111,223,136,223,136,243,111,243,永
﻿111,243,136,243,136,264,111,264,膺
﻿111,264,136,264,136,285,111,285,於
﻿111,285,136,285,136,306,111,306,帝
﻿111,306,136,306,136,326,111,326,眷
﻿111,326,136,326,136,347,111,347,王
﻿111,347,136,347,136,368,111,368,其
﻿111,368,136,368,136,389,111,389,欽
﻿111,389,136,389,136,410,111,410,㢤
﻿80,57,107,57,107,79,80,79,二
﻿80,79,107,79,107,101,80,101,十
﻿80,101,107,101,107,124,80,124,一
﻿80,124,107,124,107,146,80,146,日
﻿80,146,107,146,107,169,80,169,大
﻿80,169,107,169,107,191,80,191,開
﻿80,191,107,191,107,214,80,214,會
﻿80,214,107,214,107,236,80,236,宴
﻿80,236,107,236,107,258,80,258,六
﻿80,258,107,258,107,281,80,281,月
﻿80,281,107,281,107,303,80,303,𬢱
﻿80,303,107,303,107,326,80,326,定
﻿80,326,107,326,107,348,80,348,律
﻿80,348,107,348,107,371,80,371,令
﻿48,57,76,57,76,77,48,77,是
﻿48,77,76,77,76,98,48,98,歳
﻿48,98,76,98,76,118,48,118,三
﻿48,118,76,118,76,139,48,139,月
﻿48,139,76,139,76,159,48,159,大
﻿48,159,76,159,76,180,48,180,旱
﻿48,180,76,180,76,200,48,200,至
﻿48,200,76,200,76,221,48,221,六
﻿48,221,76,221,76,242,48,242,月
﻿48,242,76,242,76,262,48,262,時
﻿48,262,76,262,76,283,48,283,天
﻿48,283,76,283,76,303,48,303,無
﻿48,303,76,303,76,324,48,324,雨
﻿48,324,76,324,76,344,48,344,禾
﻿48,344,76,344,76,365,48,365,苗
﻿48,365,76,365,76,385,48,385,枯
﻿48,385,76,385,76,406,48,406,死
﻿48,406,76,406,76,427,48,427,十
﻿19,53,46,53,46,73,19,73,三
﻿19,73,46,73,46,94,19,94,日
﻿19,94,46,94,46,115,19,115,帝
﻿19,115,46,115,46,136,19,136,親
﻿19,136,46,136,46,157,19,157,𭁈
﻿19,157,46,157,46,178,19,178,平
﻿19,178,46,178,46,199,19,199,安
﻿19,199,46,199,46,220,19,220,王
﻿19,220,46,220,46,241,19,241,就
﻿19,241,46,241,46,261,19,261,射
﻿19,261,46,261,46,282,19,282,堆
﻿19,282,46,282,46,303,19,303,處
﻿19,303,46,303,46,324,19,324,立
﻿19,324,46,324,46,345,19,345,𡊨
﻿19,345,46,345,46,366,19,366,致
﻿19,366,46,366,46,387,19,387,禱
﻿19,387,46,387,46,408,19,408,後
﻿19,408,46,408,46,429,19,429,始
