246,31,270,31,270,52,246,52,官
﻿246,52,270,52,270,73,246,73,加
﻿246,73,270,73,270,94,246,94,太
﻿246,94,270,94,270,115,246,115,傅
﻿246,115,270,115,270,136,246,136,溪
﻿246,136,270,136,270,157,246,157,郡
﻿246,157,270,157,270,178,246,178,公
﻿246,178,270,178,270,199,246,199,鄭
﻿246,199,270,199,270,220,246,220,杖
﻿246,220,270,220,270,241,246,241,爲
﻿246,241,270,241,270,262,246,262,中
﻿246,262,270,262,270,283,246,283,軍
﻿246,283,270,283,270,304,246,304,都
﻿246,304,270,304,270,325,246,325,督
﻿246,325,270,325,270,346,246,346,府
﻿246,346,270,346,270,367,246,367,左
﻿246,367,270,367,270,388,246,388,都
﻿246,388,270,388,270,410,246,410,督
﻿216,30,241,30,241,51,216,51,掌
﻿216,51,241,51,241,72,216,72,府
﻿216,72,241,72,241,93,216,93,事
﻿216,93,241,93,241,114,216,114,太
﻿216,114,241,114,241,135,216,135,傅
﻿216,135,241,135,241,156,216,156,莅
﻿216,156,241,156,241,177,216,177,郡
﻿216,177,241,177,241,198,216,198,公
﻿216,198,241,198,241,219,216,219,鄭
﻿216,219,241,219,241,240,216,240,棟
﻿216,240,241,240,241,261,216,261,爲
﻿216,261,241,261,241,282,216,282,東
﻿216,282,241,282,241,303,216,303,軍
﻿216,303,241,303,241,324,216,324,都
﻿216,324,241,324,241,345,216,345,督
﻿216,345,241,345,241,366,216,366,府
﻿216,366,241,366,241,387,216,387,左
﻿216,387,241,387,241,408,216,408,都
﻿186,31,210,31,210,52,186,52,督
﻿186,52,210,52,210,73,186,73,掌
﻿186,73,210,73,210,94,186,94,府
﻿186,94,210,94,210,115,186,115,事
﻿186,115,210,115,210,136,186,136,少
﻿186,136,210,136,210,158,186,158,尉
﻿186,158,210,158,210,179,186,179,雲
﻿186,179,210,179,210,200,186,200,郡
﻿186,200,210,200,210,221,186,221,公
﻿186,221,210,221,210,242,186,242,鄭
﻿186,242,210,242,210,263,186,263,榩
﻿186,263,210,263,210,285,186,285,爲
﻿186,285,210,285,210,306,186,306,南
﻿186,306,210,306,210,327,186,327,軍
﻿186,327,210,327,210,348,186,348,都
﻿186,348,210,348,210,369,186,369,督
﻿186,369,210,369,210,390,186,390,府
﻿186,390,210,390,210,412,186,412,左
﻿155,30,180,30,180,51,155,51,都
﻿155,51,180,51,180,72,155,72,督
﻿155,72,180,72,180,93,155,93,署
﻿155,93,180,93,180,114,155,114,府
﻿155,114,180,114,180,136,155,136,事
﻿155,136,180,136,180,157,155,157,少
﻿155,157,180,157,180,178,155,178,尉
﻿155,178,180,178,180,199,155,199,豪
﻿155,199,180,199,180,221,155,221,郡
﻿155,221,180,221,180,242,155,242,公
﻿155,242,180,242,180,263,155,263,黎
﻿155,263,180,263,180,284,155,284,時
﻿155,284,180,284,180,305,155,305,憲
﻿155,305,180,305,180,327,155,327,爲
﻿155,327,180,327,180,348,155,348,西
﻿155,348,180,348,180,369,155,369,軍
﻿155,369,180,369,180,390,155,390,都
﻿155,390,180,390,180,412,155,412,督
﻿125,28,150,28,150,49,125,49,府
﻿125,49,150,49,150,70,125,70,左
﻿125,70,150,70,150,91,125,91,都
﻿125,91,150,91,150,113,125,113,督
﻿125,113,150,113,150,134,125,134,署
﻿125,134,150,134,150,155,125,155,府
﻿125,155,150,155,150,176,125,176,事
﻿125,176,150,176,150,198,125,198,少
﻿125,198,150,198,150,219,125,219,傅
﻿125,219,150,219,150,240,125,240,奠
﻿125,240,150,240,150,262,125,262,郡
﻿125,262,150,262,150,283,125,283,公
﻿125,283,150,283,150,304,125,304,鄭
﻿125,304,150,304,150,325,125,325,楃
﻿125,325,150,325,150,347,125,347,爲
﻿125,347,150,347,150,368,125,368,北
﻿125,368,150,368,150,389,125,389,軍
﻿125,389,150,389,150,411,125,411,都
﻿93,29,120,29,120,51,93,51,督
﻿93,51,120,51,120,73,93,73,府
﻿93,73,120,73,120,96,93,96,左
﻿93,96,120,96,120,118,93,118,都
﻿93,118,120,118,120,141,93,141,督
﻿93,141,120,141,120,163,93,163,署
﻿93,163,120,163,120,185,93,185,府
﻿93,185,120,185,120,208,93,208,事
﻿93,208,120,208,120,230,93,230,僃
﻿93,230,120,230,120,253,93,253,置
﻿93,253,120,253,120,275,93,275,六
﻿93,275,120,275,120,297,93,297,部
﻿93,297,120,297,120,320,93,320,尙
﻿93,320,120,320,120,342,93,342,書
﻿93,342,120,342,120,365,93,365,員
﻿93,365,120,365,120,387,93,387,数
﻿93,387,120,387,120,410,93,410,以
﻿62,27,90,27,90,48,62,48,參
﻿62,48,90,48,90,69,62,69,從
﻿62,69,90,69,90,90,62,90,范
﻿62,90,90,90,90,111,62,111,公
﻿62,111,90,111,90,132,62,132,著
﻿62,132,90,132,90,154,62,154,爲
﻿62,154,90,154,90,175,62,175,吏
﻿62,175,90,175,90,196,62,196,部
﻿62,196,90,196,90,217,62,217,尙
﻿62,217,90,217,90,238,62,238,書
﻿62,238,90,238,90,259,62,259,陪
﻿62,259,90,259,90,281,62,281,從
﻿62,281,90,281,90,302,62,302,陳
﻿62,302,90,302,90,323,62,323,登
﻿62,323,90,323,90,344,62,344,選
﻿62,344,90,344,90,365,62,365,爲
﻿62,365,90,365,90,386,62,386,户
﻿62,386,90,386,90,408,62,408,部
﻿34,30,59,30,59,51,34,51,尙
﻿34,51,59,51,59,72,34,72,書
﻿34,72,59,72,59,93,34,93,阮
﻿34,93,59,93,59,114,34,114,能
﻿34,114,59,114,59,135,34,135,紹
﻿34,135,59,135,59,157,34,157,爲
﻿34,157,59,157,59,178,34,178,禮
﻿34,178,59,178,59,199,34,199,部
﻿34,199,59,199,59,220,34,220,尙
﻿34,220,59,220,59,241,34,241,書
﻿34,241,59,241,59,262,34,262,武
﻿34,262,59,262,59,284,34,284,惟
﻿34,284,59,284,59,305,34,305,志
﻿34,305,59,305,59,326,34,326,爲
﻿34,326,59,326,59,347,34,347,兵
﻿34,347,59,347,59,368,34,368,部
﻿34,368,59,368,59,389,34,389,尙
﻿34,389,59,389,59,411,34,411,書
﻿7,28,31,28,31,49,7,49,潘
﻿7,49,31,49,31,70,7,70,兼
﻿7,70,31,70,31,91,7,91,全
﻿7,91,31,91,31,112,7,112,爲
﻿7,112,31,112,31,134,7,134,刑
﻿7,134,31,134,31,155,7,155,部
﻿7,155,31,155,31,176,7,176,尙
﻿7,176,31,176,31,197,7,197,書
﻿7,197,31,197,31,219,7,219,又
﻿7,219,31,219,31,240,7,240,以
﻿7,240,31,240,31,261,7,261,黎
﻿7,261,31,261,31,282,7,282,仕
﻿7,282,31,282,31,303,7,303,澈
﻿7,303,31,303,31,325,7,325,爲
﻿7,325,31,325,31,346,7,346,御
﻿7,346,31,346,31,367,7,367,史
﻿7,367,31,367,31,388,7,388,󰉟
﻿7,388,31,388,31,410,7,410,都
