253,36,279,36,279,56,253,56,廢
﻿253,56,279,56,279,77,253,77,弛
﻿253,77,279,77,279,98,253,98,學
﻿253,98,279,98,279,119,253,119,業
﻿253,119,279,119,279,140,253,140,其
﻿253,140,279,140,279,161,253,161,各
﻿253,161,279,161,279,182,253,182,司
﻿253,182,279,182,279,203,253,203,局
﻿253,203,279,203,279,224,253,224,署
﻿253,224,279,224,279,245,253,245,等
﻿253,245,279,245,279,266,253,266,官
﻿253,266,279,266,279,287,253,287,亦
﻿253,287,279,287,279,308,253,308,宜
﻿253,308,279,308,279,329,253,329,克
﻿253,329,279,329,279,350,253,350,勤
﻿253,350,279,350,279,371,253,371,厥
﻿253,371,279,371,279,392,253,392,事
﻿253,392,279,392,279,413,253,413,不
﻿223,38,248,38,248,58,223,58,可
﻿223,58,248,58,248,79,223,79,怠
﻿223,79,248,79,248,100,223,100,情
﻿223,100,248,100,248,121,223,121,僥
﻿223,121,248,121,248,142,223,142,倖
﻿223,142,248,142,248,163,223,163,凡
﻿223,163,248,163,248,184,223,184,爾
﻿223,184,248,184,248,205,223,205,百
﻿223,205,248,205,248,226,223,226,官
﻿223,226,248,226,248,247,223,247,各
﻿223,247,248,247,248,268,223,268,宜
﻿223,268,248,268,248,289,223,289,遵
﻿223,289,248,289,248,310,223,310,守
﻿223,310,248,310,248,331,223,331,奉
﻿223,331,248,331,248,352,223,352,行
﻿223,352,248,352,248,373,223,373,依
﻿223,373,248,373,248,394,223,394,旨
﻿223,394,248,394,248,415,223,415,揮
﻿192,39,218,39,218,62,192,62,二
﻿192,62,218,62,218,85,192,85,十
﻿192,85,218,85,218,108,192,108,一
﻿192,108,218,108,218,132,192,132,日
﻿192,132,218,132,218,155,192,155,旨
﻿192,155,218,155,218,178,192,178,揮
﻿192,178,218,178,218,202,192,202,殿
﻿192,202,218,202,218,225,192,225,前
﻿192,225,218,225,218,248,192,248,各
﻿192,248,218,248,218,272,192,272,軍
﻿192,272,218,272,218,295,192,295,五
﻿192,295,218,295,218,318,192,318,道
﻿192,318,218,318,218,342,192,342,府
﻿192,342,218,342,218,365,192,365,鎮
﻿192,365,218,365,218,388,192,388,總
﻿192,388,218,388,218,412,192,412,知
﻿160,37,186,37,186,59,160,59,等
﻿160,59,186,59,186,81,160,81,此
﻿160,81,186,81,186,103,160,103,番
﻿160,103,186,103,186,125,160,125,會
﻿160,125,186,125,186,147,160,147,習
﻿160,147,186,147,186,169,160,169,軍
﻿160,169,186,169,186,191,160,191,期
﻿160,191,186,191,186,213,160,213,各
﻿160,213,186,213,186,235,160,235,将
﻿160,235,186,235,186,257,160,257,割
﻿160,257,186,257,186,279,160,279,詣
﻿160,279,186,279,186,301,160,301,山
﻿160,301,186,301,186,323,160,323,塲
﻿160,323,186,323,186,345,160,345,斫
﻿160,345,186,345,186,367,160,367,木
﻿160,367,186,367,186,389,160,389,共
﻿160,389,186,389,186,411,160,411,用
﻿131,37,156,37,156,57,131,57,心
﻿131,57,156,57,156,78,131,78,督
﻿131,78,156,78,156,99,131,99,押
﻿131,99,156,99,156,120,131,120,斫
﻿131,120,156,120,156,141,131,141,取
﻿131,141,156,141,156,162,131,162,如
﻿131,162,156,162,156,182,131,182,法
﻿131,182,156,182,156,203,131,203,餘
﻿131,203,156,203,156,224,131,224,在
﻿131,224,156,224,156,245,131,245,本
﻿131,245,156,245,156,266,131,266,土
﻿131,266,156,266,156,287,131,287,分
﻿131,287,156,287,156,307,131,307,點
﻿131,307,156,307,156,328,131,328,目
﻿131,328,156,328,156,349,131,349,整
﻿131,349,156,349,156,370,131,370,飾
﻿131,370,156,370,156,391,131,391,噐
﻿131,391,156,391,156,412,131,412,界
﻿99,39,125,39,125,58,99,58,練
﻿99,58,125,58,125,78,99,78,習
﻿99,78,125,78,125,97,99,97,武
﻿99,97,125,97,125,117,99,117,藝
﻿99,117,125,117,125,136,99,136,不
﻿99,136,125,136,125,156,99,156,得
﻿99,156,125,156,125,176,99,176,留
﻿99,176,125,176,125,195,99,195,與
﻿99,195,125,195,125,215,99,215,君
﻿99,215,125,215,125,234,99,234,人
﻿99,234,125,234,125,254,99,254,逰
﻿99,254,125,254,125,273,99,273,戲
﻿99,273,125,273,125,293,99,293,道
﻿99,293,125,293,125,313,99,313,路
﻿99,313,125,313,125,332,99,332,及
﻿99,332,125,332,125,352,99,352,科
﻿99,352,125,352,125,371,99,371,歛
﻿99,371,125,371,125,391,99,391,差
﻿99,391,125,391,125,411,99,411,使
﻿69,38,93,38,93,58,69,58,?
﻿69,58,93,58,93,79,69,79,役
﻿69,79,93,79,93,100,69,100,二
﻿69,100,93,100,93,120,69,120,十
﻿69,120,93,120,93,141,69,141,二
﻿69,141,93,141,93,162,69,162,日
﻿69,162,93,162,93,183,69,183,入
﻿69,183,93,183,93,203,69,203,内
﻿69,203,93,203,93,224,69,224,少
﻿69,224,93,224,93,245,69,245,尉
﻿69,245,93,245,93,265,69,265,參
﻿69,265,93,265,93,286,69,286,知
﻿69,286,93,286,93,307,69,307,政
﻿69,307,93,307,93,328,69,328,事
﻿69,328,93,328,93,348,69,348,黎
﻿69,348,93,348,93,369,69,369,陵
﻿69,369,93,369,93,390,69,390,進
﻿69,390,93,390,93,411,69,411,聘
﻿38,40,63,40,63,61,38,61,國
﻿38,61,63,61,63,83,38,83,公
﻿38,83,63,83,63,104,38,104,主
﻿38,104,63,104,63,126,38,126,禮
﻿38,126,63,126,63,148,38,148,物
﻿38,148,63,148,63,169,38,169,以
﻿38,169,63,169,63,191,38,191,其
﻿38,191,63,191,63,213,38,213,男
﻿38,213,63,213,63,234,38,234,黎
﻿38,234,63,234,63,256,38,256,瀑
﻿38,256,63,256,63,278,38,278,為
﻿38,278,63,278,63,299,38,299,駙
﻿38,299,63,299,63,321,38,321,馬
﻿38,321,63,321,63,343,38,343,都
﻿38,343,63,343,63,364,38,364,尉
﻿38,364,63,364,63,386,38,386,仍
﻿38,386,63,386,63,408,38,408,賜
﻿10,39,34,39,34,62,10,62,以
﻿10,62,34,62,34,85,10,85,侯
﻿10,85,34,85,34,108,10,108,服
﻿10,108,34,108,34,131,10,131,厩
﻿10,131,34,131,34,154,10,154,馬
﻿10,154,34,154,34,178,10,178,籃
﻿10,178,34,178,34,201,10,201,京
﻿10,201,34,201,34,224,10,224,潭
﻿10,224,34,224,34,247,10,247,水
﻿10,247,34,247,34,270,10,270,赤
﻿10,270,34,270,34,294,10,294,二
﻿10,294,34,294,34,317,10,317,十
﻿10,317,34,317,34,340,10,340,三
﻿10,340,34,340,34,363,10,363,日
﻿10,363,34,363,34,386,10,386,給
﻿10,386,34,386,34,410,10,410,諸
