247,29,271,29,271,50,247,50,薊
﻿247,50,271,50,271,71,247,71,郡
﻿247,71,271,71,271,92,247,92,公
﻿247,92,271,92,271,113,247,113,壮
﻿247,113,271,113,271,134,247,134,郡
﻿247,134,271,134,271,155,247,155,公
﻿247,155,271,155,271,176,247,176,等
﻿247,176,271,176,271,197,247,197,将
﻿247,197,271,197,271,219,247,219,内
﻿247,219,271,219,271,240,247,240,水
﻿247,240,271,240,271,261,247,261,各
﻿247,261,271,261,271,282,247,282,奇
﻿247,282,271,282,271,303,247,303,徃
﻿247,303,271,303,271,324,247,324,經
﻿247,324,271,324,271,345,247,345,畧
﻿247,345,271,345,271,366,247,366,青
﻿247,366,271,366,271,387,247,387,林
﻿247,387,271,387,271,409,247,409,青
﻿217,31,239,31,239,52,217,52,河
﻿217,52,239,52,239,73,217,73,出
﻿217,73,239,73,239,94,217,94,金
﻿217,94,239,94,239,115,217,115,城
﻿217,115,239,115,239,136,217,136,以
﻿217,136,239,136,239,157,217,157,截
﻿217,157,239,157,239,178,217,178,水
﻿217,178,239,178,239,199,217,199,棠
﻿217,199,239,199,239,220,217,220,之
﻿217,220,239,220,239,241,217,241,上
﻿217,241,239,241,239,262,217,262,路
﻿217,262,239,262,239,283,217,283,是
﻿217,283,239,283,239,304,217,304,日
﻿217,304,239,304,239,325,217,325,三
﻿217,325,239,325,239,346,217,346,道
﻿217,346,239,346,239,367,217,367,一
﻿217,367,239,367,239,388,217,388,齊
﻿217,388,239,388,239,410,217,410,進
﻿185,29,208,29,208,50,185,50,𭛁
﻿185,50,208,50,208,71,185,71,阮
﻿185,71,208,71,208,92,185,92,黄
﻿185,92,208,92,208,114,185,114,差
﻿185,114,208,114,208,135,185,135,本
﻿185,135,208,135,208,156,185,156,營
﻿185,156,208,156,208,177,185,177,将
﻿185,177,208,177,208,199,185,199,士
﻿185,199,208,199,208,220,185,220,先
﻿185,220,208,220,208,241,185,241,突
﻿185,241,208,241,208,263,185,263,入
﻿185,263,208,263,208,284,185,284,破
﻿185,284,208,284,208,305,185,305,水
﻿185,305,208,305,208,326,185,326,棠
﻿185,326,208,326,208,348,185,348,山
﻿185,348,208,348,208,369,185,369,峙
﻿185,369,208,369,208,390,185,390,士
﻿185,390,208,390,208,412,185,412,卒
﻿154,31,175,31,175,52,154,52,争
﻿154,52,175,52,175,73,154,73,先
﻿154,73,175,73,175,94,154,94,乃
﻿154,94,175,94,175,115,154,115,俘
﻿154,115,175,115,175,136,154,136,󰱐
﻿154,136,175,136,175,157,154,157,偽
﻿154,157,175,157,175,178,154,178,水
﻿154,178,175,178,175,199,154,199,郡
﻿154,199,175,199,175,220,154,220,公
﻿154,220,175,220,175,241,154,241,賊
﻿154,241,175,241,175,262,154,262,黨
﻿154,262,175,262,175,283,154,283,破
﻿154,283,175,283,175,304,154,304,潰
﻿154,304,175,304,175,325,154,325,諸
﻿154,325,175,325,175,346,154,346,道
﻿154,346,175,346,175,367,154,367,兵
﻿154,367,175,367,175,388,154,388,進
﻿154,388,175,388,175,410,154,410,到
﻿124,32,145,32,145,52,124,52,收
﻿124,52,145,52,145,73,124,73,󰱐
﻿124,73,145,73,145,94,124,94,賊
﻿124,94,145,94,145,115,124,115,黨
﻿124,115,145,115,145,136,124,136,船
﻿124,136,145,136,145,157,124,157,艘
﻿124,157,145,157,145,178,124,178,偽
﻿124,178,145,178,145,199,124,199,瓊
﻿124,199,145,199,145,220,124,220,瑞
﻿124,220,145,220,145,241,124,241,等
﻿124,241,145,241,145,262,124,262,率
﻿124,262,145,262,145,283,124,283,子
﻿124,283,145,283,145,304,124,304,弟
﻿124,304,145,304,145,325,124,325,迯
﻿124,325,145,325,145,346,124,346,出
﻿124,346,145,346,145,367,124,367,欲
﻿124,367,145,367,145,388,124,388,回
﻿124,388,145,388,145,409,124,409,先
﻿93,33,115,33,115,54,93,54,明
﻿93,54,115,54,115,75,93,75,到
﻿93,75,115,75,115,96,93,96,半
﻿93,96,115,96,115,117,93,117,途
﻿93,117,115,117,115,138,93,138,遇
﻿93,138,115,138,115,159,93,159,裴
﻿93,159,115,159,115,180,93,180,文
﻿93,180,115,180,115,201,93,201,奎
﻿93,201,115,201,115,222,93,222,兵
﻿93,222,115,222,115,243,93,243,大
﻿93,243,115,243,115,264,93,264,擊
﻿93,264,115,264,115,285,93,285,两
﻿93,285,115,285,115,306,93,306,兵
﻿93,306,115,306,115,327,93,327,混
﻿93,327,115,327,115,348,93,348,戦
﻿93,348,115,348,115,369,93,369,於
﻿93,369,115,369,115,390,93,390,江
﻿93,390,115,390,115,411,93,411,中
﻿62,32,84,32,84,52,62,52,自
﻿62,52,84,52,84,73,62,73,辰
﻿62,73,84,73,84,94,62,94,至
﻿62,94,84,94,84,115,62,115,申
﻿62,115,84,115,84,136,62,136,賊
﻿62,136,84,136,84,157,62,157,兵
﻿62,157,84,157,84,178,62,178,力
﻿62,178,84,178,84,199,62,199,乏
﻿62,199,84,199,84,220,62,220,潰
﻿62,220,84,220,84,241,62,241,走
﻿62,241,84,241,84,262,62,262,文
﻿62,262,84,262,84,283,62,283,奎
﻿62,283,84,283,84,304,62,304,催
﻿62,304,84,304,84,325,62,325,兵
﻿62,325,84,325,84,346,62,346,乘
﻿62,346,84,346,84,367,62,367,勝
﻿62,367,84,367,84,388,62,388,逐
﻿62,388,84,388,84,409,62,409,比
﻿31,30,54,30,54,51,31,51,破
﻿31,51,54,51,54,72,31,72,之
﻿31,72,54,72,54,93,31,93,俘
﻿31,93,54,93,54,114,31,114,獲
﻿31,114,54,114,54,135,31,135,僞
﻿31,135,54,135,54,156,31,156,瑞
﻿31,156,54,156,54,177,31,177,于
﻿31,177,54,177,54,198,31,198,舟
﻿31,198,54,198,54,220,31,220,中
﻿31,220,54,220,54,241,31,241,斬
﻿31,241,54,241,54,262,31,262,馘
﻿31,262,54,262,54,283,31,283,百
﻿31,283,54,283,54,304,31,304,餘
﻿31,304,54,304,54,325,31,325,級
﻿31,325,54,325,54,346,31,346,僞
﻿31,346,54,346,54,367,31,367,瓊
﻿31,367,54,367,54,388,31,388,乃
﻿31,388,54,388,54,410,31,410,率
﻿6,31,25,31,25,52,6,52,餘
﻿6,52,25,52,25,73,6,73,黨
﻿6,73,25,73,25,94,6,94,奔
﻿6,94,25,94,25,115,6,115,于
﻿6,115,25,115,25,136,6,136,安
﻿6,136,25,136,25,157,6,157,廣
﻿6,157,25,157,25,178,6,178,二
﻿6,178,25,178,25,199,6,199,十
﻿6,199,25,199,25,220,6,220,四
﻿6,220,25,220,25,241,6,241,日
﻿6,241,25,241,25,262,6,262,官
﻿6,262,25,262,25,283,6,283,兵
﻿6,283,25,283,25,304,6,304,還
﻿6,304,25,304,25,325,6,325,京
﻿6,325,25,325,25,346,6,346,俘
﻿6,346,25,346,25,367,6,367,送
﻿6,367,25,367,25,388,6,388,偽
﻿6,388,25,388,25,409,6,409,水
