259,31,283,31,283,52,259,52,忠
﻿259,52,283,52,283,73,259,73,東
﻿259,73,283,73,283,95,259,95,铬
﻿259,95,283,95,283,116,259,116,校
﻿259,116,283,116,283,137,259,137,書
﻿259,137,283,137,283,159,259,159,杜
﻿259,159,283,159,283,180,259,180,潤
﻿259,180,283,180,283,202,259,202,郭
﻿259,202,283,202,283,223,259,223,廷
﻿259,223,283,223,283,244,259,244,寶
﻿259,244,283,244,283,266,259,266,讀
﻿259,266,283,266,283,287,259,287,卷
﻿259,287,283,287,283,309,259,309,四
﻿259,309,283,309,283,330,259,330,武
﻿259,330,283,330,283,351,259,351,濬
﻿259,351,283,351,283,373,259,373,昭
﻿259,373,283,373,283,394,259,394,翁
﻿259,394,283,394,283,416,259,416,義
﻿231,31,256,31,256,52,231,52,達
﻿231,52,256,52,256,73,231,73,髙
﻿231,73,256,73,256,94,231,94,炯
﻿231,94,256,94,256,115,231,115,三
﻿231,115,256,115,256,136,231,136,人
﻿231,136,256,136,256,158,231,158,薦
﻿231,158,256,158,256,179,231,179,士
﻿231,179,256,179,256,200,231,200,及
﻿231,200,256,200,256,221,231,221,第
﻿231,221,256,221,256,242,231,242,范
﻿231,242,256,242,256,263,231,263,璨
﻿231,263,256,263,256,285,231,285,等
﻿231,285,256,285,256,306,231,306,十
﻿231,306,256,306,256,327,231,327,三
﻿231,327,256,327,256,348,231,348,人
﻿231,348,256,348,256,369,231,369,進
﻿231,369,256,369,256,390,231,390,士
﻿231,390,256,390,256,412,231,412,出
﻿201,32,226,32,226,53,201,53,身
﻿201,53,226,53,226,74,201,74,杜
﻿201,74,226,74,226,96,201,96,榮
﻿201,96,226,96,226,117,201,117,等
﻿201,117,226,117,226,138,201,138,二
﻿201,138,226,138,226,160,201,160,十
﻿201,160,226,160,226,181,201,181,七
﻿201,181,226,181,226,203,201,203,人
﻿201,203,226,203,226,224,201,224,同
﻿201,224,226,224,226,245,201,245,進
﻿201,245,226,245,226,267,201,267,士
﻿201,267,226,267,226,288,201,288,出
﻿201,288,226,288,226,310,201,310,身
﻿168,35,193,35,193,56,168,56,二
﻿168,56,193,56,193,77,168,77,十
﻿168,77,193,77,193,98,168,98,八
﻿168,98,193,98,193,119,168,119,日
﻿168,119,193,119,193,140,168,140,勑
﻿168,140,193,140,193,162,168,162,㫖
﻿168,162,193,162,193,183,168,183,各
﻿168,183,193,183,193,204,168,204,處
﻿168,204,193,204,193,225,168,225,群
﻿168,225,193,225,193,246,168,246,聚
﻿168,246,193,246,193,267,168,267,盗
﻿168,267,193,267,193,289,168,289,刼
﻿168,289,193,289,193,310,168,310,所
﻿168,310,193,310,193,331,168,331,在
﻿168,331,193,331,193,352,168,352,承
﻿168,352,193,352,193,373,168,373,宣
﻿168,373,193,373,193,394,168,394,府
﻿168,394,193,394,193,416,168,416,州
﻿137,34,163,34,163,55,137,55,縣
﻿137,55,163,55,163,76,137,76,官
﻿137,76,163,76,163,97,137,97,社
﻿137,97,163,97,163,119,137,119,村
﻿137,119,163,119,163,140,137,140,長
﻿137,140,163,140,163,161,137,161,並
﻿137,161,163,161,163,183,137,183,如
﻿137,183,163,183,163,204,137,204,律
﻿137,204,163,204,163,225,137,225,治
﻿137,225,163,225,163,247,137,247,罪
﻿106,34,133,34,133,55,106,55,秋
﻿106,55,133,55,133,76,106,76,七
﻿106,76,133,76,133,98,106,98,月
﻿106,98,133,98,133,119,106,119,洪
﻿106,119,133,119,133,140,106,140,水
﻿106,140,133,140,133,162,106,162,决
﻿106,162,133,162,133,183,106,183,蘇
﻿106,183,133,183,133,204,106,204,瀝
﻿106,204,133,204,133,226,106,226,江
﻿106,226,133,226,133,247,106,247,金
﻿106,247,133,247,133,268,106,268,皷
﻿106,268,133,268,133,290,106,290,坊
﻿74,35,100,35,100,56,74,56,八
﻿74,56,100,56,100,77,74,77,月
﻿74,77,100,77,100,98,74,98,二
﻿74,98,100,98,100,119,74,119,十
﻿74,119,100,119,100,140,74,140,八
﻿74,140,100,140,100,162,74,162,日
﻿74,162,100,162,100,183,74,183,試
﻿74,183,100,183,100,204,74,204,官
﻿74,204,100,204,100,225,74,225,貟
﻿74,225,100,225,100,246,74,246,男
﻿74,246,100,246,100,267,74,267,孫
﻿74,267,100,267,100,289,74,289,其
﻿74,289,100,289,100,310,74,310,試
﻿74,310,100,310,100,331,74,331,法
﻿74,331,100,331,100,352,74,352,表
﻿74,352,100,352,100,373,74,373,戞
﻿74,373,100,373,100,394,74,394,題
﻿74,394,100,394,100,416,74,416,算
﻿43,41,66,41,66,59,43,59,一
﻿43,59,66,59,66,78,43,78,題
﻿12,33,36,33,36,54,12,54,冬
﻿12,54,36,54,36,75,12,75,十
﻿12,75,36,75,36,97,12,97,月
﻿12,97,36,97,36,118,12,118,勑
﻿12,118,36,118,36,139,12,139,旨
﻿12,139,36,139,36,161,12,161,各
﻿12,161,36,161,36,182,12,182,社
﻿12,182,36,182,36,203,12,203,造
﻿12,203,36,203,36,225,12,225,籍
﻿12,225,36,225,36,246,12,246,一
﻿12,246,36,246,36,267,12,267,社
﻿12,267,36,267,36,289,12,289,男
﻿12,289,36,289,36,310,12,310,婦
﻿12,310,36,310,36,331,12,331,同
﻿12,331,36,331,36,353,12,353,姓
﻿12,353,36,353,36,374,12,374,不
﻿12,374,36,374,36,395,12,395,得
﻿12,395,36,395,36,417,12,417,同
