271,40,285,40,285,60,271,60,朝
﻿271,60,285,60,285,80,271,80,封
﻿271,80,285,80,285,100,271,100,帝
﻿271,100,285,100,285,120,271,120,爲
﻿271,120,285,120,285,140,271,140,開
﻿271,140,285,140,285,160,271,160,天
﻿271,160,285,160,285,180,271,180,体
﻿256,41,270,41,270,61,256,61,道
﻿256,61,270,61,270,81,256,81,聖
﻿256,81,270,81,270,101,256,101,武
﻿256,101,270,101,270,121,256,121,神
﻿256,121,270,121,270,141,256,141,哲
﻿256,141,270,141,270,161,256,161,皇
﻿256,161,270,161,270,181,256,181,帝
﻿230,53,255,53,255,73,230,73,黎
﻿230,73,255,73,255,94,230,94,文
﻿230,94,255,94,255,115,230,115,休
﻿230,115,255,115,255,136,230,136,曰
﻿230,136,255,136,255,157,230,157,遼
﻿230,157,255,157,255,178,230,178,東
﻿230,178,255,178,255,199,230,199,微
﻿230,199,255,199,255,220,230,220,箕
﻿230,220,255,220,255,241,230,241,子
﻿230,241,255,241,255,261,230,261,不
﻿230,261,255,261,255,282,230,282,䏻
﻿230,282,255,282,255,303,230,303,成
﻿230,303,255,303,255,324,230,324,衣
﻿230,324,255,324,255,345,230,345,冠
﻿230,345,255,345,255,366,230,366,之
﻿230,366,255,366,255,387,230,387,俗
﻿230,387,255,387,255,408,230,408,吳
﻿230,408,255,408,255,429,230,429,會
﻿202,56,225,56,225,76,202,76,非
﻿202,76,225,76,225,96,202,96,泰
﻿202,96,225,96,225,117,202,117,伯
﻿202,117,225,117,225,137,202,137,不
﻿202,137,225,137,225,158,202,158,䏻
﻿202,158,225,158,225,178,202,178,躋
﻿202,178,225,178,225,199,202,199,王
﻿202,199,225,199,225,219,202,219,覇
﻿202,219,225,219,225,240,202,240,之
﻿202,240,225,240,225,260,202,260,強
﻿202,260,225,260,225,280,202,280,大
﻿202,280,225,280,225,301,202,301,舜
﻿202,301,225,301,225,321,202,321,東
﻿202,321,225,321,225,342,202,342,夷
﻿202,342,225,342,225,362,202,362,人
﻿202,362,225,362,225,383,202,383,也
﻿202,383,225,383,225,403,202,403,爲
﻿202,403,225,403,225,424,202,424,五
﻿171,52,195,52,195,72,171,72,帝
﻿171,72,195,72,195,93,171,93,之
﻿171,93,195,93,195,114,171,114,英
﻿171,114,195,114,195,135,171,135,主
﻿171,135,195,135,195,156,171,156,文
﻿171,156,195,156,195,177,171,177,王
﻿171,177,195,177,195,197,171,197,西
﻿171,197,195,197,195,218,171,218,夷
﻿171,218,195,218,195,239,171,239,人
﻿171,239,195,239,195,260,171,260,也
﻿171,260,195,260,195,281,171,281,爲
﻿171,281,195,281,195,302,171,302,三
﻿171,302,195,302,195,322,171,322,代
﻿171,322,195,322,195,343,171,343,之
﻿171,343,195,343,195,364,171,364,賢
﻿171,364,195,364,195,385,171,385,君
﻿171,385,195,385,195,406,171,406,則
﻿171,406,195,406,195,427,171,427,知
﻿140,56,166,56,166,76,140,76,善
﻿140,76,166,76,166,97,140,97,爲
﻿140,97,166,97,166,118,140,118,國
﻿140,118,166,118,166,138,140,138,者
﻿140,138,166,138,166,159,140,159,不
﻿140,159,166,159,166,180,140,180,限
﻿140,180,166,180,166,201,140,201,地
﻿140,201,166,201,166,221,140,221,之
﻿140,221,166,221,166,242,140,242,廣
﻿140,242,166,242,166,263,140,263,狹
﻿140,263,166,263,166,283,140,283,人
﻿140,283,166,283,166,304,140,304,之
﻿140,304,166,304,166,325,140,325,華
﻿140,325,166,325,166,346,140,346,夷
﻿140,346,166,346,166,366,140,366,惟
﻿140,366,166,366,166,387,140,387,德
﻿140,387,166,387,166,408,140,408,是
﻿140,408,166,408,166,429,140,429,視
﻿111,57,136,57,136,77,111,77,也
﻿111,77,136,77,136,98,111,98,趙
﻿111,98,136,98,136,119,111,119,武
﻿111,119,136,119,136,139,111,139,帝
﻿111,139,136,139,136,160,111,160,䏻
﻿111,160,136,160,136,181,111,181,開
﻿111,181,136,181,136,201,111,201,拓
﻿111,201,136,201,136,222,111,222,我
﻿111,222,136,222,136,243,111,243,越
﻿111,243,136,243,136,263,111,263,而
﻿111,263,136,263,136,284,111,284,自
﻿111,284,136,284,136,305,111,305,帝
﻿111,305,136,305,136,325,111,325,其
﻿111,325,136,325,136,346,111,346,國
﻿111,346,136,346,136,367,111,367,𭁈
﻿111,367,136,367,136,387,111,387,漢
﻿111,387,136,387,136,408,111,408,抗
﻿111,408,136,408,136,429,111,429,衡
﻿81,54,102,54,102,74,81,74,書
﻿81,74,102,74,102,95,81,95,稱
﻿81,95,102,95,102,116,81,116,老
﻿81,116,102,116,102,137,81,137,夫
﻿81,137,102,137,102,157,81,157,爲
﻿81,157,102,157,102,178,81,178,我
﻿81,178,102,178,102,199,81,199,越
﻿81,199,102,199,102,220,81,220,倡
﻿81,220,102,220,102,241,81,241,始
﻿81,241,102,241,102,261,81,261,帝
﻿81,261,102,261,102,282,81,282,王
﻿81,282,102,282,102,303,81,303,之
﻿81,303,102,303,102,324,81,324,基
﻿81,324,102,324,102,344,81,344,業
﻿81,344,102,344,102,365,81,365,其
﻿81,365,102,365,102,386,81,386,功
﻿81,386,102,386,102,407,81,407,可
﻿81,407,102,407,102,428,81,428,謂
﻿49,56,73,56,73,76,49,76,大
﻿49,76,73,76,73,97,49,97,矣
﻿49,97,73,97,73,118,49,118,後
﻿49,118,73,118,73,139,49,139,之
﻿49,139,73,139,73,160,49,160,帝
﻿49,160,73,160,73,181,49,181,越
﻿49,181,73,181,73,201,49,201,者
﻿49,201,73,201,73,222,49,222,䏻
﻿49,222,73,222,73,243,49,243,法
﻿49,243,73,243,73,264,49,264,趙
﻿49,264,73,264,73,285,49,285,武
﻿49,285,73,285,73,306,49,306,固
﻿49,306,73,306,73,326,49,326,守
﻿49,326,73,326,73,347,49,347,封
﻿49,347,73,347,73,368,49,368,圻
﻿49,368,73,368,73,389,49,389,設
﻿49,389,73,389,73,410,49,410,立
﻿49,410,73,410,73,431,49,431,軍
﻿17,57,42,57,42,77,17,77,國
﻿17,77,42,77,42,98,17,98,交
﻿17,98,42,98,42,119,17,119,鄰
﻿17,119,42,119,42,140,17,140,有
﻿17,140,42,140,42,161,17,161,道
﻿17,161,42,161,42,182,17,182,守
﻿17,182,42,182,42,202,17,202,位
﻿17,202,42,202,42,223,17,223,以
﻿17,223,42,223,42,244,17,244,仁
﻿17,244,42,244,42,265,17,265,則
﻿17,265,42,265,42,286,17,286,長
﻿17,286,42,286,42,307,17,307,保
﻿17,307,42,307,42,327,17,327,境
﻿17,327,42,327,42,348,17,348,土
﻿17,348,42,348,42,369,17,369,北
﻿17,369,42,369,42,390,17,390,人
﻿17,390,42,390,42,411,17,411,不
﻿17,411,42,411,42,432,17,432,得
