262,27,282,27,282,48,262,48,尖
﻿262,48,282,48,282,69,262,69,刀
﻿262,69,282,69,282,90,262,90,干
﻿262,90,282,90,282,111,262,111,戈
﻿262,111,282,111,282,132,262,132,兵
﻿262,132,282,132,282,154,262,154,噐
﻿262,154,282,154,282,175,262,175,横
﻿262,175,282,175,282,196,262,196,衡
﻿262,196,282,196,282,217,262,217,道
﻿262,217,282,217,282,238,262,238,路
﻿262,238,282,238,282,259,262,259,違
﻿262,259,282,259,282,281,262,281,者
﻿262,281,282,281,282,302,262,302,許
﻿262,302,282,302,282,323,262,323,法
﻿262,323,282,323,282,344,262,344,司
﻿262,344,282,344,282,365,262,365,捕
﻿262,365,282,365,282,386,262,386,捉
﻿262,386,282,386,282,408,262,408,於
﻿234,28,258,28,258,49,234,49,是
﻿234,49,258,49,258,70,234,70,商
﻿234,70,258,70,258,91,234,91,賈
﻿234,91,258,91,258,112,234,112,及
﻿234,112,258,112,258,133,234,133,行
﻿234,133,258,133,258,155,234,155,人
﻿234,155,258,155,258,176,234,176,皆
﻿234,176,258,176,258,197,234,197,空
﻿234,197,258,197,258,218,234,218,手
﻿234,218,258,218,258,239,234,239,而
﻿234,239,258,239,258,260,234,260,行
﻿234,260,258,260,258,282,234,282,夜
﻿234,282,258,282,258,303,234,303,無
﻿234,303,258,303,258,324,234,324,道
﻿234,324,258,324,258,345,234,345,劫
﻿234,345,258,345,258,366,234,366,放
﻿234,366,258,366,258,387,234,387,牧
﻿234,387,258,387,258,409,234,409,不
﻿203,26,229,26,229,47,203,47,收
﻿203,47,229,47,229,68,203,68,每
﻿203,68,229,68,229,89,203,89,一
﻿203,89,229,89,229,111,203,111,月
﻿203,111,229,111,229,132,203,132,一
﻿203,132,229,132,229,153,203,153,點
﻿203,153,229,153,229,174,203,174,視
﻿203,174,229,174,229,196,203,196,或
﻿203,196,229,196,229,217,203,217,有
﻿203,217,229,217,229,238,203,238,生
﻿203,238,229,238,229,260,203,260,産
﻿203,260,229,260,229,281,203,281,不
﻿203,281,229,281,229,302,203,302,䏻
﻿203,302,229,302,229,323,203,323,識
﻿203,323,229,323,229,345,203,345,其
﻿203,345,229,345,229,366,203,366,家
﻿203,366,229,366,229,387,203,387,物
﻿203,387,229,387,229,409,203,409,數
﻿172,26,196,26,196,46,172,46,年
﻿172,46,196,46,196,66,172,66,之
﻿172,66,196,66,196,86,172,86,間
﻿172,86,196,86,196,106,172,106,道
﻿172,106,196,106,196,126,172,126,不
﻿172,126,196,126,196,146,172,146,拾
﻿172,146,196,146,196,166,172,166,遺
﻿172,166,196,166,196,186,172,186,外
﻿172,186,196,186,196,206,172,206,户
﻿172,206,196,206,196,227,172,227,不
﻿172,227,196,227,196,247,172,247,閉
﻿172,247,196,247,196,267,172,267,屢
﻿172,267,196,267,196,287,172,287,大
﻿172,287,196,287,196,307,172,307,有
﻿172,307,196,307,196,327,172,327,年
﻿172,327,196,327,196,347,172,347,境
﻿172,347,196,347,196,367,172,367,内
﻿172,367,196,367,196,387,172,387,稍
﻿172,387,196,387,196,408,172,408,安
﻿141,28,166,28,166,49,141,49,冬
﻿141,49,166,49,166,70,141,70,十
﻿141,70,166,70,166,92,141,92,月
﻿141,92,166,92,166,113,141,113,登
﻿141,113,166,113,166,134,141,134,瀛
﻿141,134,166,134,166,156,141,156,勅
﻿141,156,166,156,166,177,141,177,賜
﻿141,177,166,177,166,198,141,198,中
﻿141,198,166,198,166,220,141,220,人
﻿141,220,166,220,166,241,141,241,忠
﻿141,241,166,241,166,262,141,262,厚
﻿141,262,166,262,166,284,141,284,侯
﻿155,285,167,285,167,304,155,304,鈌
﻿155,304,167,304,167,323,155,323,姓
﻿155,323,167,323,167,342,155,342,名
﻿155,342,167,342,167,362,155,362,弘
﻿141,286,154,286,154,304,141,304,化
﻿141,304,154,304,154,322,141,322,縣
﻿141,322,154,322,154,340,141,340,人
﻿142,364,165,364,165,385,142,385,為
﻿142,385,165,385,165,407,142,407,大
﻿112,28,135,28,135,48,112,48,将
﻿112,48,135,48,135,69,112,69,軍
﻿112,69,135,69,135,90,112,90,使
﻿112,90,135,90,135,111,112,111,領
﻿112,111,135,111,135,131,112,131,兵
﻿112,131,135,131,135,152,112,152,統
﻿112,152,135,152,135,173,112,173,𬋩
﻿112,173,135,173,135,194,112,194,清
﻿112,194,135,194,135,215,112,215,華
﻿112,215,135,215,135,235,112,235,三
﻿112,235,135,235,135,256,112,256,府
﻿112,256,135,256,135,277,112,277,同
﻿112,277,135,277,135,298,112,298,三
﻿112,298,135,298,135,318,112,318,司
﻿112,318,135,318,135,339,112,339,官
﻿112,339,135,339,135,360,112,360,總
﻿112,360,135,360,135,381,112,381,鎮
﻿112,381,135,381,135,402,112,402,一
﻿79,31,104,31,104,51,79,51,方
﻿79,51,104,51,104,72,79,72,兵
﻿79,72,104,72,104,93,79,93,民
﻿79,93,104,93,104,114,79,114,西
﻿79,114,104,114,104,135,79,135,安
﻿79,135,104,135,104,156,79,156,伯
﻿79,156,104,156,104,177,79,177,黎
﻿79,177,104,177,104,198,79,198,丕
﻿79,198,104,198,104,219,79,219,承
﻿94,220,106,220,106,240,94,240,安
﻿94,240,106,240,106,260,94,260,定
﻿94,260,106,260,106,281,94,281,縣
﻿78,221,93,221,93,240,78,240,香
﻿78,240,93,240,93,259,78,259,市
﻿78,259,93,259,93,279,78,279,人
﻿82,281,103,281,103,301,82,301,譖
﻿82,301,103,301,103,322,82,322,曰
﻿82,322,103,322,103,343,82,343,愛
﻿82,343,103,343,103,364,82,364,州
﻿82,364,103,364,103,385,82,385,之
﻿82,385,103,385,103,406,82,406,地
﻿48,30,74,30,74,50,48,50,山
﻿48,50,74,50,74,71,48,71,川
﻿48,71,74,71,74,92,48,92,險
﻿48,92,74,92,74,113,48,113,峻
﻿48,113,74,113,74,134,48,134,地
﻿48,134,74,134,74,155,48,155,勢
﻿48,155,74,155,74,176,48,176,肥
﻿48,176,74,176,74,197,48,197,饒
﻿48,197,74,197,74,218,48,218,兵
﻿48,218,74,218,74,238,48,238,糧
﻿48,238,74,238,74,259,48,259,富
﻿48,259,74,259,74,280,48,280,足
﻿48,280,74,280,74,301,48,301,且
﻿48,301,74,301,74,322,48,322,權
﻿48,322,74,322,74,343,48,343,宜
﻿48,343,74,343,74,364,48,364,分
﻿48,364,74,364,74,385,48,385,不
﻿48,385,74,385,74,406,48,406,宜
﻿17,29,43,29,43,50,17,50,專
﻿17,50,43,50,43,71,17,71,若
﻿17,71,43,71,43,92,17,92,專
﻿17,92,43,92,43,113,17,113,之
﻿17,113,43,113,43,134,17,134,必
﻿17,134,43,134,43,155,17,155,致
﻿17,155,43,155,43,176,17,176,禍
﻿17,176,43,176,43,197,17,197,亂
﻿17,197,43,197,43,218,17,218,倘
﻿17,218,43,218,43,239,17,239,有
﻿17,239,43,239,43,260,17,260,变
﻿17,260,43,260,43,281,17,281,𭛁
﻿17,281,43,281,43,302,17,302,恐
﻿17,302,43,302,43,323,17,323,後
﻿17,323,43,323,43,344,17,344,難
﻿17,344,43,344,43,365,17,365,制
﻿17,365,43,365,43,386,17,386,此
﻿17,386,43,386,43,408,17,408,地
