250,36,275,36,275,59,250,59,空
﻿250,59,275,59,275,82,250,82,十
﻿250,82,275,82,275,105,250,105,六
﻿250,105,275,105,275,129,250,129,日
﻿250,129,275,129,275,152,250,152,月
﻿250,152,275,152,275,175,250,175,有
﻿250,175,275,175,275,199,250,199,食
﻿250,199,275,199,275,222,250,222,之
﻿250,222,275,222,275,245,250,245,加
﻿250,245,275,245,275,269,250,269,吏
﻿250,269,275,269,275,292,250,292,部
﻿250,292,275,292,275,315,250,315,尚
﻿250,315,275,315,275,339,250,339,書
﻿250,339,275,339,275,362,250,362,掌
﻿250,362,275,362,275,385,250,385,六
﻿250,385,275,385,275,409,250,409,部
﻿222,34,244,34,244,55,222,55,事
﻿222,55,244,55,244,76,222,76,兼
﻿222,76,244,76,244,97,222,97,御
﻿222,97,244,97,244,118,222,118,史
﻿222,118,244,118,244,139,222,139,󰱑
﻿222,139,244,139,244,160,222,160,都
﻿222,160,244,160,244,181,222,181,御
﻿222,181,244,181,244,202,222,202,史
﻿222,202,244,202,244,223,222,223,澧
﻿222,223,244,223,244,244,222,244,郡
﻿222,244,244,244,244,265,222,265,公
﻿222,265,244,265,244,286,222,286,阮
﻿222,286,244,286,244,307,222,307,文
﻿222,307,244,307,244,328,222,328,階
﻿222,328,244,328,244,349,222,349,爲
﻿222,349,244,349,244,370,222,370,少
﻿222,370,244,370,244,392,222,392,傅
﻿192,37,212,37,212,57,192,57,九
﻿192,57,212,57,212,78,192,78,月
﻿192,78,212,78,212,98,192,98,時
﻿192,98,212,98,212,119,192,119,五
﻿192,119,212,119,212,139,192,139,榖
﻿192,139,212,139,212,160,192,160,當
﻿192,160,212,160,212,180,192,180,熟
﻿192,180,212,180,212,201,192,201,颶
﻿192,201,212,201,212,222,192,222,風
﻿192,222,212,222,212,242,192,242,大
﻿192,242,212,242,212,263,192,263,起
﻿192,263,212,263,212,283,192,283,鹹
﻿192,283,212,283,212,304,192,304,水
﻿192,304,212,304,212,324,192,324,破
﻿192,324,212,324,212,345,192,345,潰
﻿192,345,212,345,212,365,192,365,近
﻿192,365,212,365,212,386,192,386,海
﻿192,386,212,386,212,407,192,407,之
﻿160,33,184,33,184,56,160,56,民
﻿160,56,184,56,184,80,160,80,多
﻿160,80,184,80,184,103,160,103,被
﻿160,103,184,103,184,127,160,127,其
﻿160,127,184,127,184,151,160,151,害
﻿160,151,184,151,184,174,160,174,山
﻿160,174,184,174,184,198,160,198,西
﻿160,198,184,198,184,221,160,221,處
﻿160,221,184,221,184,245,160,245,大
﻿160,245,184,245,184,269,160,269,蝗
﻿132,12,152,12,152,33,132,33,戊
﻿132,33,152,33,152,55,132,55,午
﻿132,55,152,55,152,76,132,76,十
﻿132,76,152,76,152,98,132,98,九
﻿132,98,152,98,152,120,132,120,年
﻿141,121,155,121,155,140,141,140,明
﻿141,140,155,140,155,159,141,159,萬
﻿141,159,155,159,155,178,141,178,曆
﻿141,178,155,178,155,197,141,197,十
﻿128,120,139,120,139,141,128,141,六
﻿128,141,139,141,139,162,128,162,年
﻿128,162,139,162,139,183,128,183,四
﻿130,200,150,200,150,221,130,221,春
﻿130,221,150,221,150,242,130,242,正
﻿130,242,150,242,150,264,130,264,月
﻿130,264,150,264,150,285,130,285,望
﻿130,285,150,285,150,306,130,306,月
﻿130,306,150,306,150,328,130,328,有
﻿130,328,150,328,150,349,130,349,食
﻿130,349,150,349,150,371,130,371,之
﻿99,34,120,34,120,55,99,55,二
﻿99,55,120,55,120,76,99,76,月
﻿99,76,120,76,120,97,99,97,命
﻿99,97,120,97,120,118,99,118,太
﻿99,118,120,118,120,139,99,139,傅
﻿99,139,120,139,120,160,99,160,清
﻿99,160,120,160,120,181,99,181,郡
﻿99,181,120,181,120,202,99,202,公
﻿99,202,120,202,120,223,99,223,鄭
﻿99,223,120,223,120,244,99,244,𭫨
﻿99,244,120,244,120,265,99,265,率
﻿99,265,120,265,120,286,99,286,属
﻿99,286,120,286,120,307,99,307,将
﻿99,307,120,307,120,328,99,328,舒
﻿99,328,120,328,120,349,99,349,郡
﻿99,349,120,349,120,370,99,370,公
﻿99,370,120,370,120,391,99,391,阮
﻿99,391,120,391,120,412,99,412,景
﻿71,34,93,34,93,54,71,54,堅
﻿71,54,93,54,93,75,71,75,澧
﻿71,75,93,75,93,96,71,96,郡
﻿71,96,93,96,93,117,71,117,公
﻿71,117,93,117,93,138,71,138,阮
﻿71,138,93,138,93,158,71,158,文
﻿71,158,93,158,93,179,71,179,階
﻿71,179,93,179,93,200,71,200,拔
﻿71,200,93,200,93,221,71,221,郡
﻿71,221,93,221,93,242,71,242,公
﻿80,245,93,245,93,264,80,264,缺
﻿66,247,79,247,79,264,66,264,名
﻿67,266,92,266,92,286,67,286,右
﻿67,286,92,286,92,306,67,306,郡
﻿67,306,92,306,92,327,67,327,公
﻿67,327,92,327,92,347,67,347,謝
﻿67,347,92,347,92,368,67,368,世
﻿67,368,92,368,92,388,67,388,福
﻿67,388,92,388,92,409,67,409,登
﻿38,35,63,35,63,55,38,55,郡
﻿38,55,63,55,63,76,38,76,公
﻿38,76,63,76,63,97,38,97,阮
﻿38,97,63,97,63,118,38,118,啓
﻿38,118,63,118,63,138,38,138,附
﻿38,138,63,138,63,159,38,159,郡
﻿38,159,63,159,63,180,38,180,公
﻿38,180,63,180,63,201,38,201,阮
﻿38,201,63,201,63,222,38,222,潶
﻿38,222,63,222,63,242,38,242,𭁈
﻿38,242,63,242,63,263,38,263,督
﻿38,263,63,263,63,284,38,284,視
﻿38,284,63,284,63,305,38,305,禮
﻿38,305,63,305,63,325,38,325,部
﻿38,325,63,325,63,346,38,346,左
﻿38,346,63,346,63,367,38,367,侍
﻿38,367,63,367,63,388,38,388,郎
﻿38,388,63,388,63,409,38,409,芳
﻿12,32,33,32,33,52,12,52,蘭
﻿12,52,33,52,33,73,12,73,侯
﻿12,73,33,73,33,94,12,94,阮
﻿12,94,33,94,33,115,12,115,實
﻿12,115,33,115,33,136,12,136,又
﻿12,136,33,136,33,157,12,157,命
﻿12,157,33,157,33,178,12,178,太
﻿12,178,33,178,33,199,12,199,保
﻿12,199,33,199,33,220,12,220,萬
﻿12,220,33,220,33,241,12,241,郡
﻿12,241,33,241,33,262,12,262,公
﻿12,262,33,262,33,283,12,283,鄭
﻿12,283,33,283,33,304,12,304,椿
﻿12,304,33,304,33,325,12,325,率
﻿12,325,33,325,33,346,12,346,属
﻿12,346,33,346,33,367,12,367,将
﻿12,367,33,367,33,388,12,388,𣹟
﻿12,388,33,388,33,409,12,409,郡
