251,14,276,14,276,34,251,34,行
﻿251,34,276,34,276,54,251,54,師
﻿251,54,276,54,276,74,251,74,龍
﻿251,74,276,74,276,95,251,95,舟
﻿251,95,276,95,276,115,251,115,出
﻿251,115,276,115,276,135,251,135,環
﻿251,135,276,135,276,155,251,155,海
﻿251,155,276,155,276,176,251,176,口
﻿251,176,276,176,276,196,251,196,至
﻿251,196,276,196,276,216,251,216,海
﻿251,216,276,216,276,236,251,236,外
﻿251,236,276,236,276,257,251,257,忽
﻿251,257,276,257,276,277,251,277,遇
﻿251,277,276,277,276,297,251,297,封
﻿251,297,276,297,276,317,251,317,濤
﻿251,317,276,317,276,338,251,338,洶
﻿251,338,276,338,276,358,251,358,湧
﻿251,358,276,358,276,378,251,378,雲
﻿251,378,276,378,276,399,251,399,雨
﻿222,12,247,12,247,33,222,33,晦
﻿222,33,247,33,247,54,222,54,㜆
﻿222,54,247,54,247,76,222,76,遂
﻿222,76,247,76,247,97,222,97,命
﻿222,97,247,97,247,118,222,118,回
﻿222,118,247,118,247,140,222,140,舟
﻿222,140,247,140,247,161,222,161,於
﻿222,161,247,161,247,183,222,183,是
﻿222,183,247,183,247,204,222,204,惧
﻿222,204,247,204,247,225,222,225,海
﻿222,225,247,225,247,247,222,247,道
﻿222,247,247,247,247,268,222,268,艱
﻿222,268,247,268,247,290,222,290,險
﻿222,290,247,290,247,311,222,311,陸
﻿222,311,247,311,247,332,222,332,行
﻿222,332,247,332,247,354,222,354,還
﻿222,354,247,354,247,375,222,375,京
﻿222,375,247,375,247,397,222,397,師
﻿192,12,218,12,218,32,192,32,帝
﻿192,32,218,32,218,52,192,52,性
﻿192,52,218,52,218,73,192,73,孝
﻿192,73,218,73,218,93,192,93,殺
﻿192,93,218,93,218,113,192,113,凣
﻿192,113,218,113,218,134,192,134,人
﻿192,134,218,134,218,154,192,154,臨
﻿192,154,218,154,218,174,192,174,刑
﻿192,174,218,174,218,195,192,195,或
﻿192,195,218,195,218,215,192,215,用
﻿192,215,218,215,218,236,192,236,芽
﻿192,236,218,236,218,256,192,256,纏
﻿192,256,218,256,218,276,192,276,身
﻿192,276,218,276,218,297,192,297,燃
﻿192,297,218,297,218,317,192,317,之
﻿192,317,218,317,218,337,192,337,其
﻿192,337,218,337,218,358,192,358,人
﻿192,358,218,358,218,378,192,378,爲
﻿192,378,218,378,218,399,192,399,火
﻿161,11,187,11,187,31,161,31,所
﻿161,31,187,31,187,51,161,51,焦
﻿161,51,187,51,187,71,161,71,逼
﻿161,71,187,71,187,92,161,92,近
﻿161,92,187,92,187,112,161,112,死
﻿161,112,187,112,187,132,161,132,或
﻿161,132,187,132,187,153,161,153,使
﻿161,153,187,153,187,173,161,173,宋
﻿161,173,187,173,187,193,161,193,優
﻿161,193,187,193,187,214,161,214,人
﻿161,214,187,214,187,234,161,234,廖
﻿161,234,187,234,187,254,161,254,守
﻿161,254,187,254,187,275,161,275,心
﻿161,275,187,275,187,295,161,295,持
﻿161,295,187,295,187,315,161,315,短
﻿161,315,187,315,187,336,161,336,刃
﻿161,336,187,336,187,356,161,356,鈍
﻿161,356,187,356,187,376,161,376,刀
﻿161,376,187,376,187,396,161,396,解
﻿133,12,157,12,157,32,133,32,之
﻿133,32,157,32,157,52,133,52,令
﻿133,52,157,52,157,73,133,73,不
﻿133,73,157,73,157,93,133,93,得
﻿133,93,157,93,157,113,133,113,速
﻿133,113,157,113,157,134,133,134,子
﻿133,134,157,134,157,154,133,154,其
﻿133,154,157,154,157,174,133,174,人
﻿133,174,157,174,157,195,133,195,哀
﻿133,195,157,195,157,215,133,215,號
﻿133,215,157,215,157,236,133,236,痛
﻿133,236,157,236,157,256,133,256,切
﻿133,256,157,256,157,276,133,276,守
﻿133,276,157,276,157,297,133,297,心
﻿133,297,157,297,157,317,133,317,戲
﻿133,317,157,317,157,337,133,337,曰
﻿133,337,157,337,157,358,133,358,不
﻿133,358,157,358,157,378,133,378,慣
﻿133,378,157,378,157,399,133,399,受
﻿103,12,126,12,126,32,103,32,死
﻿103,32,126,32,126,52,103,52,帝
﻿103,52,126,52,126,72,103,72,乃
﻿103,72,126,72,126,92,103,92,大
﻿103,92,126,92,126,113,103,113,笑
﻿103,113,126,113,126,133,103,133,征
﻿103,133,126,133,126,153,103,153,伐
﻿103,153,126,153,126,173,103,173,虜
﻿103,173,126,173,126,193,103,193,獲
﻿103,193,126,193,126,214,103,214,俘
﻿103,214,126,214,126,234,103,234,囚
﻿103,234,126,234,126,254,103,254,押
﻿103,254,126,254,126,274,103,274,赴
﻿103,274,126,274,126,294,103,294,江
﻿103,294,126,294,126,315,103,315,岸
﻿103,315,126,315,126,335,103,335,潮
﻿103,335,126,335,126,355,103,355,退
﻿103,355,126,355,126,375,103,375,令
﻿103,375,126,375,126,396,103,396,人
﻿71,11,96,11,96,31,71,31,作
﻿71,31,96,31,96,51,71,51,水
﻿71,51,96,51,96,71,71,71,牢
﻿71,71,96,71,96,92,71,92,驅
﻿71,92,96,92,96,112,71,112,入
﻿71,112,96,112,96,132,71,132,其
﻿71,132,96,132,96,152,71,152,中
﻿71,152,96,152,96,173,71,173,潮
﻿71,173,96,173,96,193,71,193,漲
﻿71,193,96,193,96,213,71,213,呀
﻿71,213,96,213,96,233,71,233,呷
﻿71,233,96,233,96,254,71,254,而
﻿71,254,96,254,96,274,71,274,死
﻿71,274,96,274,96,294,71,294,或
﻿71,294,96,294,96,314,71,314,使
﻿71,314,96,314,96,335,71,335,高
﻿71,335,96,335,96,355,71,355,登
﻿71,355,96,355,96,375,71,375,木
﻿71,375,96,375,96,396,71,396,抄
﻿43,12,66,12,66,32,43,32,而
﻿43,32,66,32,66,52,43,52,伐
﻿43,52,66,52,66,73,43,73,其
﻿43,73,66,73,66,93,43,93,樹
﻿43,93,66,93,66,113,43,113,樹
﻿43,113,66,113,66,134,43,134,倒
﻿43,134,66,134,66,154,43,154,人
﻿43,154,66,154,66,174,43,174,墮
﻿43,174,66,174,66,195,43,195,死
﻿43,195,66,195,66,215,43,215,親
﻿43,215,66,215,66,236,43,236,觀
﻿43,236,66,236,66,256,43,256,以
﻿43,256,66,256,66,276,43,276,爲
﻿43,276,66,276,66,297,43,297,樂
﻿43,297,66,297,66,317,43,317,賞
﻿43,317,66,317,66,337,43,337,之
﻿43,337,66,337,66,358,43,358,寕
﻿43,358,66,358,66,378,43,378,江
﻿43,378,66,378,66,399,43,399,其
﻿11,11,36,11,36,31,11,31,江
﻿11,31,36,31,36,51,11,51,多
﻿11,51,36,51,36,71,11,71,蛇
﻿11,71,36,71,36,92,11,92,繫
﻿11,92,36,92,36,112,11,112,人
﻿11,112,36,112,36,132,11,132,舟
﻿11,132,36,132,36,152,11,152,倒
﻿11,152,36,152,36,173,11,173,來
﻿11,173,36,173,36,193,11,193,往
﻿11,193,36,193,36,213,11,213,中
﻿11,213,36,213,36,233,11,233,流
﻿11,233,36,233,36,254,11,254,欲
﻿11,254,36,254,36,274,11,274,令
﻿11,274,36,274,36,294,11,294,蛇
﻿11,294,36,294,36,314,11,314,害
﻿11,314,36,314,36,335,11,335,之
﻿11,335,36,335,36,355,11,355,凣
﻿11,355,36,355,36,375,11,375,牢
﻿11,375,36,375,36,396,11,396,牲
