245,34,271,34,271,55,245,55,作
﻿245,55,271,55,271,77,245,77,文
﻿245,77,271,77,271,99,245,99,廟
﻿245,99,271,99,271,120,245,120,大
﻿245,120,271,120,271,142,245,142,成
﻿245,142,271,142,271,164,245,164,殿
﻿245,164,271,164,271,185,245,185,并
﻿245,185,271,185,271,207,245,207,東
﻿245,207,271,207,271,229,245,229,西
﻿245,229,271,229,271,251,245,251,廡
﻿245,251,271,251,271,272,245,272,及
﻿245,272,271,272,271,294,245,294,更
﻿245,294,271,294,271,316,245,316,服
﻿245,316,271,316,271,337,245,337,殿
﻿245,337,271,337,271,359,245,359,書
﻿245,359,271,359,271,381,245,381,板
﻿245,381,271,381,271,403,245,403,庫
﻿224,34,244,34,244,55,224,55,祭
﻿224,55,244,55,244,76,224,76,噐
﻿224,76,244,76,244,97,224,97,庫
﻿224,97,244,97,244,118,224,118,明
﻿224,118,244,118,244,139,224,139,倫
﻿224,139,244,139,244,160,224,160,東
﻿224,160,244,160,244,181,224,181,西
﻿224,181,244,181,244,202,224,202,堂
﻿191,35,217,35,217,55,191,55,二
﻿191,55,217,55,217,76,191,76,月
﻿191,76,217,76,217,96,191,96,十
﻿191,96,217,96,217,117,191,117,五
﻿191,117,217,117,217,137,191,137,日
﻿191,137,217,137,217,158,191,158,勑
﻿191,158,217,158,217,178,191,178,㫖
﻿191,178,217,178,217,199,191,199,民
﻿191,199,217,199,217,220,191,220,人
﻿191,220,217,220,217,240,191,240,軍
﻿191,240,217,240,217,261,191,261,色
﻿191,261,217,261,217,281,191,281,鄕
﻿191,281,217,281,217,302,191,302,試
﻿191,302,217,302,217,322,191,322,中
﻿191,322,217,322,217,343,191,343,三
﻿191,343,217,343,217,363,191,363,塲
﻿191,363,217,363,217,384,191,384,充
﻿191,384,217,384,217,405,191,405,生
﻿159,32,186,32,186,52,159,52,徒
﻿159,52,186,52,186,73,159,73,四
﻿159,73,186,73,186,94,159,94,塲
﻿159,94,186,94,186,114,159,114,充
﻿159,114,186,114,186,135,159,135,增
﻿159,135,186,135,186,156,159,156,廣
﻿159,156,186,156,186,177,159,177,生
﻿159,177,186,177,186,197,159,197,如
﻿159,197,186,197,186,218,159,218,前
﻿159,218,186,218,186,239,159,239,例
﻿159,239,186,239,186,259,159,259,若
﻿159,259,186,259,186,280,159,280,生
﻿159,280,186,280,186,301,159,301,徒
﻿159,301,186,301,186,322,159,322,曾
﻿159,322,186,322,186,342,159,342,經
﻿159,342,186,342,186,363,159,363,鄕
﻿159,363,186,363,186,384,159,384,試
﻿159,384,186,384,186,405,159,405,遭
﻿130,33,156,33,156,53,130,53,不
﻿130,53,156,53,156,74,130,74,中
﻿130,74,156,74,156,95,130,95,塲
﻿130,95,156,95,156,116,130,116,者
﻿130,116,156,116,156,136,130,136,充
﻿130,136,156,136,156,157,130,157,軍
﻿130,157,156,157,156,178,130,178,中
﻿130,178,156,178,156,199,130,199,一
﻿130,199,156,199,156,220,130,220,塲
﻿130,220,156,220,156,240,130,240,者
﻿130,240,156,240,156,261,130,261,還
﻿130,261,156,261,156,282,130,282,民
﻿130,282,156,282,156,303,130,303,差
﻿130,303,156,303,156,323,130,323,賦
﻿130,323,156,323,156,344,130,344,如
﻿130,344,156,344,156,365,130,365,例
﻿130,365,156,365,156,386,130,386,增
﻿130,386,156,386,156,407,130,407,廣
﻿100,33,128,33,128,53,100,53,生
﻿100,53,128,53,128,74,100,74,會
﻿100,74,128,74,128,95,100,95,試
﻿100,95,128,95,128,116,100,116,不
﻿100,116,128,116,128,136,100,136,中
﻿100,136,128,136,128,157,100,157,塲
﻿100,157,128,157,128,178,100,178,者
﻿100,178,128,178,128,199,100,199,充
﻿100,199,128,199,128,220,100,220,軍
﻿100,220,128,220,128,240,100,240,該
﻿100,240,128,240,128,261,100,261,承
﻿100,261,128,261,128,282,100,282,憲
﻿100,282,128,282,128,303,100,303,國
﻿100,303,128,303,128,323,100,323,子
﻿100,323,128,323,128,344,100,344,監
﻿100,344,128,344,128,365,100,365,官
﻿100,365,128,365,128,386,100,386,類
﻿100,386,128,386,128,407,100,407,奏
﻿76,29,99,29,99,50,76,50,施
﻿76,50,99,50,99,71,76,71,行
﻿76,71,99,71,99,92,76,92,如
﻿76,92,99,92,99,113,76,113,例
﻿39,29,65,29,65,49,39,49,夏
﻿39,49,65,49,65,70,39,70,四
﻿39,70,65,70,65,91,39,91,月
﻿39,91,65,91,65,112,39,112,十
﻿39,112,65,112,65,133,39,133,四
﻿39,133,65,133,65,154,39,154,日
﻿39,154,65,154,65,175,39,175,勑
﻿39,175,65,175,65,196,39,196,㫖
﻿39,196,65,196,65,217,39,217,凣
﻿39,217,65,217,65,237,39,237,私
﻿39,237,65,237,65,258,39,258,鬪
﻿39,258,65,258,65,279,39,279,者
﻿39,279,65,279,65,300,39,300,法
﻿39,300,65,300,65,321,39,321,司
﻿39,321,65,321,65,342,39,342,分
﻿39,342,65,342,65,363,39,363,首
﻿39,363,65,363,65,384,39,384,從
﻿39,384,65,384,65,405,39,405,𬢱
﻿11,30,36,30,36,51,11,51,罪
﻿11,51,36,51,36,73,11,73,二
﻿11,73,36,73,36,95,11,95,十
﻿11,95,36,95,36,117,11,117,二
﻿11,117,36,117,36,139,11,139,日
﻿11,139,36,139,36,161,11,161,勑
﻿11,161,36,161,36,183,11,183,㫖
﻿11,183,36,183,36,205,11,205,󰱥
﻿11,205,36,205,36,227,11,227,今
﻿11,227,36,227,36,249,11,249,六
﻿11,249,36,249,36,271,11,271,部
﻿11,271,36,271,36,293,11,293,有
﻿11,293,36,293,36,315,11,315,奏
﻿11,315,36,315,36,337,11,337,題
﻿11,337,36,337,36,359,11,359,本
﻿11,359,36,359,36,381,11,381,一
﻿11,381,36,381,36,403,11,403,應
