241,39,264,39,264,59,241,59,而
﻿241,59,264,59,264,79,241,79,進
﻿241,79,264,79,264,100,241,100,本
﻿241,100,264,100,264,120,241,120,年
﻿241,120,264,120,264,140,241,140,本
﻿241,140,264,140,264,161,241,161,月
﻿241,161,264,161,264,181,241,181,沐
﻿241,181,264,181,264,202,241,202,𣆭
﻿241,202,264,202,264,222,241,222,?
﻿241,222,264,222,264,242,241,242,分
﻿241,242,264,242,264,263,241,263,途
﻿241,263,264,263,264,283,241,283,自
﻿241,283,264,283,264,304,241,304,雲
﻿241,304,264,304,264,324,241,324,南
﻿241,324,264,324,264,344,241,344,而
﻿241,344,264,344,264,365,241,365,來
﻿241,365,264,365,264,385,241,385,予
﻿241,385,264,385,264,406,241,406,前
﻿210,38,236,38,236,58,210,58,既
﻿210,58,236,58,236,78,210,78,󰱇
﻿210,78,236,78,236,98,210,98,兵
﻿210,98,236,98,236,119,210,119,則
﻿210,119,236,119,236,139,210,139,險
﻿210,139,236,139,236,159,210,159,以
﻿210,159,236,159,236,179,210,179,摧
﻿210,179,236,179,236,200,210,200,其
﻿210,200,236,200,236,220,210,220,鋒
﻿210,220,236,220,236,240,210,240,予
﻿210,240,236,240,236,261,210,261,後
﻿210,261,236,261,236,281,210,281,再
﻿210,281,236,281,236,301,210,301,調
﻿210,301,236,301,236,321,210,321,兵
﻿210,321,236,321,236,342,210,342,截
﻿210,342,236,342,236,362,210,362,路
﻿210,362,236,362,236,382,210,382,以
﻿210,382,236,382,236,403,210,403,断
﻿180,38,206,38,206,58,180,58,其
﻿180,58,206,58,206,78,180,78,食
﻿180,78,206,78,206,98,180,98,本
﻿180,98,206,98,206,119,180,119,月
﻿180,119,206,119,206,139,180,139,十
﻿180,139,206,139,206,159,180,159,八
﻿180,159,206,159,206,179,180,179,日
﻿180,179,206,179,206,200,180,200,柳
﻿180,200,206,200,206,220,180,220,昇
﻿180,220,206,220,206,240,180,240,爲
﻿180,240,206,240,206,261,180,261,我
﻿180,261,206,261,206,281,180,281,軍
﻿180,281,206,281,206,301,180,301,所
﻿180,301,206,301,206,321,180,321,攻
﻿180,321,206,321,206,342,180,342,計
﻿180,342,206,342,206,362,180,362,墮
﻿180,362,206,362,206,382,180,382,於
﻿180,382,206,382,206,403,180,403,支
﻿149,37,175,37,175,56,149,56,陵
﻿149,56,175,56,175,75,149,75,?
﻿149,75,175,75,175,95,149,95,野
﻿149,95,175,95,175,114,149,114,本
﻿149,114,175,114,175,134,149,134,月
﻿149,134,175,134,175,153,149,153,二
﻿149,153,175,153,175,172,149,172,十
﻿149,172,175,172,175,192,149,192,日
﻿149,192,175,192,175,211,149,211,柳
﻿149,211,175,211,175,231,149,231,昇
﻿149,231,175,231,175,250,149,250,爲
﻿149,250,175,250,175,270,149,270,我
﻿149,270,175,270,175,289,149,289,軍
﻿149,289,175,289,175,308,149,308,所
﻿149,308,175,308,175,328,149,328,敗
﻿149,328,175,328,175,347,149,347,身
﻿149,347,175,347,175,367,149,367,死
﻿149,367,175,367,175,386,149,386,於
﻿149,386,175,386,175,406,149,406,馬
﻿120,37,142,37,142,56,120,56,鞍
﻿120,56,142,56,142,75,120,75,之
﻿120,75,142,75,142,94,120,94,山
﻿120,94,142,94,142,113,120,113,二
﻿120,113,142,113,142,133,120,133,十
﻿120,133,142,133,142,152,120,152,五
﻿120,152,142,152,142,171,120,171,日
﻿120,171,142,171,142,190,120,190,保
﻿120,190,142,190,142,209,120,209,定
﻿120,209,142,209,142,229,120,229,伯
﻿120,229,142,229,142,248,120,248,梁
﻿120,248,142,248,142,267,120,267,銘
﻿120,267,142,267,142,286,120,286,陣
﻿120,286,142,286,142,305,120,305,陷
﻿120,305,142,305,142,325,120,325,而
﻿120,325,142,325,142,344,120,344,䘮
﻿120,344,142,344,142,363,120,363,軀
﻿120,363,142,363,142,382,120,382,二
﻿120,382,142,382,142,402,120,402,?
﻿87,36,114,36,114,56,87,56,八
﻿87,56,114,56,114,77,87,77,日
﻿87,77,114,77,114,97,87,97,尙
﻿87,97,114,97,114,118,87,118,書
﻿87,118,114,118,114,138,87,138,李
﻿87,138,114,138,114,159,87,159,慶
﻿87,159,114,159,114,179,87,179,計
﻿87,179,114,179,114,200,87,200,窮
﻿87,200,114,200,114,220,87,220,而
﻿87,220,114,220,114,241,87,241,殞
﻿87,241,114,241,114,261,87,261,首
﻿87,261,114,261,114,282,87,282,我
﻿87,282,114,282,114,302,87,302,遂
﻿87,302,114,302,114,323,87,323,迎
﻿87,323,114,323,114,343,87,343,刃
﻿87,343,114,343,114,364,87,364,而
﻿87,364,114,364,114,384,87,384,觧
﻿87,384,114,384,114,405,87,405,彼
﻿58,36,82,36,82,55,58,55,自
﻿58,55,82,55,82,74,58,74,倒
﻿58,74,82,74,82,94,58,94,戈
﻿58,94,82,94,82,113,58,113,相
﻿58,113,82,113,82,133,58,133,攻
﻿58,133,82,133,82,152,58,152,繼
﻿58,152,82,152,82,171,58,171,而
﻿58,171,82,171,82,191,58,191,四
﻿58,191,82,191,82,210,58,210,靣
﻿58,210,82,210,82,230,58,230,添
﻿58,230,82,230,82,249,58,249,兵
﻿58,249,82,249,82,269,58,269,以
﻿58,269,82,269,82,288,58,288,逼
﻿58,288,82,288,82,307,58,307,圍
﻿58,307,82,307,82,327,58,327,期
﻿58,327,82,327,82,346,58,346,以
﻿58,346,82,346,82,366,58,366,十
﻿58,366,82,366,82,385,58,385,月
﻿58,385,82,385,82,405,58,405,?
﻿30,36,53,36,53,56,30,56,旬
﻿30,56,53,56,53,76,30,76,而
﻿30,76,53,76,53,97,30,97,殄
﻿30,97,53,97,53,117,30,117,滅
﻿30,117,53,117,53,138,30,138,愛
﻿30,138,53,138,53,158,30,158,󰱇
﻿30,158,53,158,53,179,30,179,貔
﻿30,179,53,179,53,199,30,199,貅
﻿30,199,53,199,53,220,30,220,之
﻿30,220,53,220,53,240,30,240,士
﻿30,240,53,240,53,260,30,260,申
﻿30,260,53,260,53,281,30,281,命
﻿30,281,53,281,53,301,30,301,瓜
﻿30,301,53,301,53,322,30,322,牙
﻿30,322,53,322,53,342,30,342,之
﻿30,342,53,342,53,363,30,363,臣
﻿30,363,53,363,53,383,30,383,飲
﻿30,383,53,383,53,404,30,404,象
﻿2,35,24,35,24,55,2,55,而
﻿2,55,24,55,24,76,2,76,河
﻿2,76,24,76,24,96,2,96,水
﻿2,96,24,96,24,117,2,117,乾
﻿2,117,24,117,24,137,2,137,磨
﻿2,137,24,137,24,158,2,158,刀
﻿2,158,24,158,24,178,2,178,而
﻿2,178,24,178,24,199,2,199,山
﻿2,199,24,199,24,220,2,220,石
﻿2,220,24,220,24,240,2,240,鈌
﻿2,240,24,240,24,261,2,261,一
﻿2,261,24,261,24,281,2,281,皷
﻿2,281,24,281,24,302,2,302,而
﻿2,302,24,302,24,322,2,322,鯨
﻿2,322,24,322,24,343,2,343,刳
﻿2,343,24,343,24,363,2,363,鱷
﻿2,363,24,363,24,384,2,384,斷
﻿2,384,24,384,24,405,2,405,再
