360,154,393,154,393,190,360,190,状
﻿360,190,393,190,393,226,360,226,元
﻿360,226,393,226,393,262,360,262,奏
﻿360,262,393,262,393,298,360,298,事
﻿360,298,393,298,393,334,360,334,太
﻿360,334,393,334,393,370,360,370,師
﻿359,406,393,406,393,439,359,439,爫
﻿359,439,393,439,393,472,359,472,碎
﻿359,472,393,472,393,505,359,505,庒
﻿359,505,393,505,393,538,359,538,鄧
﻿359,538,393,538,393,571,359,571,吏
﻿359,571,393,571,393,604,359,604,私
﻿359,604,393,604,393,637,359,637,怨
﻿359,637,393,637,393,670,359,670,󰠐
﻿320,156,355,156,355,191,320,191,加
﻿320,191,355,191,355,227,320,227,添
﻿320,227,355,227,355,263,320,263,浽
﻿320,263,355,263,355,298,320,298,󰲿
﻿320,298,355,298,355,334,320,334,郑
﻿320,334,355,334,355,370,320,370,歆
﻿321,407,356,407,356,440,321,440,郑
﻿321,440,356,440,356,473,321,473,歆
﻿321,473,356,473,356,506,321,506,課
﻿321,506,356,506,356,539,321,539,畧
﻿321,539,356,539,356,572,321,572,謀
﻿321,572,356,572,356,605,321,605,󰠐
﻿321,605,356,605,356,638,321,638,害
﻿321,638,356,638,356,671,321,671,碎
﻿281,155,317,155,317,190,281,190,𫢩
﻿281,190,317,190,317,226,281,226,㐌
﻿281,226,317,226,317,262,281,262,𤑟
﻿281,262,317,262,317,298,281,298,󰘚
﻿281,298,317,298,317,334,281,334,佞
﻿281,334,317,334,317,370,281,370,耒
﻿286,409,318,409,318,442,286,442,仰
﻿286,442,318,442,318,476,286,476,𥉩
﻿286,476,318,476,318,509,286,509,量
﻿286,509,318,509,318,543,286,543,圣
﻿286,543,318,543,318,577,286,577,栽
﻿286,577,318,577,318,610,286,610,培
﻿286,610,318,610,318,644,286,644,󰡫
﻿286,644,318,644,318,678,286,678,芇
﻿246,153,279,153,279,189,246,189,楚
﻿246,189,279,189,279,225,246,225,王
﻿246,225,279,225,279,261,246,261,陳
﻿246,261,279,261,279,297,246,297,判
﻿246,297,279,297,279,333,246,333,冲
﻿246,333,279,333,279,369,246,369,朝
﻿245,407,282,407,282,440,245,440,太
﻿245,440,282,440,282,474,245,474,師
﻿245,474,282,474,282,507,245,507,悶
﻿245,507,282,507,282,541,245,541,併
﻿245,541,282,541,282,574,245,574,理
﻿245,574,282,574,282,608,245,608,芇
﻿245,608,282,608,282,641,245,641,㝵
﻿245,641,282,641,282,675,245,675,𡢐
﻿203,154,240,154,240,190,203,190,咍
﻿203,190,240,190,240,226,203,226,󰑼
﻿203,226,240,226,240,263,203,263,董
﻿203,263,240,263,240,299,203,299,卓
﻿203,299,240,299,240,335,203,335,謀
﻿203,335,240,335,240,372,203,372,溇
﻿207,406,242,406,242,440,207,440,餒
﻿207,440,242,440,242,474,207,474,𬂙
﻿207,474,242,474,242,508,207,508,吕
﻿207,508,242,508,242,543,207,543,布
﻿207,543,242,543,242,577,207,577,防
﻿207,577,242,577,242,611,207,611,欧
﻿207,611,242,611,242,645,207,645,漢
﻿207,645,242,645,242,680,207,680,權
﻿161,153,200,153,200,189,161,189,咍
﻿161,189,200,189,200,226,161,226,󰑼
﻿161,226,200,226,200,262,161,262,元
﻿161,262,200,262,200,299,161,299,載
﻿161,299,200,299,200,335,161,335,謀
﻿161,335,200,335,200,372,161,372,𥢆
﻿166,406,199,406,199,439,166,439,餒
﻿166,439,199,439,199,473,166,473,󰮇
﻿166,473,199,473,199,507,166,507,雀
﻿166,507,199,507,199,541,166,541,彦
﻿166,541,199,541,199,575,166,575,蒙
﻿166,575,199,575,199,609,166,609,專
﻿166,609,199,609,199,643,166,643,茄
﻿166,643,199,643,199,677,166,677,唐
﻿126,153,159,153,159,189,126,189,咍
﻿126,189,159,189,159,225,126,225,󰑼
﻿126,225,159,225,159,261,126,261,安
﻿126,261,159,261,159,297,126,297,石
﻿126,297,159,297,159,333,126,333,𠺙
﻿126,333,159,333,159,370,126,370,奸
﻿130,406,162,406,162,440,130,440,餒
﻿130,440,162,440,162,475,130,475,󰮇
﻿130,475,162,475,162,509,130,509,秦
﻿130,509,162,509,162,544,130,544,卞
﻿130,544,162,544,162,578,130,578,防
﻿130,578,162,578,162,613,130,613,筭
﻿130,613,162,613,162,647,130,647,宋
﻿130,647,162,647,162,682,130,682,朝
﻿89,153,122,153,122,189,89,189,𠁀
﻿89,189,122,189,122,225,89,225,𠸗
﻿89,225,122,225,122,261,89,261,碎
﻿89,261,122,261,122,297,89,297,佞
﻿89,297,122,297,122,333,89,333,別
﻿89,333,122,333,122,370,89,370,包
﻿93,404,128,404,128,438,93,438,太
﻿93,438,128,438,128,473,93,473,師
﻿93,473,128,473,128,507,93,507,㐱
﻿93,507,128,507,128,542,93,542,固
﻿93,542,128,542,128,576,93,576,恪
﻿93,576,128,576,128,611,93,611,芇
﻿93,611,128,611,128,645,93,645,曹
﻿93,645,128,645,128,680,93,680,喂
﻿55,153,86,153,86,188,55,188,筭
﻿55,188,86,188,86,224,55,224,專
﻿55,224,86,224,86,260,55,260,倚
﻿55,260,86,260,86,296,55,296,𡄎
﻿55,296,86,296,86,332,55,332,嵬
﻿55,332,86,332,86,368,55,368,𡗶
﻿51,404,90,404,90,438,51,438,𧡊
﻿51,438,90,438,90,473,51,473,𠊚
﻿51,473,90,473,90,508,51,508,忠
﻿51,508,90,508,90,543,51,543,正
﻿51,543,90,543,90,577,51,577,劍
﻿51,577,90,577,90,612,51,612,𢈱
﻿51,612,90,612,90,647,51,647,󰕔
﻿51,647,90,647,90,682,51,682,坡
﻿20,153,52,153,52,189,20,189,典
﻿20,189,52,189,52,225,20,225,𫢩
﻿20,225,52,225,52,261,20,261,買
﻿20,261,52,261,52,297,20,297,訴
﻿20,297,52,297,52,333,20,333,正
﻿20,333,52,333,52,369,20,369,邪
﻿19,405,48,405,48,439,19,439,拱
﻿19,439,48,439,48,474,19,474,爲
﻿19,474,48,474,48,509,19,509,課
﻿19,509,48,509,48,544,19,544,畧
﻿19,544,48,544,48,578,19,578,在
﻿19,578,48,578,48,613,19,613,些
﻿19,613,48,613,48,648,19,648,𨇒
﻿19,648,48,648,48,683,19,683,用
