427,397,447,397,447,417,427,417,abc
﻿530,443,548,443,548,461,530,461,abc
﻿597,372,623,372,623,394,597,394,abc
﻿446,492,466,492,466,510,446,510,abc
﻿427,371,445,371,445,393,427,393,abc
﻿250,256,276,256,276,276,250,276,abc
﻿554,560,582,560,582,582,554,582,abc
﻿208,373,234,373,234,393,208,393,abc
﻿529,466,549,466,549,488,529,488,abc
﻿330,442,356,442,356,464,330,464,abc
﻿509,349,529,349,529,369,509,369,abc
﻿329,370,355,370,355,392,329,392,abc
﻿125,444,151,444,151,466,125,466,abc
﻿83,207,109,207,109,229,83,229,abc
﻿638,278,664,278,664,300,638,300,abc
﻿426,513,446,513,446,533,426,533,abc
﻿395,441,419,441,419,463,395,463,abc
﻿208,303,234,303,234,321,208,321,abc
﻿250,467,276,467,276,487,250,487,abc
﻿167,468,191,468,191,486,167,486,abc
﻿637,231,663,231,663,253,637,253,abc
﻿250,277,276,277,276,301,250,301,abc
﻿529,491,549,491,549,511,529,511,abc
﻿446,421,466,421,466,441,446,441,abc
﻿395,182,419,182,419,204,395,204,abc
﻿488,208,508,208,508,230,488,230,abc
﻿469,186,487,186,487,204,469,204,abc
﻿556,537,582,537,582,559,556,559,abc
﻿597,231,623,231,623,253,597,253,abc
﻿250,421,276,421,276,441,250,441,abc
﻿167,304,193,304,193,322,167,322,abc
﻿554,513,580,513,580,535,554,535,abc
﻿475,232,501,232,501,252,475,252,abc
﻿251,184,277,184,277,206,251,206,abc
﻿427,443,445,443,445,463,427,463,abc
﻿488,186,508,186,508,206,488,206,abc
﻿435,257,459,257,459,275,435,275,abc
﻿330,489,356,489,356,511,330,511,abc
﻿125,304,151,304,151,322,125,322,abc
﻿637,443,663,443,663,465,637,465,abc
﻿329,466,355,466,355,488,329,488,abc
﻿292,469,316,469,316,489,292,489,abc
﻿446,327,466,327,466,345,446,345,abc
﻿81,229,107,229,107,251,81,251,abc
﻿396,209,418,209,418,227,396,227,abc
﻿166,373,192,373,192,391,166,391,abc
﻿638,348,664,348,664,370,638,370,abc
﻿124,511,150,511,150,535,124,535,abc
﻿638,324,664,324,664,348,638,348,abc
﻿474,537,498,537,498,555,474,555,abc
﻿83,397,109,397,109,419,83,419,abc
﻿248,537,274,537,274,559,248,559,abc
﻿124,536,150,536,150,558,124,558,abc
﻿556,184,582,184,582,206,556,206,abc
﻿82,466,108,466,108,490,82,490,abc
﻿125,207,151,207,151,229,125,229,abc
﻿473,515,499,515,499,535,473,535,abc
﻿638,396,664,396,664,416,638,416,abc
﻿426,489,446,489,446,511,426,511,abc
﻿83,421,109,421,109,443,83,443,abc
﻿363,153,387,153,387,173,363,173,abc
﻿638,208,664,208,664,230,638,230,abc
﻿126,231,150,231,150,251,126,251,abc
﻿166,561,192,561,192,583,166,583,abc
﻿252,207,276,207,276,229,252,229,abc
﻿370,490,386,490,386,506,370,506,abc
﻿207,514,235,514,235,536,207,536,abc
﻿166,393,192,393,192,417,166,417,abc
﻿637,558,663,558,663,580,637,580,abc
﻿251,164,277,164,277,178,251,178,abc
﻿392,562,418,562,418,576,392,576,abc
﻿364,267,384,267,384,287,364,287,abc
﻿396,164,420,164,420,178,396,178,abc
﻿363,175,387,175,387,193,363,193,abc
﻿515,255,541,255,541,277,515,277,abc
﻿474,373,500,373,500,395,474,395,abc
﻿290,254,316,254,316,278,290,278,abc
﻿331,209,357,209,357,231,331,231,abc
﻿433,231,459,231,459,253,433,253,abc
﻿364,150,386,150,386,152,364,152,abc
﻿249,560,277,560,277,584,249,584,abc
﻿394,229,420,229,420,253,394,253,abc
﻿209,561,233,561,233,587,209,587,abc
﻿363,219,387,219,387,245,363,245,abc
﻿365,245,385,245,385,265,365,265,abc
﻿557,349,583,349,583,371,557,371,abc
﻿291,445,317,445,317,467,291,467,abc
﻿446,397,466,397,466,419,446,419,abc
﻿292,349,318,349,318,371,292,371,abc
﻿475,324,501,324,501,348,475,348,abc
﻿124,253,152,253,152,279,124,279,abc
﻿475,302,501,302,501,322,475,322,abc
﻿475,418,499,418,499,440,475,440,abc
﻿394,255,420,255,420,277,394,277,abc
﻿249,397,275,397,275,419,249,419,abc
﻿556,255,582,255,582,277,556,277,abc
﻿125,373,151,373,151,395,125,395,abc
﻿556,325,582,325,582,347,556,347,abc
﻿208,254,234,254,234,276,208,276,abc
﻿528,373,548,373,548,395,528,395,abc
﻿434,184,460,184,460,206,434,206,abc
﻿529,347,549,347,549,369,529,369,abc
﻿474,279,500,279,500,299,474,299,abc
﻿556,301,582,301,582,323,556,323,abc
﻿392,490,418,490,418,512,392,512,abc
﻿515,231,541,231,541,253,515,253,abc
﻿598,324,624,324,624,346,598,346,abc
﻿474,490,498,490,498,512,474,512,abc
﻿166,442,192,442,192,466,166,466,abc
﻿329,255,355,255,355,277,329,277,abc
﻿394,417,418,417,418,439,394,439,abc
﻿208,349,234,349,234,371,208,371,abc
﻿473,557,499,557,499,579,473,579,abc
﻿394,349,420,349,420,371,394,371,abc
﻿556,418,582,418,582,440,556,440,abc
﻿447,373,467,373,467,395,447,395,abc
﻿290,302,316,302,316,324,290,324,abc
﻿475,466,499,466,499,488,475,488,abc
﻿291,184,317,184,317,206,291,206,abc
﻿434,208,460,208,460,230,434,230,abc
﻿473,255,501,255,501,277,473,277,abc
﻿250,349,276,349,276,371,250,371,abc
﻿515,183,541,183,541,205,515,205,abc
﻿446,444,466,444,466,466,446,466,abc
﻿394,465,420,465,420,487,394,487,abc
﻿290,373,316,373,316,395,290,395,abc
﻿329,279,355,279,355,301,329,301,abc
﻿473,350,499,350,499,372,473,372,abc
﻿331,395,357,395,357,417,331,417,abc
﻿290,396,316,396,316,418,290,418,abc
﻿447,512,467,512,467,534,447,534,abc
﻿332,184,356,184,356,206,332,206,abc
﻿166,230,192,230,192,252,166,252,abc
﻿556,467,582,467,582,489,556,489,abc
﻿597,419,623,419,623,441,597,441,abc
﻿557,231,583,231,583,253,557,253,abc
﻿446,302,466,302,466,324,446,324,abc
﻿207,468,233,468,233,488,207,488,abc
﻿165,489,191,489,191,511,165,511,abc
﻿557,442,583,442,583,464,557,464,abc
﻿638,255,664,255,664,277,638,277,abc
﻿393,398,419,398,419,412,393,412,abc
﻿208,396,234,396,234,418,208,418,abc
﻿638,536,664,536,664,558,638,558,abc
﻿515,207,541,207,541,231,515,231,abc
﻿330,535,356,535,356,557,330,557,abc
﻿363,132,387,132,387,150,363,150,abc
﻿529,328,549,328,549,346,529,346,abc
﻿509,394,529,394,529,416,509,416,abc
﻿80,279,108,279,108,301,80,301,abc
﻿82,515,108,515,108,533,82,533,abc
﻿208,540,234,540,234,558,208,558,abc
﻿83,348,109,348,109,368,83,368,abc
﻿363,113,387,113,387,131,363,131,abc
﻿510,328,528,328,528,346,510,346,abc
﻿81,562,109,562,109,580,81,580,abc
﻿209,207,235,207,235,229,209,229,abc
﻿165,538,191,538,191,560,165,560,abc
﻿83,303,109,303,109,321,83,321,abc
﻿596,559,622,559,622,581,596,581,abc
﻿638,511,664,511,664,533,638,533,abc
﻿167,208,193,208,193,228,167,228,abc
﻿427,302,445,302,445,324,427,324,abc
﻿81,324,109,324,109,346,81,346,abc
﻿508,490,528,490,528,510,508,510,abc
﻿446,280,466,280,466,298,446,298,abc
﻿83,444,109,444,109,466,83,466,abc
﻿596,536,622,536,622,558,596,558,abc
﻿83,535,109,535,109,559,83,559,abc
﻿249,513,273,513,273,535,249,535,abc
﻿393,538,417,538,417,558,393,558,abc
﻿125,182,151,182,151,204,125,204,abc
﻿470,208,488,208,488,228,470,228,abc
﻿82,490,108,490,108,512,82,512,abc
﻿331,559,357,559,357,581,331,581,abc
﻿529,513,549,513,549,533,529,533,abc
﻿125,395,149,395,149,417,125,417,abc
﻿508,560,528,560,528,580,508,580,abc
﻿528,559,548,559,548,579,528,579,abc
﻿124,491,150,491,150,509,124,509,abc
﻿126,281,150,281,150,299,126,299,abc
﻿597,208,623,208,623,230,597,230,abc
﻿556,208,582,208,582,230,556,230,abc
﻿638,489,664,489,664,511,638,511,abc
﻿208,278,234,278,234,300,208,300,abc
﻿448,351,468,351,468,369,448,369,abc
﻿528,538,548,538,548,556,528,556,abc
﻿556,396,582,396,582,414,556,414,abc
﻿509,371,527,371,527,393,509,393,abc
﻿508,536,528,536,528,558,508,558,abc
﻿638,465,664,465,664,487,638,487,abc
﻿331,351,355,351,355,369,331,369,abc
﻿507,512,529,512,529,534,507,534,abc
﻿82,253,108,253,108,277,82,277,abc
﻿529,397,549,397,549,415,529,415,abc
﻿597,490,623,490,623,510,597,510,abc
﻿164,512,190,512,190,536,164,536,abc
﻿598,183,624,183,624,207,598,207,abc
﻿429,280,445,280,445,298,429,298,abc
﻿331,513,357,513,357,535,331,535,abc
﻿427,328,445,328,445,346,427,346,abc
﻿331,326,355,326,355,348,331,348,abc
﻿126,325,150,325,150,345,126,345,abc
﻿638,184,664,184,664,206,638,206,abc
﻿509,443,529,443,529,463,509,463,abc
﻿515,301,541,301,541,321,515,321,abc
﻿251,231,275,231,275,253,251,253,abc
﻿598,348,624,348,624,370,598,370,abc
﻿83,370,109,370,109,392,83,392,abc
﻿425,419,445,419,445,441,425,441,abc
﻿475,395,499,395,499,417,475,417,abc
﻿597,442,623,442,623,464,597,464,abc
﻿595,512,623,512,623,534,595,534,abc
﻿166,325,192,325,192,347,166,347,abc
﻿292,208,318,208,318,230,292,230,abc
﻿555,490,581,490,581,512,555,512,abc
﻿529,420,549,420,549,440,529,440,abc
﻿123,559,151,559,151,583,123,583,abc
﻿427,347,447,347,447,369,427,369,abc
﻿508,419,528,419,528,441,508,441,abc
﻿167,278,193,278,193,300,167,300,abc
﻿392,513,418,513,418,535,392,535,abc
﻿447,466,467,466,467,488,447,488,abc
﻿249,489,275,489,275,511,249,511,abc
﻿249,325,275,325,275,347,249,347,abc
﻿638,302,664,302,664,324,638,324,abc
﻿332,234,356,234,356,252,332,252,abc
﻿167,180,193,180,193,206,167,206,abc
﻿290,420,316,420,316,442,290,442,abc
﻿83,180,109,180,109,206,83,206,abc
﻿166,348,192,348,192,372,166,372,abc
﻿126,349,150,349,150,371,126,371,abc
﻿124,418,150,418,150,440,124,440,abc
﻿292,492,318,492,318,516,292,516,abc
﻿330,419,356,419,356,441,330,441,abc
﻿392,371,418,371,418,393,392,393,abc
﻿123,468,151,468,151,490,123,490,abc
﻿394,304,420,304,420,322,394,322,abc
﻿637,417,663,417,663,441,637,441,abc
﻿329,303,355,303,355,323,329,323,abc
﻿556,373,580,373,580,395,556,395,abc
﻿166,421,192,421,192,441,166,441,abc
﻿250,442,276,442,276,464,250,464,abc
﻿208,490,234,490,234,512,208,512,abc
﻿597,395,623,395,623,417,597,417,abc
﻿596,254,622,254,622,276,596,276,abc
﻿597,278,621,278,621,300,597,300,abc
﻿509,466,529,466,529,488,509,488,abc
﻿208,323,234,323,234,347,208,347,abc
﻿474,442,498,442,498,464,474,464,abc
﻿515,279,541,279,541,299,515,299,abc
﻿166,254,192,254,192,276,166,276,abc
﻿209,230,235,230,235,252,209,252,abc
﻿394,325,420,325,420,347,394,347,abc
﻿426,465,446,465,446,487,426,487,abc
﻿394,279,420,279,420,301,394,301,abc
﻿290,280,316,280,316,300,290,300,abc
﻿250,302,276,302,276,324,250,324,abc
﻿249,371,275,371,275,393,249,393,abc
﻿598,302,624,302,624,324,598,324,abc
﻿290,326,316,326,316,348,290,348,abc
﻿556,278,582,278,582,300,556,300,abc
﻿638,371,664,371,664,393,638,393,abc
﻿596,466,624,466,624,488,596,488,abc
﻿208,420,234,420,234,442,208,442,abc
﻿209,183,235,183,235,205,209,205,abc
﻿290,231,316,231,316,253,290,253,abc
﻿208,444,234,444,234,466,208,466,abc
