358,159,393,159,393,195,358,195,状
﻿358,195,393,195,393,231,358,231,元
﻿358,231,393,231,393,268,358,268,辝
﻿358,268,393,268,393,304,358,304,謝
﻿358,304,393,304,393,340,358,340,老
﻿358,340,393,340,393,377,358,377,妑
﻿359,413,394,413,394,446,359,446,吲
﻿359,446,394,446,394,479,359,479,𠻀
﻿359,479,394,479,394,512,359,512,𠳚
﻿359,512,394,512,394,545,359,545,吏
﻿359,545,394,545,394,578,359,578,月
﻿359,578,394,578,394,611,359,611,娥
﻿359,611,394,611,394,644,359,644,𣈜
﻿359,644,394,644,394,677,359,677,󰉨
﻿322,161,356,161,356,196,322,196,些
﻿322,196,356,196,356,232,322,232,辰
﻿322,232,356,232,356,268,322,268,𥙩
﻿322,268,356,268,356,303,322,303,幅
﻿322,303,356,303,356,339,322,339,像
﻿322,339,356,339,356,375,322,375,尼
﻿319,409,355,409,355,442,319,442,奏
﻿319,442,355,442,355,476,319,476,戈
﻿319,476,355,476,355,510,319,510,塊
﻿319,510,355,510,355,544,319,544,罪
﻿319,544,355,544,355,577,319,577,逴
﻿319,577,355,577,355,611,319,611,𣦍
﻿319,611,355,611,355,645,319,645,𧗱
﻿319,645,355,645,355,679,319,679,茄
﻿283,161,315,161,315,196,283,196,仙
﻿283,196,315,196,315,232,283,232,明
﻿283,232,315,232,315,268,283,268,𠄩
﻿283,268,315,268,315,303,283,303,馭
﻿283,303,315,303,315,339,283,339,阻
﻿283,339,315,339,315,375,283,375,𦋦
﻿284,410,316,410,316,443,284,443,󰝡
﻿284,443,316,443,316,476,284,476,兵
﻿284,476,316,476,316,509,284,509,阻
﻿284,509,316,509,316,543,284,543,吏
﻿284,543,316,543,316,576,284,576,朝
﻿284,576,316,576,316,609,284,609,𰙔
﻿284,609,316,609,316,642,284,642,𠬠
﻿284,642,316,642,316,676,284,676,皮
﻿242,158,279,158,279,194,242,194,楚
﻿242,194,279,194,279,231,242,231,王
﻿242,231,279,231,279,268,242,268,𦖑
﻿242,268,279,268,279,304,242,304,状
﻿242,304,279,304,279,341,242,341,元
﻿242,341,279,341,279,378,242,378,𧗱
﻿246,410,279,410,279,443,246,443,朱
﻿246,443,279,443,279,477,246,477,官
﻿246,477,279,477,279,510,246,510,𦋦
﻿246,510,279,510,279,544,246,544,逴
﻿246,544,279,544,279,578,246,578,𠓨
﻿246,578,279,578,279,611,246,611,掑
﻿246,611,279,611,279,645,246,645,边
﻿246,645,279,645,279,679,246,679,凱
﻿205,158,239,158,239,194,205,194,楚
﻿205,194,239,194,239,231,205,231,王
﻿205,231,239,231,239,268,205,268,𨀈
﻿205,268,239,268,239,305,205,305,𠖈
﻿205,305,239,305,239,342,205,342,金
﻿205,342,239,342,239,379,205,379,階
﻿204,418,240,418,240,450,204,450,𢬣
﻿204,450,240,450,240,483,204,483,𠳐
﻿204,483,240,483,240,515,204,515,󱋓
﻿204,515,240,515,240,548,204,548,𨢇
﻿204,548,240,548,240,580,204,580,賞
﻿204,580,240,580,240,613,204,613,才
﻿204,613,240,613,240,645,204,645,状
﻿204,645,240,645,240,678,204,678,元
﻿168,158,198,158,198,194,168,194,判
﻿168,194,198,194,198,230,168,230,浪
﻿168,230,198,230,198,266,168,266,朕
﻿168,266,198,266,198,302,168,302,𢜝
﻿168,302,198,302,198,338,168,338,渃
﻿168,338,198,338,198,374,168,374,畨
﻿167,411,201,411,201,444,167,444,固
﻿167,444,201,444,201,478,167,478,𤽗
﻿167,478,201,478,201,511,167,511,骨
﻿167,511,201,511,201,545,167,545,突
﻿167,545,201,545,201,579,167,579,法
﻿167,579,201,579,201,612,167,612,仙
﻿167,612,201,612,201,646,167,646,𨔍
﻿167,646,201,646,201,680,167,680,𨓡
﻿129,158,162,158,162,194,129,194,𫢩
﻿129,194,162,194,162,231,129,231,麻
﻿129,231,162,231,162,267,129,267,除
﻿129,267,162,267,162,304,129,304,骨
﻿129,304,162,304,162,340,129,340,突
﻿129,340,162,340,162,377,129,377,衝
﻿130,411,163,411,163,444,130,444,寔
﻿130,444,163,444,163,478,130,478,𡗶
﻿130,478,163,478,163,511,130,511,生
﻿130,511,163,511,163,545,130,545,状
﻿130,545,163,545,163,579,130,579,𢩾
﻿130,579,163,579,163,612,130,612,冲
﻿130,612,163,612,163,646,130,646,渃
﻿130,646,163,646,163,680,130,680,茄
﻿94,159,124,159,124,195,94,195,󰂇
﻿94,195,124,195,124,231,94,231,油
﻿94,231,124,231,124,267,94,267,畧
﻿94,267,124,267,124,303,94,303,固
﻿94,303,124,303,124,339,94,339,状
﻿94,339,124,339,124,376,94,376,𦋦
﻿95,412,127,412,127,445,95,445,爫
﻿95,445,127,445,127,479,95,479,之
﻿95,479,127,479,127,513,95,513,典
﻿95,513,127,513,127,547,95,547,浽
﻿95,547,127,547,127,581,95,581,月
﻿95,581,127,581,127,615,95,615,娥
﻿95,615,127,615,127,649,95,649,貢
﻿95,649,127,649,127,683,95,683,胡
﻿57,160,85,160,85,196,57,196,令
﻿57,196,85,196,85,232,57,232,傳
﻿57,232,85,232,85,268,57,268,待
﻿57,268,85,268,85,304,57,304,宴
﻿57,304,85,304,85,340,57,340,朝
﻿57,340,85,340,85,376,57,376,都
﻿58,412,91,412,91,445,58,445,咹
﻿58,445,91,445,91,479,58,479,𢜠
﻿58,479,91,479,91,513,58,513,󰉨
﻿58,513,91,513,91,547,58,547,㐌
﻿58,547,91,547,91,581,58,581,西
﻿58,581,91,581,91,615,58,615,烏
﻿58,615,91,615,91,649,58,649,擛
﻿58,649,91,649,91,683,58,683,耒
﻿23,157,53,157,53,192,23,192,状
﻿23,192,53,192,53,227,23,227,元
﻿23,227,53,227,53,263,23,263,跪
﻿23,263,53,263,53,298,23,298,奏
﻿23,298,53,298,53,333,23,333,𠬠
﻿23,333,53,333,53,369,23,369,囬
﻿22,414,53,414,53,447,22,447,月
﻿22,447,53,447,53,481,22,481,娥
﻿22,481,53,481,53,514,22,514,各
﻿22,514,53,514,53,548,22,548,傳
﻿22,548,53,548,53,581,22,581,頭
﻿22,581,53,581,53,615,22,615,𡳪
﻿22,615,53,615,53,648,22,648,𤑟
﻿22,648,53,648,53,682,22,682,𤉜
