389,82,421,82,421,108,389,108,abc
﻿620,189,650,189,650,215,620,215,abc
﻿389,317,421,317,421,339,389,339,abc
﻿761,288,791,288,791,312,761,312,abc
﻿483,215,511,215,511,235,483,235,abc
﻿388,340,420,340,420,364,388,364,abc
﻿107,468,139,468,139,496,107,496,abc
﻿61,186,93,186,93,214,61,214,abc
﻿248,416,280,416,280,444,248,444,abc
﻿761,364,791,364,791,392,761,392,abc
﻿155,343,185,343,185,365,155,365,abc
﻿482,264,512,264,512,290,482,290,abc
﻿157,315,185,315,185,341,157,341,abc
﻿621,392,651,392,651,414,621,414,abc
﻿530,416,558,416,558,440,530,440,abc
﻿156,468,184,468,184,492,156,492,abc
﻿574,239,604,239,604,265,574,265,abc
﻿532,440,558,440,558,466,532,466,abc
﻿805,265,837,265,837,287,805,287,abc
﻿480,291,512,291,512,319,480,319,abc
﻿200,469,232,469,232,495,200,495,abc
﻿343,242,371,242,371,264,343,264,abc
﻿156,492,184,492,184,518,156,518,abc
﻿760,214,790,214,790,238,760,238,abc
﻿62,137,94,137,94,163,62,163,abc
﻿433,178,471,178,471,200,433,200,abc
﻿577,391,603,391,603,415,577,415,abc
﻿155,516,185,516,185,542,155,542,abc
﻿109,242,139,242,139,264,109,264,abc
﻿110,189,138,189,138,213,110,213,abc
﻿808,440,840,440,840,466,808,466,abc
﻿761,264,789,264,789,286,761,286,abc
﻿807,390,839,390,839,416,807,416,abc
﻿248,390,280,390,280,416,248,416,abc
﻿388,492,420,492,420,516,388,516,abc
﻿483,163,513,163,513,185,483,185,abc
﻿342,442,372,442,372,466,342,466,abc
﻿433,77,471,77,471,97,433,97,abc
﻿106,391,138,391,138,417,106,417,abc
﻿341,418,373,418,373,442,341,442,abc
﻿808,489,840,489,840,515,808,515,abc
﻿433,97,469,97,469,119,433,119,abc
﻿388,542,420,542,420,570,388,570,abc
﻿529,515,561,515,561,537,529,537,abc
﻿530,468,558,468,558,490,530,490,abc
﻿247,365,279,365,279,391,247,391,abc
﻿107,366,137,366,137,390,107,390,abc
﻿762,341,788,341,788,363,762,363,abc
﻿387,418,419,418,419,440,387,440,abc
﻿623,494,649,494,649,516,623,516,abc
﻿110,343,138,343,138,365,110,365,abc
﻿202,547,232,547,232,569,202,569,abc
﻿388,468,420,468,420,490,388,490,abc
﻿809,467,839,467,839,489,809,489,abc
﻿621,416,653,416,653,442,621,442,abc
﻿808,516,840,516,840,542,808,542,abc
﻿108,291,140,291,140,317,108,317,abc
﻿808,416,840,416,840,440,808,440,abc
﻿713,137,743,137,743,163,713,163,abc
﻿576,514,604,514,604,542,576,542,abc
﻿623,442,651,442,651,464,623,464,abc
﻿388,517,420,517,420,541,388,541,abc
﻿342,466,372,466,372,492,342,492,abc
﻿434,160,470,160,470,180,434,180,abc
﻿432,120,470,120,470,136,432,136,abc
﻿529,494,561,494,561,514,529,514,abc
﻿622,518,650,518,650,542,622,542,abc
﻿110,418,134,418,134,440,110,440,abc
﻿576,496,608,496,608,512,576,512,abc
﻿451,442,473,442,473,464,451,464,abc
﻿433,292,467,292,467,312,433,312,abc
﻿343,518,371,518,371,540,343,540,abc
﻿108,317,140,317,140,343,108,343,abc
﻿574,366,604,366,604,388,574,388,abc
﻿63,109,93,109,93,137,63,137,abc
﻿807,364,837,364,837,388,807,388,abc
﻿526,541,560,541,560,569,526,569,abc
﻿667,188,699,188,699,214,667,214,abc
﻿107,443,139,443,139,467,107,467,abc
﻿623,465,651,465,651,491,623,491,abc
﻿575,442,605,442,605,466,575,466,abc
﻿342,189,374,189,374,213,342,213,abc
﻿248,109,280,109,280,135,248,135,abc
﻿342,106,374,106,374,136,342,136,abc
﻿620,366,652,366,652,392,620,392,abc
﻿388,439,420,439,420,467,388,467,abc
﻿343,365,371,365,371,391,343,391,abc
﻿62,163,92,163,92,185,62,185,abc
﻿202,520,232,520,232,546,202,546,abc
﻿762,314,788,314,788,340,762,340,abc
﻿157,164,185,164,185,188,157,188,abc
﻿296,163,328,163,328,191,296,191,abc
﻿667,137,697,137,697,163,667,163,abc
﻿200,161,232,161,232,187,200,187,abc
﻿155,188,185,188,185,212,155,212,abc
﻿758,191,790,191,790,213,758,213,abc
﻿342,542,374,542,374,570,342,570,abc
﻿108,266,140,266,140,290,108,290,abc
﻿574,212,606,212,606,240,574,240,abc
﻿574,163,604,163,604,191,574,191,abc
﻿157,136,185,136,185,162,157,162,abc
﻿573,111,605,111,605,137,573,137,abc
﻿247,239,279,239,279,265,247,265,abc
﻿528,265,558,265,558,291,528,291,abc
﻿247,267,279,267,279,289,247,289,abc
﻿528,390,560,390,560,416,528,416,abc
﻿342,164,374,164,374,190,342,190,abc
﻿619,163,651,163,651,189,619,189,abc
﻿667,216,697,216,697,242,667,242,abc
﻿574,338,606,338,606,364,574,364,abc
﻿391,164,417,164,417,188,391,188,abc
﻿200,213,232,213,232,239,200,239,abc
﻿341,316,373,316,373,340,341,340,abc
﻿341,213,373,213,373,241,341,241,abc
﻿528,340,558,340,558,366,528,366,abc
﻿622,264,650,264,650,288,622,288,abc
﻿154,265,186,265,186,291,154,291,abc
﻿248,135,280,135,280,161,248,161,abc
﻿758,81,790,81,790,109,758,109,abc
﻿389,237,421,237,421,263,389,263,abc
﻿201,240,233,240,233,264,201,264,abc
﻿713,189,743,189,743,215,713,215,abc
﻿248,187,280,187,280,213,248,213,abc
﻿249,215,277,215,277,239,249,239,abc
﻿713,111,743,111,743,137,713,137,abc
﻿200,187,232,187,232,213,200,213,abc
﻿669,111,695,111,695,137,669,137,abc
﻿574,137,604,137,604,161,574,161,abc
﻿621,111,649,111,649,137,621,137,abc
﻿527,137,559,137,559,163,527,163,abc
﻿575,191,601,191,601,211,575,211,abc
﻿391,190,419,190,419,216,391,216,abc
﻿668,81,698,81,698,109,668,109,abc
﻿621,215,649,215,649,239,621,239,abc
﻿201,443,233,443,233,469,201,469,abc
﻿713,164,743,164,743,188,713,188,abc
﻿154,212,184,212,184,238,154,238,abc
﻿713,238,745,238,745,266,713,266,abc
﻿154,366,186,366,186,392,154,392,abc
﻿389,290,419,290,419,316,389,316,abc
﻿807,161,837,161,837,187,807,187,abc
﻿201,108,233,108,233,136,201,136,abc
﻿387,363,421,363,421,391,387,391,abc
﻿391,137,419,137,419,163,391,163,abc
﻿622,289,650,289,650,315,622,315,abc
﻿527,111,559,111,559,137,527,137,abc
﻿247,289,279,289,279,315,247,315,abc
﻿483,237,511,237,511,263,483,263,abc
﻿201,289,233,289,233,315,201,315,abc
﻿806,314,838,314,838,340,806,340,abc
﻿390,265,418,265,418,291,390,291,abc
﻿758,111,790,111,790,137,758,137,abc
﻿573,290,607,290,607,314,573,314,abc
﻿432,259,468,259,468,287,432,287,abc
﻿248,79,280,79,280,107,248,107,abc
﻿574,82,606,82,606,108,574,108,abc
﻿201,80,233,80,233,106,201,106,abc
﻿575,468,607,468,607,494,575,494,abc
﻿344,492,372,492,372,518,344,518,abc
﻿108,213,140,213,140,241,108,241,abc
﻿110,106,140,106,140,138,110,138,abc
﻿621,241,649,241,649,263,621,263,abc
﻿432,219,472,219,472,239,432,239,abc
﻿434,202,470,202,470,218,434,218,abc
﻿341,342,373,342,373,364,341,364,abc
﻿388,108,420,108,420,136,388,136,abc
﻿202,416,232,416,232,442,202,442,abc
﻿200,365,232,365,232,391,200,391,abc
﻿574,316,604,316,604,338,574,338,abc
﻿621,82,649,82,649,110,621,110,abc
﻿344,266,372,266,372,290,344,290,abc
﻿529,291,557,291,557,315,529,315,abc
﻿249,315,277,315,277,341,249,341,abc
﻿807,240,835,240,835,264,807,264,abc
﻿760,164,788,164,788,190,760,190,abc
﻿805,187,837,187,837,213,805,213,abc
﻿155,442,183,442,183,468,155,468,abc
﻿620,138,650,138,650,162,620,162,abc
﻿806,342,836,342,836,364,806,364,abc
﻿807,287,837,287,837,313,807,313,abc
﻿155,240,183,240,183,264,155,264,abc
﻿153,393,185,393,185,415,153,415,abc
﻿757,137,791,137,791,163,757,163,abc
﻿201,495,233,495,233,521,201,521,abc
﻿574,416,606,416,606,442,574,442,abc
﻿529,316,557,316,557,340,529,340,abc
﻿62,82,92,82,92,108,62,108,abc
﻿155,291,185,291,185,315,155,315,abc
﻿530,163,558,163,558,191,530,191,abc
﻿203,139,231,139,231,161,203,161,abc
﻿483,188,509,188,509,214,483,214,abc
﻿111,164,137,164,137,188,111,188,abc
﻿202,265,232,265,232,287,202,287,abc
﻿529,365,557,365,557,391,529,391,abc
﻿342,137,372,137,372,163,342,163,abc
﻿667,163,697,163,697,189,667,189,abc
﻿619,340,651,340,651,366,619,366,abc
﻿529,81,559,81,559,109,529,109,abc
﻿341,391,373,391,373,417,341,417,abc
﻿620,315,650,315,650,341,620,341,abc
﻿157,108,185,108,185,136,157,136,abc
﻿761,239,791,239,791,263,761,263,abc
﻿715,215,743,215,743,237,715,237,abc
﻿715,81,743,81,743,109,715,109,abc
﻿574,265,604,265,604,289,574,289,abc
﻿528,240,556,240,556,264,528,264,abc
﻿392,216,418,216,418,236,392,236,abc
﻿154,418,184,418,184,442,154,442,abc
﻿387,390,419,390,419,416,387,416,abc
﻿529,216,557,216,557,238,529,238,abc
﻿202,315,232,315,232,341,202,341,abc
﻿111,138,139,138,139,164,111,164,abc
﻿202,342,230,342,230,364,202,364,abc
﻿808,215,838,215,838,239,808,239,abc
﻿247,342,279,342,279,364,247,364,abc
﻿341,291,373,291,373,313,341,313,abc
﻿430,137,472,137,472,159,430,159,abc
﻿250,163,278,163,278,185,250,185,abc
﻿529,190,557,190,557,216,529,216,abc
﻿202,392,230,392,230,416,202,416,abc
﻿154,544,188,544,188,570,154,570,abc
