350,126,384,126,384,161,350,161,月
﻿350,161,384,161,384,197,350,197,娥
﻿350,197,384,197,384,233,350,233,𨉓
﻿350,233,384,233,384,268,350,268,𠖈
﻿350,268,384,268,384,304,350,304,𡧲
﻿350,304,384,304,384,340,350,340,潙
﻿349,379,384,379,384,411,349,411,㳥
﻿349,411,384,411,384,444,349,444,神
﻿349,444,384,444,384,476,349,476,𢴿
﻿349,476,384,476,384,509,349,509,拖
﻿349,509,384,509,384,541,349,541,𠓨
﻿349,541,384,541,384,574,349,574,𫢩
﻿349,574,384,574,384,606,349,606,𣺽
﻿349,606,384,606,384,639,349,639,尼
﻿310,123,346,123,346,159,310,159,俸
﻿310,159,346,159,346,195,310,195,𦝄
﻿310,195,346,195,346,231,310,231,𣃣
﻿310,231,346,231,346,267,310,267,細
﻿310,267,346,267,346,303,310,303,桧
﻿310,303,346,303,346,340,310,340,𣘃
﻿312,379,345,379,345,412,312,412,月
﻿312,412,345,412,345,445,312,445,娥
﻿312,445,345,445,345,478,312,478,𩲉
﻿312,478,345,478,345,512,312,512,唉
﻿312,512,345,512,345,545,312,545,制
﻿312,545,345,545,345,578,312,578,󰉨
﻿312,578,345,578,345,611,312,611,陰
﻿312,611,345,611,345,645,312,645,宮
﻿273,121,306,121,306,157,273,157,掣
﻿273,157,306,157,306,193,273,193,包
﻿273,193,306,193,306,229,273,229,霜
﻿273,229,306,229,306,265,273,265,雪
﻿273,265,306,265,306,301,273,301,𣈘
﻿273,301,306,301,306,338,273,338,冬
﻿271,378,310,378,310,410,271,410,𨉓
﻿271,410,310,410,310,442,271,442,𦣰
﻿271,442,310,442,310,475,271,475,𡧲
﻿271,475,310,475,310,507,271,507,𪤄
﻿271,507,310,507,310,539,271,539,冷
﻿271,539,310,539,310,572,271,572,㳥
﻿271,572,310,572,310,604,271,604,埃
﻿271,604,310,604,310,637,271,637,咍
﻿235,123,268,123,268,158,235,158,󰞹
﻿235,158,268,158,268,194,235,194,音
﻿235,194,268,194,268,230,235,230,傷
﻿235,230,268,230,268,265,235,265,几
﻿235,265,268,265,268,301,235,301,討
﻿235,301,268,301,268,337,235,337,𦖑
﻿233,376,269,376,269,409,233,409,󰝡
﻿233,409,269,409,269,443,233,443,屍
﻿233,443,269,443,269,476,233,476,娘
﻿233,476,269,476,269,510,233,510,吏
﻿233,510,269,510,269,543,233,543,情
﻿233,543,269,543,269,577,233,577,󰉨
﻿233,577,269,577,269,610,233,610,園
﻿233,610,269,610,269,644,233,644,花
﻿192,122,230,122,230,158,192,158,胤
﻿192,158,230,158,230,194,192,194,𩲉
﻿192,194,230,194,230,230,192,230,娘
﻿192,230,230,230,230,266,192,266,矯
﻿192,266,230,266,230,302,192,302,月
﻿192,302,230,302,230,338,192,338,娥
﻿198,376,228,376,228,409,198,409,尋
﻿198,409,228,409,228,443,198,443,尼
﻿198,443,228,443,228,476,198,476,𢭗
﻿198,476,228,476,228,510,198,510,𢭸
﻿198,510,228,510,228,544,198,544,朱
﻿198,544,228,544,228,577,198,577,戈
﻿198,577,228,577,228,611,198,611,𣎃
﻿198,611,228,611,228,645,198,645,㝵
﻿154,124,186,124,186,159,154,159,堆
﻿154,159,186,159,186,194,154,194,𠀧
﻿154,194,186,194,186,230,154,230,𠄼
﻿154,230,186,230,186,265,154,265,女
﻿154,265,186,265,186,300,154,300,𧵆
﻿154,300,186,300,186,336,154,336,低
﻿156,378,191,378,191,411,156,411,𡟱
﻿156,411,191,411,191,444,156,444,𫯳
﻿156,444,191,444,191,477,156,477,𡢐
﻿156,477,191,477,191,510,156,510,拱
﻿156,510,191,510,191,543,156,543,森
﻿156,543,191,543,191,576,156,576,𡆫
﻿156,576,191,576,191,609,156,609,𠬠
﻿156,609,191,609,191,642,156,642,尼
﻿117,124,149,124,149,159,117,159,月
﻿117,159,149,159,149,195,117,195,娥
﻿117,195,149,195,149,231,117,231,𦀊
﻿117,231,149,231,149,267,117,267,丿
﻿117,267,149,267,149,303,117,303,醒
﻿117,303,149,303,149,339,117,339,唏
﻿118,378,151,378,151,411,118,411,体
﻿118,411,151,411,151,444,118,444,𡎢
﻿118,444,151,444,151,477,118,477,曳
﻿118,477,151,477,151,510,118,510,𢪀
﻿118,510,151,510,151,543,118,543,󰋇
﻿118,543,151,543,151,576,118,576,𠳒
﻿118,576,151,576,151,609,118,609,占
﻿118,609,151,609,151,642,118,642,包
﻿81,121,115,121,115,156,81,156,𢧚
﻿81,156,115,156,115,192,81,192,虚
﻿81,192,115,192,115,228,81,228,渚
﻿81,228,115,228,115,264,81,264,別
﻿81,264,115,264,115,300,81,300,爫
﻿81,300,115,300,115,336,81,336,牢
﻿81,377,116,377,116,410,81,410,悲
﻿81,410,116,410,116,443,81,443,除
﻿81,443,116,443,116,477,81,477,別
﻿81,477,116,477,116,510,81,510,劍
﻿81,510,116,510,116,543,81,543,尼
﻿81,543,116,543,116,577,81,577,芇
﻿81,577,116,577,116,610,81,610,投
﻿81,610,116,610,116,644,81,644,𨉓
﻿44,124,78,124,78,159,44,159,𠬠
﻿44,159,78,159,78,194,44,194,𨉓
﻿44,194,78,194,78,229,44,229,𨻫
﻿44,229,78,229,78,264,44,264,仍
﻿44,264,78,264,78,299,44,299,氷
﻿44,299,78,299,78,335,44,335,傾
﻿44,380,76,380,76,413,44,413,丿
﻿44,413,76,413,76,446,44,446,󰦓
﻿44,446,76,446,76,480,44,480,𡗶
﻿44,480,76,480,76,513,44,513,㐌
﻿44,513,76,513,76,546,44,546,󰉺
﻿44,546,76,546,76,580,44,580,𤑍
﻿44,580,76,580,76,613,44,613,彙
﻿44,613,76,613,76,647,44,647,東
﻿9,125,42,125,42,160,9,160,埃
﻿9,160,42,160,42,195,9,195,探
﻿9,195,42,195,42,231,9,231,䀡
﻿9,231,42,231,42,266,9,266,幅
﻿9,266,42,266,42,301,9,301,像
﻿9,301,42,301,42,337,9,337,夫
﻿7,376,41,376,41,410,7,410,𣃣
﻿7,410,41,410,41,444,7,444,枚
﻿7,444,41,444,41,478,7,478,吏
﻿7,478,41,478,41,512,7,512,﨤
﻿7,512,41,512,41,546,7,546,裴
﻿7,546,41,546,41,580,7,580,公
﻿7,580,41,580,41,614,7,614,𨄹
﻿7,614,41,614,41,648,7,648,園
