364,168,396,168,396,203,364,203,漢
﻿364,203,396,203,396,239,364,239,明
﻿364,239,396,239,396,275,364,275,𦖑
﻿364,275,396,275,396,310,364,310,呐
﻿364,310,396,310,396,346,364,346,動
﻿364,346,396,346,396,382,364,382,情
﻿361,421,394,421,394,453,361,453,𬑉
﻿361,453,394,453,394,486,361,486,沙
﻿361,486,394,486,394,519,361,519,紇
﻿361,519,394,519,394,552,361,552,淚
﻿361,552,394,552,394,585,361,585,如
﻿361,585,394,585,394,618,361,618,瓶
﻿361,618,394,618,394,651,361,651,渃
﻿361,651,394,651,394,684,361,684,迎
﻿326,166,360,166,360,201,326,201,仙
﻿326,201,360,201,360,237,326,237,浪
﻿326,237,360,237,360,273,326,273,𢖵
﻿326,273,360,273,360,308,326,308,桧
﻿326,308,360,308,360,344,326,344,松
﻿326,344,360,344,360,380,326,380,天
﻿324,420,356,420,356,452,324,452,索
﻿324,452,356,452,356,485,324,485,高
﻿324,485,356,485,356,518,324,518,歲
﻿324,518,356,518,356,551,324,551,𡘯
﻿324,551,356,551,356,584,324,584,𠹾
﻿324,584,356,584,356,617,324,617,煩
﻿324,617,356,617,356,650,324,650,劳
﻿324,650,356,650,356,683,324,683,刀
﻿286,165,320,165,320,201,286,201,𥉩
﻿286,201,320,201,320,237,286,237,昆
﻿286,237,320,237,320,273,286,273,如
﻿286,273,320,273,320,309,286,309,󰠩
﻿286,309,320,309,320,345,286,345,𥉩
﻿286,345,320,345,320,382,286,382,𬁖
﻿287,420,321,420,321,453,287,453,𨉓
﻿287,453,321,453,321,486,287,486,尼
﻿287,486,321,486,321,519,287,519,𧯶
﻿287,519,321,519,321,552,287,552,易
﻿287,552,321,552,321,585,287,585,方
﻿287,585,321,585,321,618,287,618,芇
﻿287,618,321,618,321,651,287,651,別
﻿287,651,321,651,321,685,287,685,󰦓
﻿249,167,281,167,281,202,249,202,𠬠
﻿249,202,281,202,281,238,249,238,彙
﻿249,238,281,238,281,273,249,273,巾
﻿249,273,281,273,281,309,249,309,󰺔
﻿249,309,281,309,281,344,249,344,𩂏
﻿249,344,281,344,281,380,249,380,頭
﻿247,423,285,423,285,455,247,455,𠀧
﻿247,455,285,455,285,488,247,488,𢆥
﻿247,488,285,488,285,520,247,520,渚
﻿247,520,285,520,285,553,247,553,論
﻿247,553,285,553,285,586,247,586,𠬠
﻿247,586,285,586,285,618,247,618,勾
﻿247,618,285,618,285,651,247,651,生
﻿247,651,285,651,285,684,247,684,誠
﻿210,164,245,164,245,199,210,199,顕
﻿210,199,245,199,245,235,210,235,荣
﻿210,235,245,235,245,271,210,271,渚
﻿210,271,245,271,245,306,210,306,𧡊
﻿210,306,245,306,245,342,210,342,顕
﻿210,342,245,342,245,378,210,378,荣
﻿208,421,243,421,243,454,208,454,小
﻿208,454,243,454,243,487,208,487,童
﻿208,487,243,487,243,520,208,520,畧
﻿208,520,243,520,243,553,208,553,㐌
﻿208,553,243,553,243,586,208,586,爲
﻿208,586,243,586,243,619,208,619,𨉓
﻿208,619,243,619,243,652,208,652,托
﻿208,652,243,652,243,685,208,685,寃
﻿170,165,203,165,203,200,170,200,想
﻿170,200,203,200,203,236,170,236,𦋦
﻿170,236,203,236,203,272,170,272,如
﻿170,272,203,272,203,308,170,308,割
﻿170,308,203,308,203,344,170,344,𦛌
﻿170,344,203,344,203,380,170,380,肝
﻿168,419,205,419,205,452,168,452,想
﻿168,452,205,452,205,485,168,485,包
﻿168,485,205,485,205,518,168,518,饒
﻿168,518,205,518,205,552,168,552,吏
﻿168,552,205,552,205,585,168,585,渚
﻿168,585,205,585,205,618,168,618,滇
﻿168,618,205,618,205,651,168,651,隊
﻿168,651,205,651,205,685,168,685,吝
﻿133,168,165,168,165,203,133,203,明
﻿133,203,165,203,165,238,133,238,浪
﻿133,238,165,238,165,273,133,273,𠊚
﻿133,273,165,273,165,308,133,308,於
﻿133,308,165,308,165,343,133,343,冲
﻿133,343,165,343,165,379,133,379,󰡰
﻿133,420,166,420,166,453,133,453,固
﻿133,453,166,453,166,486,133,486,欺
﻿133,486,166,486,166,519,133,519,富
﻿133,519,166,519,166,552,133,552,貴
﻿133,552,166,552,166,585,133,585,固
﻿133,585,166,585,166,618,133,618,吝
﻿133,618,166,618,166,651,133,651,󰠡
﻿133,651,166,651,166,685,133,685,𮥷
﻿96,163,129,163,129,199,96,199,𥰊
﻿96,199,129,199,129,236,96,236,高
﻿96,236,129,236,129,272,96,272,鐄
﻿96,272,129,272,129,309,96,309,別
﻿96,309,129,309,129,345,96,345,歲
﻿96,345,129,345,129,382,96,382,鐄
﻿95,423,128,423,128,455,95,455,﨤
﻿95,455,128,455,128,488,95,488,欺
﻿95,488,128,488,128,521,95,521,焒
﻿95,521,128,521,128,554,95,554,䚂
﻿95,554,128,554,128,587,95,587,牟
﻿95,587,128,587,128,620,95,620,強
﻿95,620,128,620,128,653,95,653,添
﻿95,653,128,653,128,686,95,686,稽
﻿59,163,91,163,91,199,59,199,悲
﻿59,199,91,199,91,235,59,235,除
﻿59,235,91,235,91,272,59,272,英
﻿59,272,91,272,91,308,59,308,渚
﻿59,308,91,308,91,344,59,344,倍
﻿59,344,91,344,91,381,59,381,𧗱
﻿59,419,91,419,91,452,59,452,於
﻿59,452,91,452,91,485,59,485,低
﻿59,485,91,485,91,518,59,518,𢭗
﻿59,518,91,518,91,552,59,552,𤍇
﻿59,552,91,552,91,585,59,585,󰝺
﻿59,585,91,585,91,618,59,618,皮
﻿59,618,91,618,91,651,59,651,茦
﻿59,651,91,651,91,685,59,685,湯
﻿25,163,56,163,56,199,25,199,包
﻿25,199,56,199,56,236,25,236,除
﻿25,236,56,236,56,272,25,272,歇
﻿25,272,56,272,56,309,25,309,𣅶
﻿25,309,56,309,56,345,25,345,灾
﻿25,345,56,345,56,382,25,382,𮥷
﻿21,420,55,420,55,453,21,453,󰝡
﻿21,453,55,453,55,486,21,486,饒
﻿21,486,55,486,55,519,21,519,些
﻿21,519,55,519,55,552,21,552,仕
﻿21,552,55,552,55,585,21,585,立
﻿21,585,55,585,55,618,21,618,塘
﻿21,618,55,618,55,651,21,651,功
﻿21,651,55,651,55,684,21,684,名
