431,152,464,152,464,187,431,187,舘
﻿431,187,464,187,464,223,431,223,浪
﻿431,223,464,223,464,259,431,259,𡗶
﻿431,259,464,259,464,295,431,295,坦
﻿431,295,464,295,464,331,431,331,清
﻿431,331,464,331,464,367,431,367,明
﻿433,401,474,401,474,436,433,436,𬰅
﻿433,436,474,436,474,471,433,471,湄
﻿433,471,474,471,474,507,433,507,󰦓
﻿433,507,474,507,474,542,433,542,丿
﻿433,542,474,542,474,577,433,577,核
﻿433,577,474,577,474,613,433,613,梗
﻿433,613,474,613,474,648,433,648,天
﻿433,648,474,648,474,684,433,684,香
﻿393,151,429,151,429,187,393,187,埃
﻿393,187,429,187,429,223,393,223,匕
﻿393,223,429,223,429,260,393,260,䀡
﻿393,260,429,260,429,296,393,296,𧡊
﻿393,296,429,296,429,332,393,332,庒
﻿393,332,429,332,429,369,393,369,傷
﻿398,407,429,407,429,441,398,441,呂
﻿398,441,429,441,429,475,398,475,皮
﻿398,475,429,475,429,510,398,510,報
﻿398,510,429,510,429,544,398,544,孝
﻿398,544,429,544,429,578,398,578,呂
﻿398,578,429,578,429,613,398,613,皮
﻿398,613,429,613,429,647,398,647,立
﻿398,647,429,647,429,682,398,682,身
﻿358,152,390,152,390,188,358,188,埃
﻿358,188,390,188,390,224,358,224,咍
﻿358,224,390,224,390,260,358,260,斫
﻿358,260,390,260,390,296,358,296,鬼
﻿358,296,390,296,390,332,358,332,謀
﻿358,332,390,332,390,368,358,368,神
﻿359,409,395,409,395,443,359,443,󰘩
﻿359,443,395,443,395,477,359,477,塵
﻿359,477,395,477,395,511,359,511,埃
﻿359,511,395,511,395,546,359,546,拱
﻿359,546,395,546,395,580,359,580,󰘩
﻿359,580,395,580,395,614,359,614,塵
﻿359,614,395,614,395,648,359,648,如
﻿359,648,395,648,395,683,359,683,埃
﻿318,154,354,154,354,190,318,190,喓
﻿318,190,354,190,354,226,318,226,離
﻿318,226,354,226,354,263,318,263,埃
﻿318,263,354,263,354,299,318,299,窖
﻿318,299,354,299,354,335,318,335,達
﻿318,335,354,335,354,372,318,372,排
﻿321,408,354,408,354,442,321,442,𡦂
﻿321,442,354,442,354,477,321,477,才
﻿321,477,354,477,354,512,321,512,扵
﻿321,512,354,512,354,547,321,547,貝
﻿321,547,354,547,354,581,321,581,𡦂
﻿321,581,354,581,354,616,321,616,災
﻿321,616,354,616,354,651,321,651,𠬠
﻿321,651,354,651,354,686,321,686,韻
﻿281,152,315,152,315,188,281,188,塘
﻿281,188,315,188,315,224,281,224,𠫾
﻿281,224,315,224,315,261,281,261,𠬠
﻿281,261,315,261,315,297,281,297,𣎃
﻿281,297,315,297,315,333,281,333,庒
﻿281,333,315,333,315,370,281,370,𧵆
﻿280,410,317,410,317,444,280,444,欺
﻿280,444,317,444,317,478,280,478,戈
﻿280,478,317,478,317,512,280,512,欺
﻿280,512,317,512,317,546,280,546,吏
﻿280,546,317,546,317,580,280,580,買
﻿280,580,317,580,317,614,280,614,路
﻿280,614,317,614,317,648,280,648,衝
﻿280,648,317,648,317,682,280,682,波
﻿240,155,275,155,275,190,240,190,𠫾
﻿240,190,275,190,275,226,240,226,󰦓
﻿240,226,275,226,275,262,240,262,伴
﻿240,262,275,262,275,298,240,298,作
﻿240,298,275,298,275,334,240,334,𣃣
﻿240,334,275,334,275,370,240,370,󰑾
﻿243,408,277,408,277,442,243,442,直
﻿243,442,277,442,277,476,243,476,󰠃
﻿243,476,277,476,277,511,243,511,歆
﻿243,511,277,511,277,545,243,545,儉
﻿243,545,277,545,277,579,243,579,合
﻿243,579,277,579,277,614,243,614,麻
﻿243,614,277,614,277,648,243,648,迻
﻿243,648,277,648,277,683,243,683,仙
﻿203,157,236,157,236,193,203,193,歆
﻿203,193,236,193,236,229,203,229,浪
﻿203,229,236,229,236,265,203,265,𮎦
﻿203,265,236,265,236,301,203,301,庒
﻿203,301,236,301,236,337,203,337,㧅
﻿203,337,236,337,236,374,203,374,煩
﻿203,413,236,413,236,447,203,447,科
﻿203,447,236,447,236,481,203,481,尼
﻿203,481,236,481,236,515,203,515,㐌
﻿203,515,236,515,236,549,203,549,呂
﻿203,549,236,549,236,583,203,583,些
﻿203,583,236,583,236,617,203,617,願
﻿203,617,236,617,236,651,203,651,科
﻿203,651,236,651,236,686,203,686,𡢐
﻿168,155,201,155,201,191,168,191,𧡊
﻿168,191,201,191,201,228,168,228,饒
﻿168,228,201,228,201,264,168,264,折
﻿168,264,201,264,201,301,168,301,苦
﻿168,301,201,301,201,337,168,337,貝
﻿168,337,201,337,201,374,168,374,饒
﻿168,411,201,411,201,445,168,445,𠬠
﻿168,445,201,445,201,480,168,480,彙
﻿168,480,201,480,201,515,168,515,巾
﻿168,515,201,515,201,550,168,550,泊
﻿168,550,201,550,201,585,168,585,油
﻿168,585,201,585,201,620,168,620,匕
﻿168,620,201,620,201,655,168,655,呵
﻿168,655,201,655,201,690,168,690,傷
﻿126,163,165,163,165,197,126,197,云
﻿126,197,165,197,165,232,126,232,仙
﻿126,232,165,232,165,266,126,266,拮
﻿126,266,165,266,165,301,126,301,挭
﻿126,301,165,301,165,335,126,335,𬨠
﻿126,335,165,335,165,370,126,370,塘
﻿130,410,166,410,166,443,130,443,郑
﻿130,443,166,443,166,477,130,477,歆
﻿130,477,166,477,166,511,130,511,卞
﻿130,511,166,511,166,545,130,545,𥄭
﻿130,545,166,545,166,579,130,579,𠄩
﻿130,579,166,579,166,613,130,613,行
﻿130,613,166,613,166,647,130,647,淚
﻿130,647,166,647,166,681,130,681,沙
﻿88,160,124,160,124,195,88,195,𠫾
﻿88,195,124,195,124,230,88,230,𣃣
﻿88,230,124,230,124,266,88,266,𠬠
﻿88,266,124,266,124,301,88,301,淡
﻿88,301,124,301,124,336,88,336,賖
﻿88,336,124,336,124,372,88,372,匕
﻿91,411,127,411,127,444,91,444,𠫾
﻿91,444,127,444,127,478,91,478,󰦓
﻿91,478,127,478,127,512,91,512,翁
﻿91,512,127,512,127,546,91,546,舘
﻿91,546,127,546,127,580,91,580,奔
﻿91,580,127,580,127,614,91,614,波
﻿91,614,127,614,127,648,91,648,蹺
﻿91,648,127,648,127,682,91,682,󰠃
