435,291,469,291,469,309,435,309,abc
﻿760,515,792,515,792,539,760,539,abc
﻿670,517,702,517,702,541,670,541,abc
﻿456,446,474,446,474,462,456,462,abc
﻿400,468,422,468,422,492,400,492,abc
﻿65,291,97,291,97,315,65,315,abc
﻿437,200,473,200,473,218,437,218,abc
﻿760,190,792,190,792,214,760,214,abc
﻿67,188,95,188,95,212,67,212,abc
﻿434,120,472,120,472,136,434,136,abc
﻿435,160,471,160,471,178,435,178,abc
﻿668,415,700,415,700,441,668,441,abc
﻿762,491,790,491,790,515,762,515,abc
﻿392,342,420,342,420,364,392,364,abc
﻿157,466,189,466,189,494,157,494,abc
﻿159,189,189,189,189,209,159,209,abc
﻿270,241,288,241,288,259,270,259,abc
﻿436,219,474,219,474,239,436,239,abc
﻿435,99,471,99,471,119,435,119,abc
﻿761,416,789,416,789,440,761,440,abc
﻿669,467,701,467,701,491,669,491,abc
﻿486,138,512,138,512,160,486,160,abc
﻿761,541,793,541,793,569,761,569,abc
﻿669,492,701,492,701,516,669,516,abc
﻿760,364,790,364,790,386,760,386,abc
﻿65,108,97,108,97,136,65,136,abc
﻿713,515,747,515,747,539,713,539,abc
﻿669,365,699,365,699,389,669,389,abc
﻿434,137,470,137,470,161,434,161,abc
﻿715,339,743,339,743,363,715,363,abc
﻿760,442,792,442,792,466,760,466,abc
﻿760,465,792,465,792,489,760,489,abc
﻿248,189,266,189,266,209,248,209,abc
﻿715,266,743,266,743,286,715,286,abc
﻿254,263,280,263,280,287,254,287,abc
﻿714,493,746,493,746,515,714,515,abc
﻿760,290,790,290,790,314,760,314,abc
﻿393,366,421,366,421,390,393,390,abc
﻿761,388,791,388,791,416,761,416,abc
﻿270,215,288,215,288,235,270,235,abc
﻿160,442,188,442,188,466,160,466,abc
﻿435,78,471,78,471,98,435,98,abc
﻿760,314,790,314,790,338,760,338,abc
﻿761,216,789,216,789,236,761,236,abc
﻿270,166,288,166,288,186,270,186,abc
﻿669,190,697,190,697,214,669,214,abc
﻿437,176,473,176,473,200,437,200,abc
﻿532,138,558,138,558,162,532,162,abc
﻿668,543,702,543,702,567,668,567,abc
﻿301,420,327,420,327,440,301,440,abc
﻿159,241,187,241,187,263,159,263,abc
﻿761,162,789,162,789,188,761,188,abc
﻿301,442,327,442,327,466,301,466,abc
﻿299,494,329,494,329,514,299,514,abc
﻿254,289,280,289,280,315,254,315,abc
﻿714,543,746,543,746,567,714,567,abc
﻿246,165,264,165,264,187,246,187,abc
﻿269,189,289,189,289,209,269,209,abc
﻿713,187,745,187,745,213,713,213,abc
﻿758,78,790,78,790,108,758,108,abc
﻿435,260,469,260,469,288,435,288,abc
﻿622,137,650,137,650,161,622,161,abc
﻿391,392,423,392,423,416,391,416,abc
﻿713,240,745,240,745,264,713,264,abc
﻿113,188,141,188,141,212,113,212,abc
﻿65,343,97,343,97,367,65,367,abc
﻿299,468,329,468,329,492,299,492,abc
﻿66,136,96,136,96,160,66,160,abc
﻿714,467,746,467,746,491,714,491,abc
﻿158,343,190,343,190,367,158,367,abc
﻿245,214,267,214,267,236,245,236,abc
﻿65,161,97,161,97,189,65,189,abc
﻿392,441,424,441,424,465,392,465,abc
﻿207,164,235,164,235,188,207,188,abc
﻿392,237,422,237,422,261,392,261,abc
﻿345,187,375,187,375,211,345,211,abc
﻿621,106,651,106,651,134,621,134,abc
﻿65,79,97,79,97,107,65,107,abc
﻿668,339,700,339,700,363,668,363,abc
﻿574,79,606,79,606,107,574,107,abc
﻿669,162,697,162,697,188,669,188,abc
﻿160,81,188,81,188,109,160,109,abc
﻿159,212,189,212,189,240,159,240,abc
﻿713,161,745,161,745,187,713,187,abc
﻿390,290,422,290,422,314,390,314,abc
﻿667,263,697,263,697,287,667,287,abc
﻿345,164,375,164,375,188,345,188,abc
﻿392,188,422,188,422,212,392,212,abc
﻿531,110,557,110,557,136,531,136,abc
﻿67,266,97,266,97,290,67,290,abc
﻿112,80,144,80,144,108,112,108,abc
﻿715,390,745,390,745,414,715,414,abc
﻿67,239,95,239,95,263,67,263,abc
﻿111,316,143,316,143,340,111,340,abc
﻿252,136,282,136,282,162,252,162,abc
﻿486,81,514,81,514,109,486,109,abc
﻿66,316,96,316,96,340,66,340,abc
﻿346,213,374,213,374,237,346,237,abc
﻿575,163,607,163,607,191,575,191,abc
﻿714,214,744,214,744,240,714,240,abc
﻿668,239,698,239,698,263,668,263,abc
﻿344,79,376,79,376,107,344,107,abc
﻿715,441,745,441,745,465,715,465,abc
﻿157,315,189,315,189,341,157,341,abc
﻿668,288,698,288,698,312,668,312,abc
﻿112,240,142,240,142,264,112,264,abc
﻿300,315,328,315,328,339,300,339,abc
﻿621,162,653,162,653,190,621,190,abc
﻿300,366,328,366,328,390,300,390,abc
﻿393,137,421,137,421,161,393,161,abc
﻿110,290,142,290,142,314,110,314,abc
﻿667,137,699,137,699,161,667,161,abc
﻿390,314,422,314,422,342,390,342,abc
﻿300,188,328,188,328,212,300,212,abc
﻿114,109,142,109,142,137,114,137,abc
﻿485,109,517,109,517,137,485,137,abc
﻿530,77,560,77,560,107,530,107,abc
﻿300,290,328,290,328,314,300,314,abc
﻿391,262,423,262,423,288,391,288,abc
﻿112,212,144,212,144,238,112,238,abc
﻿666,107,698,107,698,135,666,135,abc
﻿208,109,236,109,236,135,208,135,abc
﻿299,84,329,84,329,108,299,108,abc
﻿207,136,235,136,235,164,207,164,abc
﻿300,135,328,135,328,159,300,159,abc
﻿576,109,604,109,604,137,576,137,abc
﻿111,264,143,264,143,288,111,288,abc
﻿300,110,328,110,328,134,300,134,abc
﻿300,266,328,266,328,290,300,290,abc
﻿391,110,423,110,423,136,391,136,abc
﻿344,109,376,109,376,135,344,135,abc
﻿252,82,284,82,284,110,252,110,abc
﻿205,81,237,81,237,109,205,109,abc
﻿252,111,282,111,282,135,252,135,abc
﻿346,266,374,266,374,290,346,290,abc
﻿300,163,328,163,328,187,300,187,abc
﻿299,214,329,214,329,238,299,238,abc
﻿391,80,423,80,423,108,391,108,abc
﻿390,163,422,163,422,187,390,187,abc
﻿345,136,375,136,375,162,345,162,abc
﻿346,238,374,238,374,264,346,264,abc
﻿575,137,605,137,605,161,575,161,abc
﻿715,365,745,365,745,389,715,389,abc
﻿670,313,698,313,698,337,670,337,abc
﻿669,441,701,441,701,465,669,465,abc
﻿393,417,423,417,423,441,393,441,abc
﻿251,314,283,314,283,342,251,342,abc
﻿246,240,266,240,266,260,246,260,abc
﻿300,339,328,339,328,363,300,363,abc
﻿715,289,743,289,743,313,715,313,abc
﻿160,264,186,264,186,288,160,288,abc
﻿760,339,790,339,790,363,760,363,abc
﻿715,415,745,415,745,439,715,439,abc
﻿298,516,330,516,330,546,298,546,abc
﻿669,389,699,389,699,413,669,413,abc
﻿159,290,187,290,187,314,159,314,abc
﻿620,189,652,189,652,217,620,217,abc
﻿302,240,328,240,328,262,302,262,abc
﻿66,214,96,214,96,238,66,238,abc
﻿760,136,788,136,788,160,760,160,abc
﻿114,164,142,164,142,188,114,188,abc
﻿715,315,743,315,743,339,715,339,abc
﻿716,108,742,108,742,136,716,136,abc
﻿161,417,187,417,187,441,161,441,abc
﻿300,390,328,390,328,418,300,418,abc
﻿113,137,141,137,141,163,113,163,abc
﻿159,136,189,136,189,162,159,162,abc
﻿159,164,187,164,187,186,159,186,abc
﻿715,136,743,136,743,160,715,160,abc
﻿158,392,190,392,190,416,158,416,abc
﻿761,264,791,264,791,288,761,288,abc
﻿760,111,788,111,788,135,760,135,abc
﻿760,239,790,239,790,263,760,263,abc
﻿803,106,837,106,837,138,803,138,abc
﻿393,213,421,213,421,237,393,237,abc
﻿159,368,189,368,189,392,159,392,abc
﻿159,109,189,109,189,135,159,135,abc
﻿670,214,696,214,696,238,670,238,abc
