446,162,478,162,478,198,446,198,士
﻿446,198,478,198,478,234,446,234,浪
﻿446,234,478,234,478,270,446,270,固
﻿446,270,478,270,478,306,446,306,苦
﻿446,306,478,306,478,342,446,342,之
﻿446,342,478,342,478,378,446,378,牢
﻿447,416,481,416,481,449,447,449,𤽗
﻿447,449,481,449,481,483,447,483,𦣰
﻿447,483,481,483,481,516,447,516,些
﻿447,516,481,516,481,550,447,550,渚
﻿447,550,481,550,481,584,447,584,符
﻿447,584,481,584,481,617,447,617,𢭂
﻿447,617,481,617,481,651,447,651,𧗱
﻿447,651,481,651,481,685,447,685,耒
﻿411,163,443,163,443,199,411,199,童
﻿411,199,443,199,443,235,411,235,浪
﻿411,235,443,235,443,271,411,271,碎
﻿411,271,443,271,443,307,411,307,本
﻿411,307,443,307,443,343,411,343,䋲
﻿411,343,443,343,443,380,411,380,兮
﻿409,418,444,418,444,451,409,451,𤴬
﻿409,451,444,451,444,485,409,485,之
﻿409,485,444,485,444,518,409,518,細
﻿409,518,444,518,444,552,409,552,浽
﻿409,552,444,552,444,585,409,585,筭
﻿409,585,444,585,444,619,409,619,皮
﻿409,619,444,619,444,652,409,652,渚
﻿409,652,444,652,444,686,409,686,專
﻿370,163,408,163,408,199,370,199,士
﻿370,199,408,199,408,236,370,236,浪
﻿370,236,408,236,408,273,370,273,些
﻿370,273,408,273,408,310,370,310,沛
﻿370,310,408,310,408,347,370,347,用
﻿370,347,408,347,408,384,370,384,權
﻿373,419,405,419,405,452,373,452,病
﻿373,452,405,452,405,486,373,486,南
﻿373,486,405,486,405,519,373,519,渚
﻿373,519,405,519,405,553,373,553,北
﻿373,553,405,553,405,587,373,587,麻
﻿373,587,405,587,405,620,373,620,痊
﻿373,620,405,620,405,654,373,654,買
﻿373,654,405,654,405,688,373,688,才
﻿333,165,367,165,367,201,333,201,小
﻿333,201,367,201,367,237,333,237,童
﻿333,237,367,237,367,273,333,273,𦖑
﻿333,273,367,273,367,309,333,309,律
﻿333,309,367,309,367,345,333,345,𠓨
﻿333,345,367,345,367,382,333,382,𦖻
﻿333,421,370,421,370,454,333,454,𢚸
﻿333,454,370,454,370,487,333,487,𢜠
﻿333,487,370,487,370,521,333,521,倍
﻿333,521,370,521,370,554,333,554,𡲤
﻿333,554,370,554,370,587,333,587,𦣰
﻿333,587,370,587,370,621,333,621,𨱽
﻿333,621,370,621,370,654,333,654,吁
﻿333,654,370,654,370,688,333,688,專
﻿297,165,330,165,330,201,297,201,士
﻿297,201,330,201,330,237,297,237,浪
﻿297,237,330,237,330,273,297,273,谷
﻿297,273,330,273,330,309,297,309,匕
﻿297,309,330,309,330,345,297,345,呼
﻿297,345,330,345,330,381,297,381,連
﻿294,422,328,422,328,455,294,455,𨑮
﻿294,455,328,455,328,489,294,489,翁
﻿294,489,328,489,328,522,294,522,盘
﻿294,522,328,522,328,556,294,556,古
﻿294,556,328,556,328,590,294,590,坐
﻿294,590,328,590,328,623,294,623,前
﻿294,623,328,623,328,657,294,657,證
﻿294,657,328,657,328,691,294,691,明
﻿252,169,289,169,289,204,252,204,𨑮
﻿252,204,289,204,289,240,252,240,翁
﻿252,240,289,240,289,276,252,276,大
﻿252,276,289,276,289,311,252,311,圣
﻿252,311,289,311,289,347,252,347,󰟴
﻿252,347,289,347,289,383,252,383,天
﻿254,423,292,423,292,456,254,456,共
﻿254,456,292,456,292,489,254,489,妑
﻿254,489,292,489,292,522,254,522,武
﻿254,522,292,522,292,556,254,556,后
﻿254,556,292,556,292,589,254,589,調
﻿254,589,292,589,292,622,254,622,連
﻿254,622,292,622,292,655,254,655,細
﻿254,655,292,655,292,689,254,689,低
﻿212,168,250,168,250,203,212,203,𨑮
﻿212,203,250,203,250,239,212,239,翁
﻿212,239,250,239,250,275,212,275,元
﻿212,275,250,275,250,310,212,310,帥
﻿212,310,250,310,250,346,212,346,征
﻿212,346,250,346,250,382,212,382,西
﻿215,420,250,420,250,453,215,453,共
﻿215,453,250,453,250,487,215,487,妑
﻿215,487,250,487,250,520,215,520,漂
﻿215,520,250,520,250,554,215,554,母
﻿215,554,250,554,250,587,215,587,森
﻿215,587,250,587,250,621,215,621,𡆫
﻿215,621,250,621,250,654,215,654,𠬠
﻿215,654,250,654,250,688,215,688,欺
﻿176,169,210,169,210,205,176,205,𨑮
﻿176,205,210,205,210,242,176,242,翁
﻿176,242,210,242,210,278,176,278,佛
﻿176,278,210,278,210,315,176,315,祖
﻿176,315,210,315,210,351,176,351,它
﻿176,351,210,351,210,388,176,388,弥
﻿181,424,213,424,213,457,181,457,共
﻿181,457,213,457,213,490,181,490,妑
﻿181,490,213,490,213,523,181,523,故
﻿181,523,213,523,213,557,181,557,喜
﻿181,557,213,557,213,590,181,590,調
﻿181,590,213,590,213,623,181,623,𡆫
﻿181,623,213,623,213,656,181,656,𠄩
﻿181,656,213,656,213,690,181,690,房
﻿140,168,174,168,174,205,140,205,𨑮
﻿140,205,174,205,174,242,140,242,妑
﻿140,242,174,242,174,279,140,279,公
﻿140,279,174,279,174,316,140,316,主
﻿140,316,174,316,174,353,140,353,五
﻿140,353,174,353,174,390,140,390,竜
﻿145,426,179,426,179,459,145,459,平
﻿145,459,179,459,179,492,145,492,蛮
﻿145,492,179,492,179,525,145,525,五
﻿145,525,179,525,179,558,145,558,虎
﻿145,558,179,558,179,591,145,591,会
﻿145,591,179,591,179,624,145,624,同
﻿145,624,179,624,179,657,145,657,安
﻿145,657,179,657,179,691,145,691,营
﻿104,170,138,170,138,206,104,206,吏
﻿104,206,138,206,138,243,104,243,𨑮
﻿104,243,138,243,138,280,104,280,千
﻿104,280,138,280,138,317,104,317,將
﻿104,317,138,317,138,354,104,354,千
﻿104,354,138,354,138,391,104,391,兵
﻿104,428,142,428,142,460,104,460,𨑮
﻿104,460,142,460,142,493,104,493,位
﻿104,493,142,493,142,525,104,525,三
﻿104,525,142,525,142,558,104,558,府
﻿104,558,142,558,142,591,104,591,洞
﻿104,591,142,591,142,623,104,623,廷
﻿104,623,142,623,142,656,104,656,赤
﻿104,656,142,656,142,689,104,689,鱗
