439,156,474,156,474,192,439,192,埃
﻿439,192,474,192,474,229,439,229,朱
﻿439,229,474,229,474,265,439,265,蓮
﻿439,265,474,265,474,302,439,302,𣑁
﻿439,302,474,302,474,338,439,338,𠬠
﻿439,338,474,338,474,375,439,375,盆
﻿442,413,480,413,480,446,442,446,埃
﻿442,446,480,446,480,480,442,480,朱
﻿442,480,480,480,480,513,442,513,𣔥
﻿442,513,480,513,480,547,442,547,楔
﻿442,547,480,547,480,580,442,580,𤯭
﻿442,580,480,580,480,614,442,614,共
﻿442,614,480,614,480,647,442,647,榴
﻿442,647,480,647,480,681,442,681,梨
﻿402,161,436,161,436,196,402,196,他
﻿402,196,436,196,436,232,402,232,空
﻿402,232,436,232,436,268,402,268,律
﻿402,268,436,268,436,304,402,304,𠹾
﻿402,304,436,304,436,340,402,340,𠬠
﻿402,340,436,340,436,376,402,376,皮
﻿405,416,440,416,440,449,405,449,𧯶
﻿405,449,440,449,440,482,405,482,󰝡
﻿405,482,440,482,440,515,405,515,𨉓
﻿405,515,440,515,440,549,405,549,玉
﻿405,549,440,549,440,582,405,582,預
﻿405,582,440,582,440,615,405,615,㘛
﻿405,615,440,615,440,648,405,648,武
﻿405,648,440,648,440,682,405,682,夫
﻿365,158,399,158,399,194,365,194,荘
﻿365,194,399,194,399,230,365,230,浪
﻿365,230,399,230,399,266,365,266,官
﻿365,266,399,266,399,302,365,302,品
﻿365,302,399,302,399,338,365,338,名
﻿365,338,399,338,399,375,365,375,儒
﻿367,416,401,416,401,449,367,449,壻
﻿367,449,401,449,401,482,367,482,󰦓
﻿367,482,401,482,401,516,367,516,固
﻿367,516,401,516,401,549,367,549,壻
﻿367,549,401,549,401,582,367,582,𥊖
﻿367,582,401,582,401,616,367,616,瞙
﻿367,616,401,616,401,649,367,649,世
﻿367,649,401,649,401,683,367,683,尼
﻿328,162,361,162,361,197,328,197,𦖻
﻿328,197,361,197,361,233,328,233,𦖑
﻿328,233,361,233,361,269,328,269,𠊛
﻿328,269,361,269,361,304,328,304,呐
﻿328,304,361,304,361,340,328,340,会
﻿328,340,361,340,361,376,328,376,尼
﻿330,417,364,417,364,450,330,450,固
﻿330,450,364,450,364,483,330,483,王
﻿330,483,364,483,364,517,330,517,子
﻿330,517,364,517,364,550,330,550,直
﻿330,550,364,550,364,583,330,583,杜
﻿330,583,364,583,364,617,330,617,󰉨
﻿330,617,364,617,364,650,330,650,首
﻿330,650,364,650,364,684,330,684,科
﻿289,159,326,159,326,195,289,195,些
﻿289,195,326,195,326,231,289,231,油
﻿289,231,326,231,326,268,289,268,悶
﻿289,268,326,268,326,304,289,304,結
﻿289,304,326,304,326,340,289,340,𡢽
﻿289,340,326,340,326,377,289,377,爺
﻿292,418,327,418,327,451,292,451,户
﻿292,451,327,451,327,484,292,484,王
﻿292,484,327,484,327,518,292,518,户
﻿292,518,327,518,327,551,292,551,武
﻿292,551,327,551,327,584,292,584,𠬠
﻿292,584,327,584,327,618,292,618,茄
﻿292,618,327,618,327,651,292,651,買
﻿292,651,327,651,327,685,292,685,𠰮
﻿248,164,286,164,286,200,248,200,公
﻿248,200,286,200,286,236,248,236,浪
﻿248,236,286,236,286,272,248,272,悶
﻿248,272,286,272,286,308,248,308,論
﻿248,308,286,308,286,344,248,344,𭛣
﻿248,344,286,344,286,380,248,380,𨉓
﻿251,417,290,417,290,450,251,450,排
﻿251,450,290,450,290,484,251,484,󰝺
﻿251,484,290,484,290,517,251,517,𠬠
﻿251,517,290,517,290,551,251,551,斫
﻿251,551,290,551,290,584,251,584,弋
﻿251,584,290,584,290,618,251,618,情
﻿251,618,290,618,290,651,251,651,朱
﻿251,651,290,651,290,685,251,685,衝
﻿210,161,245,161,245,197,210,197,荘
﻿210,197,245,197,245,233,210,233,浪
﻿210,233,245,233,245,269,210,269,𦖑
﻿210,269,245,269,245,305,210,305,𡶀
﻿210,305,245,305,245,341,210,341,倉
﻿210,341,245,341,245,377,210,377,松
﻿214,420,247,420,247,452,214,452,固
﻿214,452,247,452,247,485,214,485,𡎟
﻿214,485,247,485,247,518,214,518,深
﻿214,518,247,518,247,551,214,551,匕
﻿214,551,247,551,247,583,214,583,莂
﻿214,583,247,583,247,616,214,616,蓬
﻿214,616,247,616,247,649,214,649,坤
﻿214,649,247,649,247,682,214,682,𦋦
﻿172,165,207,165,207,201,172,201,東
﻿172,201,207,201,207,237,172,237,城
﻿172,237,207,237,207,273,172,273,𠦳
﻿172,273,207,273,207,309,172,309,淡
﻿172,309,207,309,207,345,172,345,群
﻿172,345,207,345,207,381,172,381,賖
﻿176,420,209,420,209,453,176,453,󰝡
﻿176,453,209,453,209,486,176,486,払
﻿176,486,209,486,209,520,176,520,捕
﻿176,520,209,520,209,553,176,553,妬
﻿176,553,209,553,209,586,176,586,埃
﻿176,586,209,586,209,620,176,620,麻
﻿176,620,209,620,209,653,176,653,別
﻿176,653,209,653,209,687,176,687,󰦓
﻿134,167,169,167,169,203,134,203,䏾
﻿134,203,169,203,169,239,134,239,核
﻿134,239,169,239,169,275,134,275,𦝄
﻿134,275,169,275,169,311,134,311,㐌
﻿134,311,169,311,169,347,134,347,拮
﻿134,347,169,347,169,383,134,383,頭
﻿138,420,173,420,173,453,138,453,雲
﻿138,453,173,453,173,487,138,487,仙
﻿138,487,173,487,173,520,138,520,𡎢
﻿138,520,173,520,173,554,138,554,畧
﻿138,554,173,554,173,587,138,587,茄
﻿138,587,173,587,173,621,138,621,求
﻿138,621,173,621,173,654,138,654,咀
﻿138,654,173,654,173,688,138,688,嘆
﻿95,166,132,166,132,202,95,202,武
﻿95,202,132,202,132,239,95,239,公
﻿95,239,132,239,132,276,95,276,𦋦
﻿95,276,132,276,132,312,95,312,畧
﻿95,312,132,312,132,349,95,349,誘
﻿95,349,132,349,132,386,95,386,払
﻿100,421,135,421,135,453,100,453,𠖈
﻿100,453,135,453,135,486,100,486,船
﻿100,486,135,486,135,519,100,519,朱
﻿100,519,135,519,135,552,100,552,𥙩
﻿100,552,135,552,135,585,100,585,迻
﻿100,585,135,585,135,618,100,618,郎
﻿100,618,135,618,135,651,100,651,東
﻿100,651,135,651,135,684,100,684,城
