364,147,399,147,399,183,364,183,童
﻿364,183,399,183,399,220,364,220,浪
﻿364,220,399,220,399,256,364,256,𡗶
﻿364,256,399,256,399,293,364,293,坦
﻿364,293,399,293,399,329,364,329,固
﻿364,329,399,329,399,366,364,366,咍
﻿369,403,403,403,403,437,369,437,𦋦
﻿369,437,403,437,403,471,369,471,𠫾
﻿369,471,403,471,403,505,369,505,買
﻿369,505,403,505,403,539,369,539,邒
﻿369,539,403,539,403,573,369,573,𨑮
﻿369,573,403,573,403,607,369,607,㝵
﻿369,607,403,607,403,641,369,641,吏
﻿369,641,403,641,403,676,369,676,𤴬
﻿326,147,362,147,362,184,326,184,𠬠
﻿326,184,362,184,362,221,326,221,𠇮
﻿326,221,362,221,362,258,326,258,󰂌
﻿326,258,362,258,362,295,326,295,畧
﻿326,295,362,295,362,332,326,332,󰂌
﻿326,332,362,332,362,369,326,369,𡢐
﻿329,403,365,403,365,437,329,437,𣛟
﻿329,437,365,437,365,471,329,471,匕
﻿329,471,365,471,365,505,329,505,坡
﻿329,505,365,505,365,539,329,539,󰀒
﻿329,539,365,539,365,573,329,573,油
﻿329,573,365,573,365,607,329,607,匕
﻿329,607,365,607,365,641,329,641,枯
﻿329,641,365,641,365,676,329,676,核
﻿288,147,324,147,324,183,288,183,本
﻿288,183,324,183,324,220,288,220,空
﻿288,220,324,220,324,257,288,257,廊
﻿288,257,324,257,324,293,288,293,𥯎
﻿288,293,324,293,324,330,288,330,之
﻿288,330,324,330,324,367,288,367,低
﻿292,402,327,402,327,436,292,436,嗔
﻿292,436,327,436,327,471,292,471,吝
﻿292,471,327,471,327,506,292,506,細
﻿292,506,327,506,327,541,292,541,畧
﻿292,541,327,541,327,575,292,575,尋
﻿292,575,327,575,327,610,292,610,柴
﻿292,610,327,610,327,645,292,645,茦
﻿292,645,327,645,327,680,292,680,湯
﻿253,146,284,146,284,183,253,183,𣃣
﻿253,183,284,183,284,221,253,221,埋
﻿253,221,284,221,284,259,253,259,﨤
﻿253,259,284,259,284,296,253,296,客
﻿253,296,284,296,284,334,253,334,戈
﻿253,334,284,334,284,372,253,372,塘
﻿254,403,289,403,289,437,254,437,𠊚
﻿254,437,289,437,289,472,254,472,調
﻿254,472,289,472,289,506,254,506,指
﻿254,506,289,506,289,541,254,541,裊
﻿254,541,289,541,289,576,254,576,𠓨
﻿254,576,289,576,289,610,254,610,廊
﻿254,610,289,610,289,645,254,645,同
﻿254,645,289,645,289,680,254,680,文
﻿208,146,247,146,247,183,208,183,𢩮
﻿208,183,247,183,247,220,208,220,饒
﻿208,220,247,220,247,257,208,257,欺
﻿208,257,247,257,247,294,208,294,意
﻿208,294,247,294,247,331,208,331,哙
﻿208,331,247,331,247,369,208,369,𠽄
﻿215,407,252,407,252,441,215,441,﨤
﻿215,441,252,441,252,475,215,475,柴
﻿215,475,252,475,252,509,215,509,爫
﻿215,509,252,509,252,543,215,543,茦
﻿215,543,252,543,252,577,215,577,𠸜
﻿215,577,252,577,252,611,215,611,浪
﻿215,611,252,611,252,645,215,645,趙
﻿215,645,252,645,252,679,215,679,昂
﻿165,147,201,147,201,183,165,183,昂
﻿165,183,201,183,201,220,165,220,浪
﻿165,220,201,220,201,257,165,257,唉
﻿165,257,201,257,201,293,165,293,暫
﻿165,293,201,293,201,330,165,330,𢪀
﻿165,330,201,330,201,367,165,367,安
﻿175,405,210,405,210,439,175,439,𤎜
﻿175,439,210,439,210,474,175,474,㝵
﻿175,474,210,474,210,508,175,508,䀡
﻿175,508,210,508,210,543,175,543,脉
﻿175,543,210,543,210,577,175,577,投
﻿175,577,210,577,210,612,175,612,湯
﻿175,612,210,612,210,646,175,646,買
﻿175,646,210,646,210,681,175,681,仃
﻿131,149,162,149,162,186,131,186,﨤
﻿131,186,162,186,162,224,131,224,柴
﻿131,224,162,224,162,261,131,261,辰
﻿131,261,162,261,162,299,131,299,病
﻿131,299,162,299,162,336,131,336,乙
﻿131,336,162,336,162,374,131,374,苓
﻿136,406,172,406,172,440,136,440,泊
﻿136,440,172,440,172,475,136,475,鐄
﻿136,475,172,475,172,510,136,510,冲
﻿136,510,172,510,172,545,136,545,𫋻
﻿136,545,172,545,172,579,136,579,産
﻿136,579,172,579,172,614,136,614,爭
﻿136,614,172,614,172,649,136,649,包
﻿136,649,172,649,172,684,136,684,饒
﻿95,148,129,148,129,185,95,185,童
﻿95,185,129,185,129,222,95,222,浪
﻿95,222,129,222,129,259,95,259,钱
﻿95,259,129,259,129,296,95,296,泊
﻿95,296,129,296,129,333,95,333,庒
﻿95,333,129,333,129,370,95,370,饒
﻿98,404,134,404,134,439,98,439,嗔
﻿98,439,134,439,134,474,98,474,柴
﻿98,474,134,474,134,509,98,509,𢪀
﻿98,509,134,509,134,544,98,544,量
﻿98,544,134,544,134,579,98,579,邒
﻿98,579,134,579,134,614,98,614,條
﻿98,614,134,614,134,649,98,649,茦
﻿98,649,134,649,134,684,98,684,湯
﻿57,151,88,151,88,186,57,186,埋
﻿57,186,88,186,88,221,57,221,麻
﻿57,221,88,221,88,257,57,257,病
﻿57,257,88,257,88,292,57,292,𧘇
﻿57,292,88,292,88,327,57,327,邒
﻿57,327,88,327,88,363,57,363,安
﻿60,407,96,407,96,441,60,441,泊
﻿60,441,96,441,96,476,60,476,群
﻿60,476,96,476,96,510,60,510,𠄼
﻿60,510,96,510,96,545,60,545,𭃂
﻿60,545,96,545,96,579,60,579,𢭂
﻿60,579,96,579,96,614,60,614,郎
﻿60,614,96,614,96,648,60,648,朱
﻿60,648,96,648,96,683,60,683,柴
﻿23,152,54,152,54,188,23,188,昂
﻿23,188,54,188,54,224,23,224,浪
﻿23,224,54,224,54,260,23,260,柴
﻿23,260,54,260,54,296,23,296,扵
﻿23,296,54,296,54,332,23,332,準
﻿23,332,54,332,54,369,23,369,尼
﻿23,408,58,408,58,442,23,442,𠀧
﻿23,442,58,442,58,477,23,477,𠁀
﻿23,477,58,477,58,511,23,511,󰡸
﻿23,511,58,511,58,546,23,546,業
﻿23,546,58,546,58,580,23,580,爫
﻿23,580,58,580,58,615,23,615,柴
﻿23,615,58,615,58,649,23,649,奇
﻿23,649,58,649,58,684,23,684,𠀧
