372,148,405,148,405,183,372,183,哙
﻿372,183,405,183,405,218,372,218,󰑾
﻿372,218,405,218,405,253,372,253,𠸜
﻿372,253,405,253,405,288,372,288,戸
﻿372,288,405,288,405,323,372,323,󰑼
﻿372,323,405,323,405,359,372,359,之
﻿373,399,409,399,409,433,373,433,朱
﻿373,433,409,433,409,467,373,467,柴
﻿373,467,409,467,409,502,373,502,達
﻿373,502,409,502,409,536,373,536,卦
﻿373,536,409,536,409,570,373,570,𠬠
﻿373,570,409,570,409,605,373,605,欺
﻿373,605,409,605,409,639,373,639,買
﻿373,639,409,639,409,674,373,674,詳
﻿329,145,366,145,366,180,329,180,童
﻿329,180,366,180,366,216,329,216,浪
﻿329,216,366,216,366,252,329,252,𠊚
﻿329,252,366,252,366,287,329,287,扵
﻿329,287,366,287,366,323,329,323,東
﻿329,323,366,323,366,359,329,359,方
﻿333,401,365,401,365,434,333,434,󰑾
﻿333,434,365,434,365,467,333,467,𠫾
﻿333,467,365,467,365,500,333,500,奔
﻿333,500,365,500,365,533,333,533,拌
﻿333,533,365,533,365,566,333,566,𫡉
﻿333,566,365,566,365,599,333,599,塘
﻿333,599,365,599,365,632,333,632,庒
﻿333,632,365,632,365,666,333,666,安
﻿292,150,323,150,323,185,292,185,固
﻿292,185,323,185,323,220,292,220,茄
﻿292,220,323,220,323,255,292,255,戸
﻿292,255,323,255,323,290,292,290,陸
﻿292,290,323,290,323,325,292,325,󰑼
﻿292,325,323,325,323,360,292,360,払
﻿292,403,330,403,330,436,292,436,歲
﻿292,436,330,436,330,470,292,470,𣃣
﻿292,470,330,470,330,504,292,504,𠄩
﻿292,504,330,504,330,538,292,538,糁
﻿292,538,330,538,330,571,292,571,群
﻿292,571,330,571,330,605,292,605,塘
﻿292,605,330,605,330,639,292,639,踈
﻿292,639,330,639,330,673,292,673,𬏝
﻿253,148,287,148,287,183,253,183,扑
﻿253,183,287,183,287,219,253,219,浪
﻿253,219,287,219,287,255,253,255,丁
﻿253,255,287,255,287,291,253,291,卯
﻿253,291,287,291,287,327,253,327,𢆥
﻿253,327,287,327,287,363,253,363,𫢩
﻿256,400,289,400,289,434,256,434,䝨
﻿256,434,289,434,289,468,256,468,之
﻿256,468,289,468,289,502,256,502,甲
﻿256,502,289,502,289,537,256,537,子
﻿256,537,289,537,289,571,256,571,㝵
﻿256,571,289,571,289,605,256,605,𣈙
﻿256,605,289,605,289,639,256,639,庒
﻿256,639,289,639,289,674,256,674,安
﻿211,147,248,147,248,183,211,183,𠇮
﻿211,183,248,183,248,219,211,219,金
﻿211,219,248,219,248,255,211,255,吏
﻿211,255,248,255,248,291,211,291,扵
﻿211,291,248,291,248,327,211,327,宮
﻿211,327,248,327,248,363,211,363,乾
﻿216,400,251,400,251,434,216,434,歲
﻿216,434,251,434,251,468,216,468,尼
﻿216,468,251,468,251,502,216,502,󰑼
﻿216,502,251,502,251,537,216,537,歲
﻿216,537,251,537,251,571,216,571,油
﻿216,571,251,571,251,605,216,605,廊
﻿216,605,251,605,251,639,216,639,𨑗
﻿216,639,251,639,251,674,216,674,𠁀
﻿173,149,208,149,208,184,173,184,固
﻿173,184,208,184,208,220,173,220,󰦓
﻿173,220,208,220,208,255,173,255,奔
﻿173,255,208,255,208,291,173,291,半
﻿173,291,208,291,208,326,173,326,賖
﻿173,326,208,326,208,362,173,362,𧵆
﻿177,400,213,400,213,434,177,434,牢
﻿177,434,213,434,213,469,177,469,𤽗
﻿177,469,213,469,213,503,177,503,窖
﻿177,503,213,503,213,538,177,538,劎
﻿177,538,213,538,213,572,177,572,忍
﻿177,572,213,572,213,607,177,607,𢈱
﻿177,607,213,607,213,641,177,641,嘹
﻿177,641,213,641,213,676,177,676,些
﻿136,150,167,150,167,184,136,184,扲
﻿136,184,167,184,167,219,136,219,钱
﻿136,219,167,219,167,254,136,254,招
﻿136,254,167,254,167,289,136,289,𠖈
﻿136,289,167,289,167,324,136,324,䀡
﻿136,324,167,324,167,359,136,359,戈
﻿138,402,174,402,174,436,138,436,𠬠
﻿138,436,174,436,174,471,138,471,交
﻿138,471,174,471,174,505,138,505,𠄩
﻿138,505,174,505,174,540,138,540,册
﻿138,540,174,540,174,574,138,574,麻
﻿138,574,174,574,174,609,138,609,𠀧
﻿138,609,174,609,174,643,138,643,爻
﻿138,643,174,643,174,678,138,678,重
﻿99,146,132,146,132,182,99,182,荘
﻿99,182,132,182,132,218,99,218,成
﻿99,218,132,218,132,254,99,254,󰑾
﻿99,254,132,254,132,290,99,290,卦
﻿99,290,132,290,132,326,99,326,六
﻿99,326,132,326,132,362,99,362,衝
﻿102,399,134,399,134,433,102,433,𧡊
﻿102,433,134,433,134,468,102,468,爻
﻿102,468,134,468,134,502,102,502,父
﻿102,502,134,502,134,537,102,537,母
﻿102,537,134,537,134,572,102,572,克
﻿102,572,134,572,134,606,102,606,󰠃
﻿102,606,134,606,134,641,102,641,子
﻿102,641,134,641,134,676,102,676,孫
﻿61,147,95,147,95,183,61,183,化
﻿61,183,95,183,95,219,61,219,󰑾
﻿61,219,95,219,95,255,61,255,爫
﻿61,255,95,255,95,291,61,291,卦
﻿61,291,95,291,95,327,61,327,遊
﻿61,327,95,327,95,364,61,364,𩲉
﻿66,402,98,402,98,436,66,436,吏
﻿66,436,98,436,98,471,66,471,添
﻿66,471,98,471,98,505,66,505,世
﻿66,505,98,505,98,540,66,540,動
﻿66,540,98,540,98,574,66,574,克
﻿66,574,98,574,98,609,66,609,屯
﻿66,609,98,609,98,643,66,643,細
﻿66,643,98,643,98,678,66,678,官
﻿25,148,59,148,59,183,25,183,㨿
﻿25,183,59,183,59,219,25,219,冲
﻿25,219,59,219,59,255,25,255,卦
﻿25,255,59,255,59,290,25,290,意
﻿25,290,59,290,59,326,25,326,麻
﻿25,326,59,326,59,362,25,362,盘
﻿25,402,60,402,60,436,25,436,歲
﻿25,436,60,436,60,471,25,471,尼
﻿25,471,60,471,60,506,25,506,買
﻿25,506,60,506,60,541,25,541,𠹾
﻿25,541,60,541,60,576,25,576,母
﻿25,576,60,576,60,611,25,611,䘮
﻿25,611,60,611,60,646,25,646,扵
﻿25,646,60,646,60,681,25,681,𠇮
