444,165,476,165,476,201,444,201,主
﻿444,201,476,201,476,237,444,237,東
﻿444,237,476,237,476,273,444,273,𦋦
﻿444,273,476,273,476,309,444,309,塊
﻿444,309,476,309,476,345,444,345,園
﻿444,345,476,345,476,381,444,381,春
﻿444,417,478,417,478,450,444,450,花
﻿444,450,478,450,478,483,444,483,残
﻿444,483,478,483,478,516,444,516,蘂
﻿444,516,478,516,478,549,444,549,𣳮
﻿444,549,478,549,478,582,444,582,󰑼
﻿444,582,478,582,478,615,444,615,棱
﻿444,615,478,615,478,648,444,648,補
﻿444,648,478,648,478,681,444,681,荒
﻿408,167,441,167,441,202,408,202,於
﻿408,202,441,202,441,238,408,238,𠁀
﻿408,238,441,238,441,274,408,274,埃
﻿408,274,441,274,441,309,408,309,𢚁
﻿408,309,441,309,441,345,408,345,𢀭
﻿408,345,441,345,441,381,408,381,𢀨
﻿406,418,442,418,442,451,406,451,花
﻿406,451,442,451,442,484,406,484,春
﻿406,484,442,484,442,517,406,517,麻
﻿406,517,442,517,442,550,406,550,歇
﻿406,550,442,550,442,583,406,583,𠦳
﻿406,583,442,583,442,616,406,616,鐄
﻿406,616,442,616,442,649,406,649,坤
﻿406,649,442,649,442,683,406,683,摸
﻿370,169,405,169,405,204,370,204,咍
﻿370,204,405,204,405,240,370,240,之
﻿370,240,405,240,405,276,370,276,仍
﻿370,276,405,276,405,311,370,311,娓
﻿370,311,405,311,405,347,370,347,於
﻿370,347,405,347,405,383,370,383,厨
﻿370,418,404,418,404,451,370,451,𠬠
﻿370,451,404,451,404,484,370,484,旬
﻿370,484,404,484,404,517,370,517,𫔤
﻿370,517,404,517,404,550,370,550,禁
﻿370,550,404,550,404,583,370,583,𦊚
﻿370,583,404,583,404,616,370,616,務
﻿370,616,404,616,404,649,370,649,冷
﻿370,649,404,649,404,683,370,683,星
﻿332,168,367,168,367,204,332,204,冷
﻿332,204,367,204,367,240,332,240,汀
﻿332,240,367,240,367,276,332,276,𠬠
﻿332,276,367,276,367,312,332,312,隻
﻿332,312,367,312,367,348,332,348,船
﻿332,348,367,348,367,384,332,384,情
﻿333,419,368,419,368,452,333,452,𨑮
﻿333,452,368,452,368,485,333,485,𠄩
﻿333,485,368,485,368,518,333,518,𣷷
﻿333,518,368,518,368,552,333,552,渃
﻿333,552,368,552,368,585,333,585,迻
﻿333,585,368,585,368,618,333,618,𨉓
﻿333,618,368,618,368,651,333,651,𠓨
﻿333,651,368,651,368,685,333,685,󰦓
﻿293,168,330,168,330,203,293,203,埃
﻿293,203,330,203,330,239,293,239,曾
﻿293,239,330,239,330,275,293,275,默
﻿293,275,330,275,330,310,293,310,袄
﻿293,310,330,310,330,346,293,346,空
﻿293,346,330,346,330,382,293,382,袍
﻿293,419,328,419,328,452,293,452,咹
﻿293,452,328,452,328,485,293,485,粓
﻿293,485,328,485,328,518,293,518,空
﻿293,518,328,518,328,552,293,552,𥮊
﻿293,552,328,552,328,585,293,585,咹
﻿293,585,328,585,328,618,293,618,蔞
﻿293,618,328,618,328,651,293,651,空
﻿293,651,328,651,328,685,293,685,槁
﻿252,171,291,171,291,206,252,206,娘
﻿252,206,291,206,291,242,252,242,牢
﻿252,242,291,242,291,277,252,277,庒
﻿252,277,291,277,291,313,252,313,𢪀
﻿252,313,291,313,291,348,252,348,畧
﻿252,348,291,348,291,384,252,384,𡢐
﻿252,423,291,423,291,455,252,455,底
﻿252,455,291,455,291,488,252,488,揞
﻿252,488,291,488,291,521,252,521,幅
﻿252,521,291,521,291,554,252,554,像
﻿252,554,291,554,291,587,252,587,闭
﻿252,587,291,587,291,620,252,620,𥹰
﻿252,620,291,620,291,653,252,653,舌
﻿252,653,291,653,291,686,252,686,𨉓
﻿214,172,250,172,250,207,214,207,娘
﻿214,207,250,207,250,242,214,242,浪
﻿214,242,250,242,250,278,214,278,𠸗
﻿214,278,250,278,250,313,214,313,斈
﻿214,313,250,313,250,348,214,348,史
﻿214,348,250,348,250,384,214,384,經
﻿214,424,250,424,250,456,214,456,爫
﻿214,456,250,456,250,488,214,488,身
﻿214,488,250,488,250,521,214,521,昆
﻿214,521,250,521,250,553,214,553,𡛔
﻿214,553,250,553,250,585,214,585,𡦂
﻿214,585,250,585,250,618,214,618,貞
﻿214,618,250,618,250,650,214,650,爫
﻿214,650,250,650,250,683,214,683,頭
﻿179,171,211,171,211,207,179,207,庒
﻿179,207,211,207,211,243,179,243,於
﻿179,243,211,243,211,279,179,279,𠺙
﻿179,279,211,279,211,315,179,315,渃
﻿179,315,211,315,211,351,179,351,郑
﻿179,351,211,351,211,387,179,387,󰦓
﻿178,426,213,426,213,458,178,458,現
﻿178,458,213,458,213,491,178,491,𠊚
﻿178,491,213,491,213,523,178,523,細
﻿178,523,213,523,213,556,178,556,󰘂
﻿178,556,213,556,213,588,178,588,󰝡
﻿178,588,213,588,213,621,178,621,妯
﻿178,621,213,621,213,653,178,653,私
﻿178,653,213,653,213,686,178,686,情
﻿143,172,177,172,177,207,143,207,儉
﻿143,207,177,207,177,242,143,242,浪
﻿143,242,177,242,177,278,143,278,㐌
﻿143,278,177,278,177,313,143,313,斈
﻿143,313,177,313,177,348,143,348,史
﻿143,348,177,348,177,384,143,384,經
﻿143,423,176,423,176,455,143,455,牢
﻿143,455,176,455,176,488,143,488,空
﻿143,488,176,488,176,520,143,520,𤐝
﻿143,520,176,520,176,553,143,553,察
﻿143,553,176,553,176,586,143,586,底
﻿143,586,176,586,176,618,143,618,𨉓
﻿143,618,176,618,176,651,143,651,𦣰
﻿143,651,176,651,176,684,143,684,空
﻿103,173,140,173,140,209,103,209,胡
﻿103,209,140,209,140,246,103,246,陽
﻿103,246,140,246,140,282,103,282,𠸗
﻿103,282,140,282,140,319,103,319,買
﻿103,319,140,319,140,355,103,355,化
﻿103,355,140,355,140,392,103,392,𫯳
﻿104,423,139,423,139,456,104,456,唉
﻿104,456,139,456,139,489,104,489,群
﻿104,489,139,489,139,522,104,522,顔
﻿104,522,139,522,139,555,104,555,色
﻿104,555,139,555,139,588,104,588,宋
﻿104,588,139,588,139,621,104,621,公
﻿104,621,139,621,139,654,104,654,󰑼
﻿104,654,139,654,139,687,104,687,𣃣
