366,162,399,162,399,198,366,198,𥮉
﻿366,198,399,198,399,234,366,234,𨱽
﻿366,234,399,234,399,270,366,270,卷
﻿366,270,399,270,399,306,366,306,興
﻿366,306,399,306,399,342,366,342,盃
﻿366,342,399,342,399,378,366,378,𡆫
﻿365,409,401,409,401,442,365,442,店
﻿365,442,401,442,401,476,365,476,箕
﻿365,476,401,476,401,509,365,509,興
﻿365,509,401,509,401,543,365,543,𩙌
﻿365,543,401,543,401,576,365,576,最
﻿365,576,401,576,401,610,365,610,尼
﻿365,610,401,610,401,643,365,643,制
﻿365,643,401,643,401,677,365,677,𦝄
﻿329,163,362,163,362,198,329,198,㝵
﻿329,198,362,198,362,233,329,233,匕
﻿329,233,362,233,362,269,329,269,通
﻿329,269,362,269,362,304,329,304,且
﻿329,304,362,304,362,339,329,339,爫
﻿329,339,362,339,362,375,329,375,咹
﻿328,410,363,410,363,443,328,443,欺
﻿328,443,363,443,363,477,328,477,辰
﻿328,477,363,477,363,510,328,510,紂
﻿328,510,363,510,363,544,328,544,䋥
﻿328,544,363,544,363,577,328,577,欺
﻿328,577,363,577,363,611,328,611,𢬥
﻿328,611,363,611,363,644,328,644,鈎
﻿328,644,363,644,363,678,328,678,淫
﻿290,161,325,161,325,197,290,197,僥
﻿290,197,325,197,325,234,290,234,嗷
﻿290,234,325,234,325,271,290,271,𫢩
﻿290,271,325,271,325,307,290,307,𣷷
﻿290,307,325,307,325,344,290,344,埋
﻿290,344,325,344,325,381,290,381,潭
﻿293,412,325,412,325,445,293,445,𠬠
﻿293,445,325,445,325,478,293,478,瓢
﻿293,478,325,478,325,511,293,511,𡗶
﻿293,511,325,511,325,544,293,544,坦
﻿293,544,325,544,325,577,293,577,盃
﻿293,577,325,577,325,610,293,610,󰠐
﻿293,610,325,610,325,643,293,643,埃
﻿293,643,325,643,325,677,293,677,咍
﻿252,165,288,165,288,200,252,200,經
﻿252,200,288,200,288,235,252,235,綸
﻿252,235,288,235,288,271,252,271,㐌
﻿252,271,288,271,288,306,252,306,産
﻿252,306,288,306,288,341,252,341,冲
﻿252,341,288,341,288,377,252,377,𢬣
﻿253,414,291,414,291,447,253,447,語
﻿253,447,291,447,291,481,253,481,迎
﻿253,481,291,481,291,514,253,514,冲
﻿253,514,291,514,291,548,253,548,渃
﻿253,548,291,548,291,581,253,581,盃
﻿253,581,291,581,291,615,253,615,醝
﻿253,615,291,615,291,648,253,648,冲
﻿253,648,291,648,291,682,253,682,𡗶
﻿210,161,248,161,248,197,210,197,船
﻿210,197,248,197,248,234,210,234,难
﻿210,234,248,234,248,271,210,271,𠬠
﻿210,271,248,271,248,307,210,307,隻
﻿210,307,248,307,248,344,210,344,扵
﻿210,344,248,344,248,381,210,381,𠁀
﻿213,410,250,410,250,443,213,443,沁
﻿213,443,250,443,250,477,213,477,湄
﻿213,477,250,477,250,511,213,511,沚
﻿213,511,250,511,250,545,213,545,𩙌
﻿213,545,250,545,250,579,213,579,𡨌
﻿213,579,250,579,250,613,213,613,󰁍
﻿213,613,250,613,250,647,213,647,寒
﻿213,647,250,647,250,681,213,681,江
﻿172,161,207,161,207,197,172,197,仙
﻿172,197,207,197,207,233,172,233,浪
﻿172,233,207,233,207,270,172,270,汝
﻿172,270,207,270,207,306,172,306,細
﻿172,306,207,306,207,342,172,342,寒
﻿172,342,207,342,207,379,172,379,江
﻿174,410,210,410,210,443,174,443,武
﻿174,443,210,443,210,477,174,477,公
﻿174,477,210,477,210,510,174,510,茄
﻿174,510,210,510,210,544,174,544,扵
﻿174,544,210,544,210,578,174,578,𧵆
﻿174,578,210,578,210,611,174,611,塘
﻿174,611,210,611,210,645,174,645,低
﻿174,645,210,645,210,679,174,679,庒
﻿134,161,170,161,170,197,134,197,魚
﻿134,197,170,197,170,234,134,234,浪
﻿134,234,170,234,170,271,134,271,户
﻿134,271,170,271,170,307,134,307,武
﻿134,307,170,307,170,344,134,344,扵
﻿134,344,170,344,170,381,134,381,𧵆
﻿135,413,170,413,170,446,135,446,塊
﻿135,446,170,446,170,480,135,480,𠀧
﻿135,480,170,480,170,513,135,513,曲
﻿135,513,170,513,170,547,135,547,咏
﻿135,547,170,547,170,581,135,581,辰
﻿135,581,170,581,170,614,135,614,吝
﻿135,614,170,614,170,648,135,648,細
﻿135,648,170,648,170,682,135,682,尼
﻿98,162,130,162,130,198,98,198,仙
﻿98,198,130,198,130,235,98,235,浪
﻿98,235,130,235,130,271,98,271,𠸗
﻿98,271,130,271,130,308,98,308,固
﻿98,308,130,308,130,344,98,344,呵
﻿98,344,130,344,130,381,98,381,前
﻿99,414,134,414,134,447,99,447,𡢽
﻿99,447,134,447,134,481,99,481,爺
﻿99,481,134,481,134,514,99,514,包
﻿99,514,134,514,134,548,99,548,𦬑
﻿99,548,134,548,134,581,99,581,対
﻿99,581,134,581,134,615,99,615,移
﻿99,615,134,615,134,648,99,648,庒
﻿99,648,134,648,134,682,99,682,傷
﻿60,161,95,161,95,197,60,197,𡟱
﻿60,197,95,197,95,234,60,234,𫯳
﻿60,234,95,234,95,271,60,271,󰑼
﻿60,271,95,271,95,307,60,307,󰒂
﻿60,307,95,307,95,344,60,344,糟
﻿60,344,95,344,95,381,60,381,糠
﻿60,409,97,409,97,443,60,443,之
﻿60,443,97,443,97,477,60,477,朋
﻿60,477,97,477,97,511,60,511,細
﻿60,511,97,511,97,545,60,545,妬
﻿60,545,97,545,97,579,60,579,尋
﻿60,579,97,579,97,613,60,613,方
﻿60,613,97,613,97,647,60,647,改
﻿60,647,97,647,97,682,60,682,𠇮
﻿24,166,58,166,58,202,24,202,林
﻿24,202,58,202,58,239,24,239,𢆥
﻿24,239,58,239,58,275,24,275,悶
﻿24,275,58,275,58,312,24,312,論
﻿24,312,58,312,58,348,24,348,恩
﻿24,348,58,348,58,385,24,385,情
﻿22,413,58,413,58,446,22,446,﨤
﻿22,446,58,446,58,480,22,480,欺
﻿22,480,58,480,58,513,22,513,患
﻿22,513,58,513,58,547,22,547,难
﻿22,547,58,547,58,580,22,580,牢
﻿22,580,58,580,58,614,22,614,仃
﻿22,614,58,614,58,647,22,647,補
﻿22,647,58,647,58,681,22,681,饒
