438,149,469,149,469,185,438,185,吹
﻿438,185,469,185,469,221,438,221,𢧚
﻿438,221,469,221,469,257,438,257,芒
﻿438,257,469,257,469,293,438,293,病
﻿438,293,469,293,469,329,438,329,声
﻿438,329,469,329,469,366,438,366,灵
﻿441,406,475,406,475,440,441,440,爲
﻿441,440,475,440,475,475,441,475,烝
﻿441,475,475,475,475,509,441,509,麻
﻿441,509,475,509,475,544,441,544,鬼
﻿441,544,475,544,475,579,441,579,路
﻿441,579,475,579,475,613,441,613,程
﻿441,613,475,613,475,648,441,648,叱
﻿441,648,475,648,475,683,441,683,千
﻿402,151,435,151,435,187,402,187,悶
﻿402,187,435,187,435,223,402,223,朱
﻿402,223,435,223,435,259,402,259,病
﻿402,259,435,259,435,295,402,295,意
﻿402,295,435,295,435,331,402,331,邒
﻿402,331,435,331,435,368,402,368,安
﻿407,410,437,410,437,444,407,444,沛
﻿407,444,437,444,437,478,407,478,尋
﻿407,478,437,478,437,512,407,512,柴
﻿407,512,437,512,437,547,407,547,法
﻿407,547,437,547,437,581,407,581,渚
﻿407,581,437,581,437,615,407,615,專
﻿407,615,437,615,437,649,407,649,朱
﻿407,649,437,649,437,684,407,684,󰉨
﻿364,151,397,151,397,186,364,186,童
﻿364,186,397,186,397,222,364,222,浪
﻿364,222,397,222,397,258,364,258,法
﻿364,258,397,258,397,294,364,294,扵
﻿364,294,397,294,397,330,364,330,󰠲
﻿364,330,397,330,397,366,364,366,低
﻿369,408,402,408,402,442,369,442,扑
﻿369,442,402,442,402,477,369,477,浪
﻿369,477,402,477,402,512,369,512,拱
﻿369,512,402,512,402,547,369,547,扵
﻿369,547,402,547,402,581,369,581,准
﻿369,581,402,581,402,616,369,616,尼
﻿369,616,402,616,402,651,369,651,𨀈
﻿369,651,402,651,402,686,369,686,戈
﻿329,150,362,150,362,186,329,186,法
﻿329,186,362,186,362,222,329,222,咍
﻿329,222,362,222,362,258,329,258,㗂
﻿329,258,362,258,362,294,329,294,曳
﻿329,294,362,294,362,330,329,330,吨
﻿329,330,362,330,362,366,329,366,賖
﻿329,410,363,410,363,444,329,444,𠸜
﻿329,444,363,444,363,478,329,478,󰑼
﻿329,478,363,478,363,513,329,513,道
﻿329,513,363,513,363,547,329,547,士
﻿329,547,363,547,363,581,329,581,扵
﻿329,581,363,581,363,616,329,616,茶
﻿329,616,363,616,363,650,329,650,青
﻿329,650,363,650,363,685,329,685,村
﻿289,154,322,154,322,190,289,190,小
﻿289,190,322,190,322,226,289,226,童
﻿289,226,322,226,322,262,289,262,本
﻿289,262,322,262,322,298,289,298,庒
﻿289,298,322,298,322,334,289,334,別
﻿289,334,322,334,322,370,289,370,坤
﻿291,409,325,409,325,443,291,443,𠫾
﻿291,443,325,443,325,478,291,478,𦖑
﻿291,478,325,478,325,513,291,513,𢈱
﻿291,513,325,513,325,548,291,548,呐
﻿291,548,325,548,325,582,291,582,吏
﻿291,582,325,582,325,617,291,617,奔
﻿291,617,325,617,325,652,291,652,墫
﻿291,652,325,652,325,687,291,687,尋
﻿248,157,282,157,282,193,248,193,士
﻿248,193,282,193,282,229,248,229,浪
﻿248,229,282,229,282,265,248,265,𥙩
﻿248,265,282,265,282,301,248,301,扵
﻿248,301,282,301,282,337,248,337,󰦓
﻿248,337,282,337,282,374,248,374,尋
﻿250,415,286,415,286,448,250,448,咍
﻿250,448,286,448,286,482,250,482,󰑼
﻿250,482,286,482,286,515,250,515,㐌
﻿250,515,286,515,286,549,250,549,莫
﻿250,549,286,549,286,582,250,582,𥙩
﻿250,582,286,582,286,616,250,616,恬
﻿250,616,286,616,286,649,250,649,之
﻿250,649,286,649,286,683,250,683,低
﻿210,154,244,154,244,190,210,190,童
﻿210,190,244,190,244,227,210,227,浪
﻿210,227,244,227,244,263,210,263,𦖑
﻿210,263,244,263,244,300,210,300,呐
﻿210,300,244,300,244,336,210,336,吨
﻿210,336,244,336,244,373,210,373,柴
﻿211,415,247,415,247,448,211,448,除
﻿211,448,247,448,247,482,211,482,邪
﻿211,482,247,482,247,515,211,515,掩
﻿211,515,247,515,247,549,211,549,鬼
﻿211,549,247,549,247,583,211,583,符
﻿211,583,247,583,247,616,211,616,柴
﻿211,616,247,616,247,650,211,650,叱
﻿211,650,247,650,247,684,211,684,咍
﻿173,157,208,157,208,193,173,193,士
﻿173,193,208,193,208,230,173,230,浪
﻿173,230,208,230,208,267,173,267,印
﻿173,267,208,267,208,304,173,304,㐌
﻿173,304,208,304,208,341,173,341,高
﻿173,341,208,341,208,378,173,378,𢬣
﻿178,417,209,417,209,450,178,450,吏
﻿178,450,209,450,209,483,178,483,添
﻿178,483,209,483,209,516,178,516,符
﻿178,516,209,516,209,550,178,550,注
﻿178,550,209,550,209,583,178,583,𠸗
﻿178,583,209,583,209,616,178,616,𫢩
﻿178,616,209,616,209,649,178,649,埃
﻿178,649,209,649,209,683,178,683,皮
﻿137,160,171,160,171,196,137,196,戈
﻿137,196,171,196,171,232,137,232,滝
﻿137,232,171,232,171,268,137,268,󰥶
﻿137,268,171,268,171,304,137,304,𧡊
﻿137,304,171,304,171,340,137,340,摄
﻿137,340,171,340,171,376,137,376,𡆫
﻿141,420,173,420,173,453,141,453,𠓨
﻿141,453,173,453,173,487,141,487,棱
﻿141,487,173,487,173,520,141,520,𤜯
﻿141,520,173,520,173,554,141,554,𧡊
﻿141,554,173,554,173,587,141,587,調
﻿141,587,173,587,173,621,141,621,跪
﻿141,621,173,621,173,654,141,654,𥛉
﻿141,654,173,654,173,688,141,688,迻
﻿99,157,130,157,130,193,99,193,法
﻿99,193,130,193,130,230,99,230,咍
﻿99,230,130,230,130,267,99,267,爫
﻿99,267,130,267,130,303,99,303,𬰅
﻿99,303,130,303,130,340,99,340,爫
﻿99,340,130,340,130,377,99,377,湄
﻿103,415,133,415,133,449,103,449,差
﻿103,449,133,449,133,483,103,483,𪀄
﻿103,483,133,483,133,518,103,518,遣
﻿103,518,133,518,133,552,103,552,猿
﻿103,552,133,552,133,586,103,586,𠲝
﻿103,586,133,586,133,621,103,621,𩢬
﻿103,621,133,621,133,655,103,655,物
﻿103,655,133,655,133,690,103,690,𬌥
