365,152,396,152,396,188,365,188,舘
﻿365,188,396,188,396,224,365,224,浪
﻿365,224,396,224,396,260,365,260,傷
﻿365,260,396,260,396,296,365,296,等
﻿365,296,396,296,396,332,365,332,𮎦
﻿365,332,396,332,396,368,365,368,䧺
﻿362,406,393,406,393,440,362,440,迻
﻿362,440,393,440,393,474,362,474,𠀧
﻿362,474,393,474,393,508,362,508,󰘩
﻿362,508,393,508,393,543,362,543,茦
﻿362,543,393,543,393,577,362,577,底
﻿362,577,393,577,393,611,362,611,防
﻿362,611,393,611,393,645,362,645,𫉚
﻿362,645,393,645,393,680,362,680,身
﻿323,151,360,151,360,187,323,187,庒
﻿323,187,360,187,360,223,323,223,埋
﻿323,223,360,223,360,260,323,260,麻
﻿323,260,360,260,360,296,323,296,﨤
﻿323,296,360,296,360,332,323,332,𣅶
﻿323,332,360,332,360,369,323,369,芇
﻿324,408,359,408,359,442,324,442,當
﻿324,442,359,442,359,476,324,476,欺
﻿324,476,359,476,359,510,324,510,过
﻿324,510,359,510,359,544,324,544,対
﻿324,544,359,544,359,578,324,578,咹
﻿324,578,359,578,359,612,324,612,𠓨
﻿324,612,359,612,359,646,324,646,拱
﻿324,646,359,646,359,680,324,680,𩛂
﻿287,152,321,152,321,187,287,187,仙
﻿287,187,321,187,321,223,287,223,浪
﻿287,223,321,223,321,259,287,259,𠹾
﻿287,259,321,259,321,294,287,294,𥙩
﻿287,294,321,294,321,330,287,330,恩
﻿287,330,321,330,321,366,287,366,朱
﻿287,407,320,407,320,440,287,440,𬌓
﻿287,440,320,440,320,474,287,474,𢚸
﻿287,474,320,474,320,508,287,508,𪿒
﻿287,508,320,508,320,542,287,542,匕
﻿287,542,320,542,320,576,287,576,唉
﻿287,576,320,576,320,610,287,610,卢
﻿287,610,320,610,320,644,287,644,賖
﻿287,644,320,644,320,678,287,678,𧵆
﻿249,149,284,149,284,185,249,185,舘
﻿249,185,284,185,284,222,249,222,浪
﻿249,222,284,222,284,259,249,259,些
﻿249,259,284,259,284,295,249,295,拱
﻿249,295,284,295,284,332,249,332,󰘊
﻿249,332,284,332,284,369,249,369,傾
﻿251,405,285,405,285,439,251,439,𧡊
﻿251,439,285,439,285,473,251,473,丕
﻿251,473,285,473,285,507,251,507,𢧚
﻿251,507,285,507,285,541,251,541,買
﻿251,541,285,541,285,575,251,575,避
﻿251,575,285,575,285,609,251,609,塵
﻿251,609,285,609,285,643,251,643,除
﻿251,643,285,643,285,678,251,678,低
﻿207,148,240,148,240,184,207,184,𡽫
﻿207,184,240,184,240,221,207,221,𣛟
﻿207,221,240,221,240,257,207,257,渃
﻿207,257,240,257,240,294,207,294,碧
﻿207,294,240,294,240,330,207,330,盃
﻿207,330,240,330,240,367,207,367,𡆫
﻿211,406,247,406,247,440,211,440,𠬠
﻿211,440,247,440,247,475,211,475,瓢
﻿211,475,247,475,247,509,211,509,枯
﻿211,509,247,509,247,544,211,544,酒
﻿211,544,247,544,247,579,211,579,𠬠
﻿211,579,247,579,247,613,211,613,潙
﻿211,613,247,613,247,648,211,648,金
﻿211,648,247,648,247,683,211,683,𬞕
﻿170,151,203,151,203,187,170,187,隐
﻿170,187,203,187,203,223,170,223,身
﻿170,223,203,223,203,260,170,260,蹺
﻿170,260,203,260,203,296,170,296,准
﻿170,296,203,296,203,332,170,332,安
﻿170,332,203,332,203,369,170,369,閒
﻿172,405,205,405,205,439,172,439,渚
﻿172,439,205,439,205,474,172,474,尼
﻿172,474,205,474,205,509,172,509,名
﻿172,509,205,509,205,544,172,544,利
﻿172,544,205,544,205,579,172,579,另
﻿172,579,205,579,205,614,172,614,塘
﻿172,614,205,614,205,649,172,649,是
﻿172,649,205,649,205,684,172,684,非
﻿131,152,166,152,166,188,131,188,呐
﻿131,188,166,188,166,224,131,224,耒
﻿131,224,166,224,166,261,131,261,乖
﻿131,261,166,261,166,297,131,297,果
﻿131,297,166,297,166,333,131,333,󰑾
﻿131,333,166,333,166,370,131,370,𠫾
﻿134,411,168,411,168,444,134,444,云
﻿134,444,168,444,168,478,134,478,仙
﻿134,478,168,478,168,511,134,511,䀡
﻿134,511,168,511,168,545,134,545,𧡊
﻿134,545,168,545,168,578,134,578,卞
﻿134,578,168,578,168,612,134,612,𪟽
﻿134,612,168,612,168,645,134,645,冲
﻿134,645,168,645,168,679,134,679,𢚸
﻿94,148,126,148,126,184,94,184,𬂙
﻿94,184,126,184,126,220,94,220,澄
﻿94,220,126,220,126,256,94,256,淡
﻿94,256,126,256,126,292,94,292,紫
﻿94,292,126,292,126,328,94,328,𣦎
﻿94,328,126,328,126,365,94,365,冬
﻿93,405,129,405,129,439,93,439,𢪀
﻿93,439,129,439,129,474,93,474,隊
﻿93,474,129,474,129,509,93,509,干
﻿93,509,129,509,129,544,93,544,吏
﻿93,544,129,544,129,579,93,579,𠼦
﻿93,579,129,579,129,614,93,614,麻
﻿93,614,129,614,129,649,93,649,隊
﻿93,649,129,649,129,684,93,684,干
﻿57,148,91,148,91,184,57,184,𢧚
﻿57,184,91,184,91,221,57,221,庒
﻿57,221,91,221,91,258,57,258,𡮇
﻿57,258,91,258,91,294,57,294,分
﻿57,294,91,294,91,331,57,331,之
﻿57,331,91,331,91,368,57,368,麻
﻿57,408,90,408,90,442,57,442,汝
﻿57,442,90,442,90,476,57,476,句
﻿57,476,90,476,90,511,57,511,養
﻿57,511,90,511,90,545,57,545,育
﻿57,545,90,545,90,579,57,579,卢
﻿57,579,90,579,90,614,57,614,恩
﻿57,614,90,614,90,648,57,648,生
﻿57,648,90,648,90,683,57,683,成
﻿20,151,52,151,52,187,20,187,芒
﻿20,187,52,187,52,223,20,223,句
﻿20,223,52,223,52,260,20,260,不
﻿20,260,52,260,52,296,20,296,孝
﻿20,296,52,296,52,332,20,332,㐌
﻿20,332,52,332,52,369,20,369,仃
﻿24,407,54,407,54,441,24,441,𢪀
﻿24,441,54,441,54,476,24,476,𠇮
﻿24,476,54,476,54,510,24,510,麻
﻿24,510,54,510,54,545,24,545,𢢆
﻿24,545,54,545,54,580,24,580,朱
﻿24,580,54,580,54,614,24,614,𠇮
﻿24,614,54,614,54,649,24,649,爫
﻿24,649,54,649,54,684,24,684,昆
