427,126,457,126,457,160,427,160,公
﻿427,160,457,160,457,195,427,195,浪
﻿427,195,457,195,457,230,427,230,娘
﻿427,230,457,230,457,265,427,265,於
﻿427,265,457,265,457,300,427,300,何
﻿427,300,457,300,457,335,427,335,方
﻿428,375,462,375,462,408,428,408,𭛣
﻿428,408,462,408,462,442,428,442,之
﻿428,442,462,442,462,476,428,476,麻
﻿428,476,462,476,462,510,428,510,細
﻿428,510,462,510,462,544,428,544,𡧲
﻿428,544,462,544,462,578,428,578,園
﻿428,578,462,578,462,612,428,612,花
﻿428,612,462,612,462,646,428,646,些
﻿391,125,425,125,425,160,391,160,踈
﻿391,160,425,160,425,195,391,195,浪
﻿391,195,425,195,425,231,391,231,陣
﻿391,231,425,231,425,266,391,266,𩙌
﻿391,266,425,266,425,301,391,301,󰉺
﻿391,301,425,301,425,337,391,337,戈
﻿394,379,425,379,425,412,394,412,沉
﻿394,412,425,412,425,446,394,446,船
﻿394,446,425,446,425,479,394,479,𢧚
﻿394,479,425,479,425,513,394,513,浽
﻿394,513,425,513,425,546,394,546,𨉓
﻿394,546,425,546,425,580,394,580,𦋦
﻿394,580,425,580,425,613,394,613,󰡫
﻿394,613,425,613,425,647,394,647,尼
﻿356,121,388,121,388,157,356,157,最
﻿356,157,388,157,388,193,356,193,沁
﻿356,193,388,193,388,229,356,229,呂
﻿356,229,388,229,388,265,356,265,𨀈
﻿356,265,388,265,388,301,356,301,細
﻿356,301,388,301,388,337,356,337,低
﻿353,379,389,379,389,412,353,412,嗔
﻿353,412,389,412,389,446,353,446,𠊚
﻿353,446,389,446,389,479,353,479,𤐝
﻿353,479,389,479,389,513,353,513,𪹾
﻿353,513,389,513,389,547,353,547,情
﻿353,547,389,547,389,580,353,580,尼
﻿353,580,389,580,389,614,353,614,𣦍
﻿353,614,389,614,389,648,353,648,奸
﻿316,123,348,123,348,159,316,159,裴
﻿316,159,348,159,348,195,316,195,公
﻿316,195,348,195,348,231,316,231,𨅸
﻿316,231,348,231,348,267,316,267,𥄮
﻿316,267,348,267,348,303,316,303,相
﻿316,303,348,303,348,340,316,340,娘
﻿317,381,351,381,351,414,317,414,庒
﻿317,414,351,414,351,448,317,448,荘
﻿317,448,351,448,351,481,317,481,臺
﻿317,481,351,481,351,515,317,515,阁
﻿317,515,351,515,351,548,317,548,拱
﻿317,548,351,548,351,582,317,582,行
﻿317,582,351,582,351,615,317,615,簮
﻿317,615,351,615,351,649,317,649,纓
﻿279,126,312,126,312,162,279,162,頭
﻿279,162,312,162,312,198,279,198,𡳪
﻿279,198,312,198,312,234,279,234,娘
﻿279,234,312,234,312,270,279,270,呵
﻿279,270,312,270,312,306,279,306,訴
﻿279,306,312,306,312,342,279,342,情
﻿275,383,314,383,314,416,275,416,月
﻿275,416,314,416,314,449,275,449,娥
﻿275,449,314,449,314,483,275,483,𥙩
﻿275,483,314,483,314,516,275,516,寔
﻿275,516,314,516,314,549,275,549,傳
﻿275,549,314,549,314,583,275,583,𨉓
﻿275,583,314,583,314,616,275,616,疎
﻿275,616,314,616,314,650,275,650,戈
﻿238,121,275,121,275,158,238,158,裴
﻿238,158,275,158,275,195,238,195,公
﻿238,195,275,195,275,232,238,232,𢜠
﻿238,232,275,232,275,269,238,269,逴
﻿238,269,275,269,275,306,238,306,𠓨
﻿238,306,275,306,275,343,238,343,茄
﻿238,382,273,382,273,414,238,414,台
﻿238,414,273,414,273,447,238,447,裙
﻿238,447,273,447,273,479,238,479,𨒻
﻿238,479,273,479,273,512,238,512,袄
﻿238,512,273,512,273,545,238,545,餒
﻿238,545,273,545,273,577,238,577,麻
﻿238,577,273,577,273,610,238,610,爫
﻿238,610,273,610,273,643,238,643,昆
﻿197,124,232,124,232,160,197,160,些
﻿197,160,232,160,232,197,197,197,低
﻿197,197,232,197,232,233,197,233,拱
﻿197,233,232,233,232,270,197,270,固
﻿197,270,232,270,232,306,197,306,𠬠
﻿197,306,232,306,232,343,197,343,昆
﻿201,382,236,382,236,415,201,415,𠸜
﻿201,415,236,415,236,448,201,448,󰑼
﻿201,448,236,448,236,481,201,481,裴
﻿201,481,236,481,236,514,201,514,儉
﻿201,514,236,514,236,547,201,547,奴
﻿201,547,236,547,236,580,201,580,群
﻿201,580,236,580,236,613,201,613,於
﻿201,613,236,613,236,647,201,647,京
﻿165,127,194,127,194,162,165,162,冲
﻿165,162,194,162,194,198,165,198,茄
﻿165,198,194,198,194,234,165,234,空
﻿165,234,194,234,194,270,165,270,𡛔
﻿165,270,194,270,194,306,165,306,後
﻿165,306,194,306,194,342,165,342,生
﻿162,384,195,384,195,416,162,416,埋
﻿162,416,195,416,195,449,162,449,麻
﻿162,449,195,449,195,482,162,482,吏
﻿162,482,195,482,195,515,162,515,﨤
﻿162,515,195,515,195,548,162,548,蜞
﻿162,548,195,548,195,581,162,581,蛉
﻿162,581,195,581,195,614,162,614,𡧲
﻿162,614,195,614,195,647,162,647,𡗶
﻿126,129,160,129,160,164,126,164,月
﻿126,164,160,164,160,200,126,200,娥
﻿126,200,160,200,160,236,126,236,於
﻿126,236,160,236,160,271,126,271,㐌
﻿126,271,160,271,160,307,126,307,安
﻿126,307,160,307,160,343,126,343,尼
﻿127,386,158,386,158,418,127,418,店
﻿127,418,158,418,158,451,127,451,又
﻿127,451,158,451,158,484,127,484,𢪀
﻿127,484,158,484,158,517,127,517,量
﻿127,517,158,517,158,549,127,549,𠬠
﻿127,549,158,549,158,582,127,582,𠁀
﻿127,582,158,582,158,615,127,615,㤕
﻿127,615,158,615,158,648,127,648,車
﻿88,130,120,130,120,166,88,166,𠬠
﻿88,166,120,166,120,202,88,202,卢
﻿88,202,120,202,120,238,88,238,爲
﻿88,238,120,238,120,274,88,274,渃
﻿88,274,120,274,120,310,88,310,烏
﻿88,310,120,310,120,346,88,346,戈
﻿89,388,120,388,120,419,89,419,𠲖
﻿89,419,120,419,120,451,89,451,𤤰
﻿89,451,120,451,120,483,89,483,扒
﻿89,483,120,483,120,515,89,515,罪
﻿89,515,120,515,120,546,89,546,吒
﻿89,546,120,546,120,578,89,578,𫅷
﻿89,578,120,578,120,610,89,610,托
﻿89,610,120,610,120,642,89,642,冤
