655,88,687,88,687,114,655,114,abc
﻿39,493,65,493,65,517,39,517,abc
﻿607,252,635,252,635,278,607,278,abc
﻿559,464,591,464,591,488,559,488,abc
﻿801,410,833,410,833,434,801,434,abc
﻿372,412,406,412,406,436,372,436,abc
﻿277,309,307,309,307,333,277,333,abc
﻿280,229,306,229,306,253,280,253,abc
﻿464,307,492,307,492,331,464,331,abc
﻿82,546,116,546,116,570,82,570,abc
﻿133,336,163,336,163,362,133,362,abc
﻿371,174,403,174,403,200,371,200,abc
﻿84,363,116,363,116,387,84,387,abc
﻿658,279,684,279,684,303,658,303,abc
﻿35,363,65,363,65,387,35,387,abc
﻿229,256,261,256,261,280,229,280,abc
﻿606,513,638,513,638,539,606,539,abc
﻿373,517,407,517,407,541,373,541,abc
﻿131,363,163,363,163,387,131,387,abc
﻿181,311,211,311,211,335,181,335,abc
﻿559,514,589,514,589,538,559,538,abc
﻿656,435,688,435,688,461,656,461,abc
﻿132,468,164,468,164,492,132,492,abc
﻿606,359,638,359,638,385,606,385,abc
﻿371,120,403,120,403,144,371,144,abc
﻿800,385,832,385,832,409,800,409,abc
﻿799,304,833,304,833,330,799,330,abc
﻿607,462,639,462,639,488,607,488,abc
﻿418,276,448,276,448,302,418,302,abc
﻿181,386,213,386,213,414,181,414,abc
﻿180,90,214,90,214,120,180,120,abc
﻿433,459,451,459,451,477,433,477,abc
﻿435,478,453,478,453,484,435,484,abc
﻿83,310,117,310,117,336,83,336,abc
﻿752,410,784,410,784,436,752,436,abc
﻿322,118,354,118,354,146,322,146,abc
﻿278,118,308,118,308,148,278,148,abc
﻿372,308,404,308,404,332,372,332,abc
﻿463,115,495,115,495,143,463,143,abc
﻿277,255,305,255,305,279,277,279,abc
﻿326,412,358,412,358,438,326,438,abc
﻿605,116,637,116,637,146,605,146,abc
﻿751,359,783,359,783,385,751,385,abc
﻿656,304,688,304,688,330,656,330,abc
﻿462,280,494,280,494,304,462,304,abc
﻿371,279,403,279,403,305,371,305,abc
﻿511,228,539,228,539,252,511,252,abc
﻿655,117,687,117,687,145,655,145,abc
﻿463,332,493,332,493,356,463,356,abc
﻿280,178,308,178,308,202,280,202,abc
﻿278,150,310,150,310,176,278,176,abc
﻿751,331,783,331,783,357,751,357,abc
﻿656,384,688,384,688,410,656,410,abc
﻿324,333,356,333,356,357,324,357,abc
﻿130,257,164,257,164,283,130,283,abc
﻿655,227,687,227,687,251,655,251,abc
﻿131,311,163,311,163,335,131,335,abc
﻿558,200,590,200,590,226,558,226,abc
﻿325,385,357,385,357,409,325,409,abc
﻿704,228,736,228,736,252,704,252,abc
﻿511,437,545,437,545,463,511,463,abc
﻿462,412,494,412,494,436,462,436,abc
﻿511,410,543,410,543,436,511,436,abc
﻿130,204,164,204,164,228,130,228,abc
﻿324,308,356,308,356,332,324,332,abc
﻿463,384,493,384,493,410,463,410,abc
﻿85,443,115,443,115,467,85,467,abc
﻿606,307,638,307,638,331,606,331,abc
﻿130,230,164,230,164,256,130,256,abc
﻿277,336,307,336,307,360,277,360,abc
﻿82,229,116,229,116,255,82,255,abc
﻿656,356,688,356,688,382,656,382,abc
﻿558,307,590,307,590,333,558,333,abc
﻿655,331,687,331,687,355,655,355,abc
﻿558,172,590,172,590,198,558,198,abc
﻿279,361,307,361,307,385,279,385,abc
﻿130,415,164,415,164,441,130,441,abc
﻿558,228,590,228,590,252,558,252,abc
﻿180,229,212,229,212,259,180,259,abc
﻿509,116,541,116,541,144,509,144,abc
﻿606,226,638,226,638,250,606,250,abc
﻿131,389,163,389,163,413,131,413,abc
﻿655,252,687,252,687,278,655,278,abc
﻿324,176,352,176,352,200,324,200,abc
﻿371,201,403,201,403,225,371,225,abc
﻿558,280,590,280,590,306,558,306,abc
﻿511,280,539,280,539,304,511,304,abc
﻿560,412,590,412,590,436,560,436,abc
﻿703,116,735,116,735,144,703,144,abc
﻿230,178,260,178,260,202,230,202,abc
﻿800,359,832,359,832,383,800,383,abc
﻿83,177,115,177,115,203,83,203,abc
﻿607,410,637,410,637,434,607,434,abc
﻿513,307,541,307,541,331,513,331,abc
﻿511,359,543,359,543,385,511,385,abc
﻿606,332,638,332,638,356,606,356,abc
﻿83,284,115,284,115,308,83,308,abc
﻿323,281,355,281,355,307,323,307,abc
﻿703,146,735,146,735,172,703,172,abc
﻿511,253,541,253,541,279,511,279,abc
﻿703,305,735,305,735,329,703,329,abc
﻿83,388,115,388,115,414,83,414,abc
﻿417,189,451,189,451,213,417,213,abc
﻿323,147,355,147,355,173,323,173,abc
﻿373,462,407,462,407,490,373,490,abc
﻿327,358,355,358,355,384,327,384,abc
﻿753,463,785,463,785,489,753,489,abc
﻿131,284,163,284,163,308,131,308,abc
﻿36,229,68,229,68,255,36,255,abc
﻿606,566,640,566,640,594,606,594,abc
﻿511,175,541,175,541,199,511,199,abc
﻿800,331,832,331,832,357,800,357,abc
﻿83,256,115,256,115,282,83,282,abc
﻿131,443,163,443,163,467,131,467,abc
﻿372,226,402,226,402,252,372,252,abc
﻿39,256,65,256,65,284,39,284,abc
﻿752,305,782,305,782,329,752,329,abc
﻿559,436,591,436,591,462,559,462,abc
﻿657,410,689,410,689,434,657,434,abc
﻿752,279,782,279,782,303,752,303,abc
﻿508,145,542,145,542,175,508,175,abc
﻿606,278,638,278,638,304,606,304,abc
﻿751,227,783,227,783,253,751,253,abc
﻿229,309,261,309,261,333,229,333,abc
﻿558,333,592,333,592,357,558,357,abc
﻿231,361,257,361,257,385,231,385,abc
﻿36,441,66,441,66,465,36,465,abc
﻿557,119,591,119,591,145,557,145,abc
﻿180,548,214,548,214,572,180,572,abc
﻿558,147,590,147,590,171,558,171,abc
﻿279,464,309,464,309,490,279,490,abc
﻿280,413,308,413,308,437,280,437,abc
﻿464,358,492,358,492,382,464,382,abc
﻿514,332,540,332,540,356,514,356,abc
﻿706,359,734,359,734,383,706,383,abc
﻿509,385,541,385,541,409,509,409,abc
﻿802,540,832,540,832,566,802,566,abc
﻿753,253,781,253,781,277,753,277,abc
﻿413,128,451,128,451,146,413,146,abc
﻿230,151,258,151,258,175,230,175,abc
﻿413,85,451,85,451,105,413,105,abc
﻿230,336,258,336,258,360,230,360,abc
﻿801,568,833,568,833,594,801,594,abc
﻿464,195,492,195,492,225,464,225,abc
﻿608,541,638,541,638,565,608,565,abc
﻿801,436,831,436,831,462,801,462,abc
﻿36,336,66,336,66,360,36,360,abc
﻿416,213,450,213,450,233,416,233,abc
﻿463,172,493,172,493,196,463,196,abc
﻿414,171,450,171,450,189,414,189,abc
﻿279,518,311,518,311,542,279,542,abc
﻿754,490,782,490,782,514,754,514,abc
﻿754,543,786,543,786,567,754,567,abc
﻿371,253,403,253,403,277,371,277,abc
﻿373,437,407,437,407,461,373,461,abc
﻿37,519,67,519,67,545,37,545,abc
﻿752,568,784,568,784,594,752,594,abc
﻿803,514,833,514,833,538,803,538,abc
﻿803,489,831,489,831,511,803,511,abc
﻿414,105,450,105,450,129,414,129,abc
﻿801,174,831,174,831,198,801,198,abc
﻿328,570,360,570,360,594,328,594,abc
﻿326,490,358,490,358,514,326,514,abc
﻿657,540,687,540,687,566,657,566,abc
﻿181,468,211,468,211,492,181,492,abc
﻿514,464,540,464,540,486,514,486,abc
﻿181,517,213,517,213,545,181,545,abc
﻿376,542,408,542,408,568,376,568,abc
﻿418,307,448,307,448,327,418,327,abc
﻿415,233,449,233,449,253,415,253,abc
﻿801,227,833,227,833,251,801,251,abc
﻿750,147,782,147,782,173,750,173,abc
﻿83,519,115,519,115,545,83,545,abc
﻿799,253,833,253,833,277,799,277,abc
﻿606,437,638,437,638,461,606,461,abc
﻿606,490,638,490,638,510,606,510,abc
﻿37,547,67,547,67,571,37,571,abc
﻿328,541,360,541,360,569,328,569,abc
﻿514,488,540,488,540,512,514,512,abc
﻿375,569,409,569,409,593,375,593,abc
﻿558,253,590,253,590,279,558,279,abc
﻿279,543,311,543,311,569,279,569,abc
﻿84,574,116,574,116,600,84,600,abc
﻿180,151,212,151,212,175,180,175,abc
﻿800,200,832,200,832,224,800,224,abc
﻿752,201,780,201,780,225,752,225,abc
﻿802,464,834,464,834,488,802,488,abc
﻿656,172,686,172,686,196,656,196,abc
﻿461,437,495,437,495,461,461,461,abc
﻿800,147,830,147,830,173,800,173,abc
﻿752,514,784,514,784,542,752,542,abc
﻿560,541,588,541,588,565,560,565,abc
﻿512,540,542,540,542,566,512,566,abc
﻿370,90,404,90,404,116,370,116,abc
﻿657,514,687,514,687,538,657,538,abc
﻿511,569,543,569,543,593,511,593,abc
﻿38,311,66,311,66,335,38,335,abc
﻿656,198,686,198,686,226,656,226,abc
﻿327,517,359,517,359,541,327,541,abc
﻿656,487,688,487,688,513,656,513,abc
﻿372,333,404,333,404,357,372,357,abc
﻿800,278,832,278,832,302,800,302,abc
﻿85,203,113,203,113,227,85,227,abc
﻿374,358,404,358,404,382,374,382,abc
﻿704,279,734,279,734,303,704,303,abc
﻿36,176,66,176,66,202,36,202,abc
﻿85,468,113,468,113,492,85,492,abc
﻿37,412,65,412,65,440,37,440,abc
﻿85,493,113,493,113,517,85,517,abc
﻿230,231,260,231,260,255,230,255,abc
﻿181,363,213,363,213,385,181,385,abc
﻿704,173,734,173,734,197,704,197,abc
﻿280,493,310,493,310,517,280,517,abc
﻿230,118,262,118,262,148,230,148,abc
﻿133,573,165,573,165,601,133,601,abc
﻿656,567,688,567,688,591,656,591,abc
﻿325,467,359,467,359,491,325,491,abc
﻿462,253,494,253,494,277,462,277,abc
﻿132,520,164,520,164,544,132,544,abc
﻿655,463,689,463,689,485,655,485,abc
﻿132,548,164,548,164,572,132,572,abc
﻿37,388,65,388,65,412,37,412,abc
﻿414,146,450,146,450,170,414,170,abc
﻿561,488,589,488,589,512,561,512,abc
﻿38,284,64,284,64,308,38,308,abc
﻿561,568,589,568,589,594,561,594,abc
﻿799,117,833,117,833,145,799,145,abc
﻿751,175,783,175,783,201,751,201,abc
﻿280,571,312,571,312,597,280,597,abc
﻿607,385,637,385,637,409,607,409,abc
﻿324,258,354,258,354,278,324,278,abc
﻿84,336,116,336,116,360,84,360,abc
﻿83,415,115,415,115,441,83,441,abc
﻿559,359,589,359,589,383,559,383,abc
﻿180,573,216,573,216,599,180,599,abc
﻿279,438,307,438,307,462,279,462,abc
﻿605,199,639,199,639,225,605,225,abc
﻿374,491,406,491,406,515,374,515,abc
﻿749,116,783,116,783,146,749,146,abc
﻿37,573,69,573,69,599,37,599,abc
﻿36,468,66,468,66,492,36,492,abc
﻿180,441,212,441,212,467,180,467,abc
﻿372,146,402,146,402,172,372,172,abc
﻿180,416,212,416,212,440,180,440,abc
﻿462,144,494,144,494,170,462,170,abc
﻿655,147,687,147,687,171,655,171,abc
﻿181,204,211,204,211,228,181,228,abc
﻿38,203,66,203,66,227,38,227,abc
﻿606,173,638,173,638,197,606,197,abc
﻿704,253,734,253,734,277,704,277,abc
﻿181,491,211,491,211,517,181,517,abc
﻿133,494,163,494,163,518,133,518,abc
﻿326,439,358,439,358,467,326,467,abc
﻿512,515,542,515,542,539,512,539,abc
﻿371,384,405,384,405,410,371,410,abc
﻿462,463,494,463,494,489,462,489,abc
﻿462,227,494,227,494,253,462,253,abc
﻿183,259,211,259,211,281,183,281,abc
﻿754,437,784,437,784,461,754,461,abc
﻿181,122,213,122,213,150,181,150,abc
﻿753,387,783,387,783,409,753,409,abc
﻿229,282,261,282,261,308,229,308,abc
﻿180,178,212,178,212,204,180,204,abc
﻿279,202,307,202,307,228,279,228,abc
﻿559,384,591,384,591,410,559,410,abc
﻿277,386,309,386,309,412,277,412,abc
﻿180,283,212,283,212,309,180,309,abc
﻿323,227,355,227,355,257,323,257,abc
﻿229,204,261,204,261,230,229,230,abc
﻿323,203,355,203,355,227,323,227,abc
﻿605,147,639,147,639,173,605,173,abc
﻿705,331,735,331,735,357,705,357,abc
﻿130,177,164,177,164,203,130,203,abc
﻿509,200,541,200,541,226,509,226,abc
﻿181,336,213,336,213,360,181,360,abc
﻿703,199,735,199,735,225,703,225,abc
﻿275,279,307,279,307,307,275,307,abc
