361,157,395,157,395,192,361,192,六
﻿361,192,395,192,395,228,361,228,浪
﻿361,228,395,228,395,264,361,264,恩
﻿361,264,395,264,395,299,361,299,𧘇
﻿361,299,395,299,395,335,361,335,語
﻿361,335,395,335,395,371,361,371,喭
﻿361,410,395,410,395,442,361,442,碎
﻿361,442,395,442,395,474,361,474,󰦓
﻿361,474,395,474,395,507,361,507,监
﻿361,507,395,507,395,539,361,539,𠹾
﻿361,539,395,539,395,571,361,571,泊
﻿361,571,395,571,395,604,361,604,鐄
﻿361,604,395,604,395,636,361,636,爫
﻿361,636,395,636,395,669,361,669,之
﻿320,156,359,156,359,192,320,192,𡂂
﻿320,192,359,192,359,228,320,228,󰑼
﻿320,228,359,228,359,264,320,264,昆
﻿320,264,359,264,359,300,320,300,𥘷
﻿320,300,359,300,359,336,320,336,𠅍
﻿320,336,359,336,359,373,320,373,𠫾
﻿321,411,356,411,356,443,321,443,咍
﻿321,443,356,443,356,476,321,476,󰦓
﻿321,476,356,476,356,509,321,509,𬋩
﻿321,509,356,509,356,542,321,542,格
﻿321,542,356,542,356,574,321,574,群
﻿321,574,356,574,356,607,321,607,𥱬
﻿321,607,356,607,356,640,321,640,像
﻿321,640,356,640,356,673,321,673,尼
﻿284,156,317,156,317,191,284,191,𫢩
﻿284,191,317,191,317,227,284,227,它
﻿284,227,317,227,317,263,284,263,𧡊
﻿284,263,317,263,317,298,284,298,特
﻿284,298,317,298,317,334,284,334,昆
﻿284,334,317,334,317,370,284,370,低
﻿282,415,319,415,319,447,282,447,𬌓
﻿282,447,319,447,319,480,282,480,𢚸
﻿282,480,319,480,319,513,282,513,傷
﻿282,513,319,513,319,546,282,546,𢖵
﻿282,546,319,546,319,579,282,579,拱
﻿282,579,319,579,319,612,282,612,虧
﻿282,612,319,612,319,645,282,645,特
﻿282,645,319,645,319,678,282,678,耒
﻿246,156,280,156,280,191,246,191,六
﻿246,191,280,191,280,227,246,227,翁
﻿246,227,280,227,280,263,246,263,辞
﻿246,263,280,263,280,299,246,299,謝
﻿246,299,280,299,280,335,246,335,𨆢
﻿246,335,280,335,280,371,246,371,蹎
﻿246,411,279,411,279,444,246,444,矯
﻿246,444,279,444,279,477,246,477,公
﻿246,477,279,477,279,511,246,511,差
﻿246,511,279,511,279,544,246,544,几
﻿246,544,279,544,279,577,246,577,迻
﻿246,577,279,577,279,611,246,611,回
﻿246,611,279,611,279,644,246,644,𧵑
﻿246,644,279,644,279,678,246,678,朱
﻿204,156,240,156,240,191,204,191,月
﻿204,191,240,191,240,227,204,227,娥
﻿204,227,240,227,240,263,204,263,染
﻿204,263,240,263,240,299,204,299,病
﻿204,299,240,299,240,335,204,335,𦣰
﻿204,335,240,335,240,371,204,371,孤
﻿205,409,242,409,242,442,205,442,冲
﻿205,442,242,442,242,476,205,476,𨉓
﻿205,476,242,476,242,510,205,510,𤾓
﻿205,510,242,510,242,544,205,544,䋦
﻿205,544,242,544,242,577,205,577,㐌
﻿205,577,242,577,242,611,205,611,卢
﻿205,611,242,611,242,645,205,645,吏
﻿205,645,242,645,242,679,205,679,愁
﻿166,153,201,153,201,189,166,189,碎
﻿166,189,201,189,201,225,166,225,㐌
﻿166,225,201,225,201,262,166,262,除
﻿166,262,201,262,201,298,166,298,待
﻿166,298,201,298,201,334,166,334,闭
﻿166,334,201,334,201,371,166,371,𥹰
﻿169,411,203,411,203,444,169,444,㐌
﻿169,444,203,444,203,478,169,478,空
﻿169,478,203,478,203,511,169,511,朱
﻿169,511,203,511,203,545,169,545,﨤
﻿169,545,203,545,203,579,169,579,𣇜
﻿169,579,203,579,203,612,169,612,頭
﻿169,612,203,612,203,646,169,646,辰
﻿169,646,203,646,203,680,169,680,傕
﻿129,157,162,157,162,191,129,191,別
﻿129,191,162,191,162,226,129,226,饒
﻿129,226,162,226,162,261,129,261,渚
﻿129,261,162,261,162,295,129,295,待
﻿129,295,162,295,162,330,129,330,󰋇
﻿129,330,162,330,162,365,129,365,囬
﻿129,416,166,416,166,449,129,449,几
﻿129,449,166,449,166,482,129,482,群
﻿129,482,166,482,166,515,129,515,𠊚
﻿129,515,166,515,166,548,129,548,𠅍
﻿129,548,166,548,166,581,129,581,𡗶
﻿129,581,166,581,166,614,129,614,喂
﻿129,614,166,614,166,647,129,647,唉
﻿129,647,166,647,166,680,129,680,𡗶
﻿91,155,126,155,126,191,91,191,課
﻿91,191,126,191,126,227,91,227,𠸗
﻿91,227,126,227,126,263,91,263,渚
﻿91,263,126,263,126,299,91,299,者
﻿91,299,126,299,126,335,91,335,󰋇
﻿91,335,126,335,126,371,91,371,𢈱
﻿93,412,126,412,126,445,93,445,呵
﻿93,445,126,445,126,479,93,479,𠸦
﻿93,479,126,479,126,513,93,513,君
﻿93,513,126,513,126,547,93,547,子
﻿93,547,126,547,126,581,93,581,別
﻿93,581,126,581,126,615,93,615,𠁀
﻿93,615,126,615,126,649,93,649,芇
﻿93,649,126,649,126,683,93,683,派
﻿55,151,87,151,87,187,55,187,傷
﻿55,187,87,187,87,223,55,223,爲
﻿55,223,87,223,87,260,55,260,𠊚
﻿55,260,87,260,87,296,55,296,等
﻿55,296,87,296,87,332,55,332,英
﻿55,332,87,332,87,369,55,369,才
﻿54,410,88,410,88,444,54,444,芸
﻿54,444,88,444,88,478,54,478,文
﻿54,478,88,478,88,512,54,512,業
﻿54,512,88,512,88,546,54,546,武
﻿54,546,88,546,88,580,54,580,芇
﻿54,580,88,580,88,614,54,614,埃
﻿54,614,88,614,88,648,54,648,𤯭
﻿54,648,88,648,88,683,54,683,󰠃
﻿22,150,53,150,53,186,22,186,傷
﻿22,186,53,186,53,223,22,223,爲
﻿22,223,53,223,53,260,22,260,畑
﻿22,260,53,260,53,297,22,297,󰀋
﻿22,297,53,297,53,334,22,334,固
﻿22,334,53,334,53,371,22,371,功
﻿18,409,51,409,51,442,18,442,𦊚
﻿18,442,51,442,51,476,18,476,方
﻿18,476,51,476,51,510,18,510,渚
﻿18,510,51,510,51,544,18,544,特
﻿18,544,51,544,51,578,18,578,桑
﻿18,578,51,578,51,612,18,612,蓬
﻿18,612,51,612,51,646,18,646,󰜋
﻿18,646,51,646,51,680,18,680,勾
