800,390,820,390,820,406,800,406,abc
﻿431,216,473,216,473,238,431,238,abc
﻿431,158,471,158,471,178,431,178,abc
﻿432,200,470,200,470,214,432,214,abc
﻿430,117,472,117,472,133,430,133,abc
﻿500,518,520,518,520,538,500,538,abc
﻿453,442,471,442,471,462,453,462,abc
﻿250,413,280,413,280,439,250,439,abc
﻿778,465,798,465,798,487,778,487,abc
﻿80,443,98,443,98,465,80,465,abc
﻿79,467,99,467,99,489,79,489,abc
﻿110,210,142,210,142,236,110,236,abc
﻿500,545,520,545,520,561,500,561,abc
﻿268,517,288,517,288,539,268,539,abc
﻿430,134,470,134,470,158,430,158,abc
﻿800,414,820,414,820,436,800,436,abc
﻿428,74,472,74,472,96,428,96,abc
﻿824,415,844,415,844,435,824,435,abc
﻿430,93,470,93,470,117,430,117,abc
﻿432,174,470,174,470,198,432,198,abc
﻿545,365,565,365,565,387,545,387,abc
﻿801,440,819,440,819,460,801,460,abc
﻿824,390,844,390,844,410,824,410,abc
﻿800,365,820,365,820,385,800,385,abc
﻿777,240,795,240,795,260,777,260,abc
﻿824,365,842,365,842,383,824,383,abc
﻿500,466,518,466,518,488,500,488,abc
﻿824,440,844,440,844,460,824,460,abc
﻿823,464,845,464,845,486,823,486,abc
﻿477,441,495,441,495,461,477,461,abc
﻿778,443,798,443,798,461,778,461,abc
﻿477,542,495,542,495,562,477,562,abc
﻿755,442,773,442,773,462,755,462,abc
﻿801,238,819,238,819,258,801,258,abc
﻿823,339,843,339,843,359,823,359,abc
﻿775,313,795,313,795,335,775,335,abc
﻿822,240,842,240,842,260,822,260,abc
﻿823,314,843,314,843,332,823,332,abc
﻿801,339,819,339,819,359,801,359,abc
﻿437,311,463,311,463,333,437,333,abc
﻿477,519,495,519,495,537,477,537,abc
﻿500,442,518,442,518,462,500,462,abc
﻿476,467,496,467,496,487,476,487,abc
﻿155,137,187,137,187,157,155,157,abc
﻿776,262,796,262,796,284,776,284,abc
﻿497,238,517,238,517,258,497,258,abc
﻿801,262,819,262,819,284,801,284,abc
﻿497,312,517,312,517,336,497,336,abc
﻿592,241,610,241,610,259,592,259,abc
﻿407,160,425,160,425,182,407,182,abc
﻿822,263,840,263,840,283,822,283,abc
﻿823,287,843,287,843,309,823,309,abc
﻿801,289,819,289,819,307,801,307,abc
﻿385,161,403,161,403,183,385,183,abc
﻿545,240,563,240,563,260,545,260,abc
﻿478,415,512,415,512,439,478,439,abc
﻿268,465,286,465,286,485,268,485,abc
﻿342,188,374,188,374,210,342,210,abc
﻿243,466,263,466,263,488,243,488,abc
﻿267,492,287,492,287,514,267,514,abc
﻿801,313,819,313,819,333,801,333,abc
﻿592,264,610,264,610,284,592,284,abc
﻿109,185,141,185,141,209,109,209,abc
﻿244,492,262,492,262,512,244,512,abc
﻿296,391,328,391,328,413,296,413,abc
﻿500,492,520,492,520,514,500,514,abc
﻿476,494,496,494,496,514,476,514,abc
﻿522,341,540,341,540,361,522,361,abc
﻿522,265,540,265,540,283,522,283,abc
﻿776,288,796,288,796,308,776,308,abc
﻿755,288,773,288,773,308,755,308,abc
﻿754,239,774,239,774,259,754,259,abc
﻿569,265,587,265,587,285,569,285,abc
﻿758,412,790,412,790,438,758,438,abc
﻿156,158,188,158,188,182,156,182,abc
﻿522,237,540,237,540,259,522,259,abc
﻿244,442,262,442,262,462,244,462,abc
﻿620,360,650,360,650,386,620,386,abc
﻿268,442,286,442,286,462,268,462,abc
﻿61,389,95,389,95,413,61,413,abc
﻿760,360,788,360,788,386,760,386,abc
﻿803,212,837,212,837,236,803,236,abc
﻿112,159,140,159,140,185,112,185,abc
﻿755,262,773,262,773,284,755,284,abc
﻿568,238,588,238,588,260,568,260,abc
﻿803,186,835,186,835,212,803,212,abc
﻿62,158,94,158,94,186,62,186,abc
﻿523,317,543,317,543,337,523,337,abc
﻿60,413,94,413,94,441,60,441,abc
﻿156,102,186,102,186,134,156,134,abc
﻿62,186,94,186,94,210,62,210,abc
﻿61,360,95,360,95,388,61,388,abc
﻿575,389,605,389,605,413,575,413,abc
﻿666,211,698,211,698,235,666,235,abc
﻿342,209,374,209,374,237,342,237,abc
﻿713,135,741,135,741,159,713,159,abc
﻿759,387,789,387,789,413,759,413,abc
﻿250,391,280,391,280,413,250,413,abc
﻿620,413,650,413,650,441,620,441,abc
﻿498,264,518,264,518,286,498,286,abc
﻿545,290,563,290,563,310,545,310,abc
﻿545,340,565,340,565,362,545,362,abc
﻿344,362,372,362,372,388,344,388,abc
﻿343,415,371,415,371,441,343,441,abc
﻿712,104,742,104,742,134,712,134,abc
﻿295,413,327,413,327,439,295,439,abc
﻿391,389,417,389,417,413,391,413,abc
﻿575,186,603,186,603,210,575,210,abc
﻿522,289,542,289,542,311,522,311,abc
﻿249,359,279,359,279,389,249,389,abc
﻿574,413,606,413,606,441,574,441,abc
﻿713,161,741,161,741,185,713,185,abc
﻿432,258,468,258,468,284,432,284,abc
﻿622,387,650,387,650,413,622,413,abc
﻿804,158,836,158,836,186,804,186,abc
﻿344,388,372,388,372,414,344,414,abc
﻿666,184,698,184,698,210,666,210,abc
﻿249,212,279,212,279,236,249,236,abc
﻿574,361,604,361,604,389,574,389,abc
﻿250,158,280,158,280,184,250,184,abc
﻿202,414,234,414,234,440,202,440,abc
﻿482,360,512,360,512,388,482,388,abc
﻿61,209,95,209,95,237,61,237,abc
﻿758,213,788,213,788,237,758,237,abc
﻿203,158,231,158,231,184,203,184,abc
﻿546,265,564,265,564,285,546,285,abc
﻿619,208,651,208,651,238,619,238,abc
﻿154,184,188,184,188,210,154,210,abc
﻿712,185,744,185,744,211,712,211,abc
﻿482,390,512,390,512,416,482,416,abc
﻿619,159,649,159,649,187,619,187,abc
﻿759,159,789,159,789,185,759,185,abc
﻿388,415,420,415,420,443,388,443,abc
﻿203,389,233,389,233,413,203,413,abc
﻿296,213,328,213,328,239,296,239,abc
﻿296,360,326,360,326,388,296,388,abc
﻿433,284,467,284,467,310,433,310,abc
﻿574,157,604,157,604,185,574,185,abc
﻿389,360,419,360,419,388,389,388,abc
﻿669,161,695,161,695,185,669,185,abc
﻿110,131,140,131,140,159,110,159,abc
﻿528,210,558,210,558,236,528,236,abc
﻿482,188,512,188,512,210,482,210,abc
﻿296,158,326,158,326,184,296,184,abc
﻿574,209,604,209,604,237,574,237,abc
﻿202,360,234,360,234,388,202,388,abc
﻿528,159,558,159,558,185,528,185,abc
﻿296,185,326,185,326,211,296,211,abc
﻿758,186,790,186,790,212,758,212,abc
﻿249,184,279,184,279,210,249,210,abc
﻿481,211,513,211,513,237,481,237,abc
﻿482,158,512,158,512,186,482,186,abc
﻿203,184,231,184,231,210,203,210,abc
﻿527,186,559,186,559,210,527,210,abc
﻿342,158,374,158,374,186,342,186,abc
﻿201,209,233,209,233,237,201,237,abc
﻿666,132,696,132,696,160,666,160,abc
