437,181,472,181,472,215,437,215,闭
﻿437,215,472,215,472,249,437,249,𥹰
﻿437,249,472,249,472,283,437,283,𦖑
﻿437,283,472,283,472,317,437,317,㗂
﻿437,317,472,317,472,351,437,351,吨
﻿437,351,472,351,472,386,437,386,󰠓
﻿440,429,473,429,473,460,440,460,昆
﻿440,460,473,460,473,492,440,492,碎
﻿440,492,473,492,473,524,440,524,染
﻿440,524,473,524,473,556,440,556,病
﻿440,556,473,556,473,588,440,588,𡧲
﻿440,588,473,588,473,620,440,620,塘
﻿440,620,473,620,473,652,440,652,補
﻿440,652,473,652,473,684,440,684,屍
﻿403,181,434,181,434,215,403,215,別
﻿403,215,434,215,434,250,403,250,信
﻿403,250,434,250,434,284,403,284,自
﻿403,284,434,284,434,319,403,319,意
﻿403,319,434,319,434,353,403,353,旦
﻿403,353,434,353,434,388,403,388,𫢩
﻿402,430,438,430,438,462,402,462,丿
﻿402,462,438,462,438,494,402,494,𦖑
﻿402,494,438,494,438,526,402,526,𠳒
﻿402,526,438,526,438,558,402,558,呐
﻿402,558,438,558,438,590,402,590,𣈗
﻿402,590,438,590,438,622,402,622,󰉨
﻿402,622,438,622,438,654,402,654,吏
﻿402,654,438,654,438,686,402,686,傷
﻿365,182,400,182,400,216,365,216,矯
﻿365,216,400,216,400,251,365,251,公
﻿365,251,400,251,400,285,365,285,冲
﻿365,285,400,285,400,320,365,320,胣
﻿365,320,400,320,400,354,365,354,惨
﻿365,354,400,354,400,389,365,389,傷
﻿365,430,399,430,399,461,365,461,阻
﻿365,461,399,461,399,493,365,493,𠓨
﻿365,493,399,493,399,525,365,525,呐
﻿365,525,399,525,399,557,365,557,傳
﻿365,557,399,557,399,588,365,588,󰠃
﻿365,588,399,588,399,620,365,620,娘
﻿365,620,399,620,399,652,365,652,月
﻿365,652,399,652,399,684,365,684,娥
﻿329,184,362,184,362,218,329,218,娥
﻿329,218,362,218,362,252,329,252,浪
﻿329,252,362,252,362,287,329,287,𢖵
﻿329,287,362,287,362,321,329,321,𣅶
﻿329,321,362,321,362,355,329,355,塘
﻿329,355,362,355,362,390,329,390,賖
﻿327,429,362,429,362,461,327,461,嗔
﻿327,461,362,461,362,493,327,493,𠸼
﻿327,493,362,493,362,525,327,525,户
﻿327,525,362,525,362,557,327,557,六
﻿327,557,362,557,362,589,327,589,󰝡
﻿327,589,362,589,362,621,327,621,𦋦
﻿327,621,362,621,362,653,327,653,役
﻿327,653,362,653,362,686,327,686,堂
﻿289,185,324,185,324,218,289,218,矯
﻿289,218,324,218,324,252,289,252,浪
﻿289,252,324,252,324,286,289,286,𠲖
﻿289,286,324,286,324,320,289,320,𢜝
﻿289,320,324,320,324,354,289,354,㗂
﻿289,354,324,354,324,388,289,388,娘
﻿287,431,324,431,324,463,287,463,六
﻿287,463,324,463,324,495,287,495,翁
﻿287,495,324,495,324,527,287,527,𠓨
﻿287,527,324,527,324,559,287,559,准
﻿287,559,324,559,324,591,287,591,役
﻿287,591,324,591,324,623,287,623,堂
﻿287,623,324,623,324,655,287,655,𡎢
﻿287,655,324,655,324,687,287,687,衝
﻿249,188,283,188,283,222,249,222,月
﻿249,222,283,222,283,256,249,256,娥
﻿249,256,283,256,283,291,249,291,𨅸
﻿249,291,283,291,283,325,249,325,預
﻿249,325,283,325,283,359,249,359,边
﻿249,359,283,359,283,394,249,394,房
﻿249,433,285,433,285,464,249,464,𢬣
﻿249,464,285,464,285,496,249,496,揞
﻿249,496,285,496,285,528,249,528,幅
﻿249,528,285,528,285,560,249,560,像
﻿249,560,285,560,285,592,249,592,哭
﻿249,592,285,592,285,624,249,624,𣳔
﻿249,624,285,624,285,656,249,656,如
﻿249,656,285,656,285,688,249,688,湄
﻿210,189,242,189,242,223,210,223,公
﻿210,223,242,223,242,257,210,257,浪
﻿210,257,242,257,242,292,210,292,幅
﻿210,292,242,292,242,326,210,326,像
﻿210,326,242,326,242,360,210,360,𠊚
﻿210,360,242,360,242,395,210,395,𠸗
﻿212,434,246,434,246,465,212,465,月
﻿212,465,246,465,246,497,212,497,娥
﻿212,497,246,497,246,528,212,528,昆
﻿212,528,246,528,246,560,212,560,呵
﻿212,560,246,560,246,592,212,592,󰝡
﻿212,592,246,592,246,623,212,623,迻
﻿212,623,246,623,246,655,212,655,𠊚
﻿212,655,246,655,246,687,212,687,𥆾
﻿172,188,208,188,208,222,172,222,矯
﻿172,222,208,222,208,257,172,257,公
﻿172,257,208,257,208,292,172,292,各
﻿172,292,208,292,208,326,172,326,役
﻿172,326,208,326,208,361,172,361,𢧚
﻿172,361,208,361,208,396,172,396,印
﻿176,434,208,434,208,465,176,465,六
﻿176,465,208,465,208,497,176,497,公
﻿176,497,208,497,208,529,176,529,欺
﻿176,529,208,529,208,561,176,561,𧘇
﻿176,561,208,561,208,593,176,593,買
﻿176,593,208,593,208,625,176,625,信
﻿176,625,208,625,208,657,176,657,事
﻿176,657,208,657,208,689,176,689,情
﻿136,190,170,190,170,224,136,224,公
﻿136,224,170,224,170,258,136,258,浪
﻿136,258,170,258,170,293,136,293,役
﻿136,293,170,293,170,327,136,327,𬞺
﻿136,327,170,327,170,361,136,361,宁
﻿136,361,170,361,170,396,136,396,宁
﻿139,433,174,433,174,465,139,465,𢖵
﻿139,465,174,465,174,497,139,497,涓
﻿139,497,174,497,174,529,139,529,𠄩
﻿139,529,174,529,174,561,139,561,𡦂
﻿139,561,174,561,174,593,139,593,恩
﻿139,593,174,593,174,625,139,625,情
﻿139,625,174,625,174,657,139,657,課
﻿139,657,174,657,174,690,139,690,𠸗
﻿100,192,134,192,134,226,100,226,泊
﻿100,226,134,226,134,261,100,261,鐄
﻿100,261,134,261,134,295,100,295,礼
﻿100,295,134,295,134,330,100,330,𨳒
﻿100,330,134,330,134,364,100,364,嗔
﻿100,364,134,364,134,399,100,399,迻
﻿102,435,136,435,136,466,102,466,𧵑
﻿102,466,136,466,136,498,102,498,尼
﻿102,498,136,498,136,529,102,529,爫
﻿102,529,136,529,136,561,102,561,󰒂
﻿102,561,136,561,136,592,102,592,𡊰
﻿102,592,136,592,136,624,102,624,𠸗
﻿102,624,136,624,136,655,102,655,恩
﻿102,655,136,655,136,687,102,687,払
