357,145,396,145,396,181,357,181,漁
﻿357,181,396,181,396,217,357,217,樵
﻿357,217,396,217,396,253,357,253,󰉨
﻿357,253,396,253,396,289,357,289,㐌
﻿357,289,396,289,396,325,357,325,名
﻿357,325,396,325,396,362,357,362,標
﻿361,400,398,400,398,433,361,433,恩
﻿361,433,398,433,398,466,361,466,𦋦
﻿361,466,398,466,398,499,361,499,𠬠
﻿361,499,398,499,398,532,361,532,貝
﻿361,532,398,532,398,565,361,565,𧵑
﻿361,565,398,565,398,598,361,598,𡗉
﻿361,598,398,598,398,631,361,631,𤾓
﻿361,631,398,631,398,664,361,664,車
﻿319,146,355,146,355,182,319,182,状
﻿319,182,355,182,355,218,319,218,元
﻿319,218,355,218,355,254,319,254,辝
﻿319,254,355,254,355,290,319,290,謝
﻿319,290,355,290,355,326,319,326,𦋦
﻿319,326,355,326,355,362,319,362,𧗱
﻿322,401,359,401,359,434,322,434,𧡊
﻿322,434,359,434,359,468,322,468,瓊
﻿322,468,359,468,359,501,322,501,荘
﻿322,501,359,501,359,535,322,535,細
﻿322,535,359,535,359,568,322,568,𡎢
﻿322,568,359,568,359,602,322,602,掑
﻿322,602,359,602,359,635,322,635,捉
﻿322,635,359,635,359,669,322,669,軍
﻿279,151,317,151,317,186,279,186,彩
﻿279,186,317,186,317,221,279,221,鵉
﻿279,221,317,221,317,257,279,257,畧
﻿279,257,317,257,317,292,279,292,駕
﻿279,292,317,292,317,327,279,327,欽
﻿279,327,317,327,317,363,279,363,傳
﻿285,401,320,401,320,434,285,434,媄
﻿285,434,320,434,320,467,285,467,昆
﻿285,467,320,467,320,500,285,500,碎
﻿285,500,320,500,320,534,285,534,細
﻿285,534,320,534,320,567,285,567,𦋦
﻿285,567,320,567,320,600,285,600,侯
﻿285,600,320,600,320,633,285,633,状
﻿285,633,320,633,320,667,285,667,元
﻿239,153,277,153,277,188,239,188,父
﻿239,188,277,188,277,223,239,223,親
﻿239,223,277,223,277,259,239,259,㐌
﻿239,259,277,259,277,294,239,294,𠖈
﻿239,294,277,294,277,329,239,329,黄
﻿239,329,277,329,277,365,239,365,泉
﻿247,403,282,403,282,436,247,436,嗔
﻿247,436,282,436,282,469,247,469,傷
﻿247,469,282,469,282,503,247,503,𥙩
﻿247,503,282,503,282,536,247,536,妾
﻿247,536,282,536,282,569,247,569,婵
﻿247,569,282,569,282,603,247,603,娟
﻿247,603,282,603,282,636,247,636,分
﻿247,636,282,636,282,670,247,670,尼
﻿199,150,236,150,236,186,199,186,状
﻿199,186,236,186,236,222,199,222,浪
﻿199,222,236,222,236,258,199,258,挷
﻿199,258,236,258,236,294,199,294,鉢
﻿199,294,236,294,236,330,199,330,渃
﻿199,330,236,330,236,367,199,367,苔
﻿208,406,245,406,245,439,208,439,覩
﻿208,439,245,439,245,473,208,473,𣦍
﻿208,473,245,473,245,506,208,506,𠖈
﻿208,506,245,506,245,540,208,540,坦
﻿208,540,245,540,245,574,208,574,㧾
﻿208,574,245,574,245,607,208,607,󰉨
﻿208,607,245,607,245,641,208,641,朱
﻿208,641,245,641,245,675,208,675,衝
﻿162,154,197,154,197,189,162,189,寃
﻿162,189,197,189,197,225,162,225,家
﻿162,225,197,225,197,260,162,260,女
﻿162,260,197,260,197,296,162,296,畧
﻿162,296,197,296,197,331,162,331,呂
﻿162,331,197,331,197,367,162,367,衝
﻿170,407,206,407,206,440,170,440,少
﻿170,440,206,440,206,473,170,473,之
﻿170,473,206,473,206,507,170,507,𢧚
﻿170,507,206,507,206,540,170,540,浽
﻿170,540,206,540,206,573,170,573,麻
﻿170,573,206,573,206,607,170,607,蒙
﻿170,607,206,607,206,640,170,640,細
﻿170,640,206,640,206,674,170,674,隊
﻿124,153,160,153,160,188,124,188,漢
﻿124,188,160,188,160,224,124,224,明
﻿124,224,160,224,160,260,124,260,子
﻿124,260,160,260,160,295,124,295,直
﻿124,295,160,295,160,331,124,331,調
﻿124,331,160,331,160,367,124,367,𥋳
﻿129,407,168,407,168,440,129,440,𠽋
﻿129,440,168,440,168,474,129,474,唭
﻿129,474,168,474,168,508,129,508,花
﻿129,508,168,508,168,542,129,542,窖
﻿129,542,168,542,168,576,129,576,爫
﻿129,576,168,576,168,610,129,610,𠿃
﻿129,610,168,610,168,644,129,644,嘹
﻿129,644,168,644,168,678,129,678,蜂
﻿88,154,122,154,122,189,88,189,𠳐
﻿88,189,122,189,122,224,88,224,朱
﻿88,224,122,224,122,260,88,260,𢚸
﻿88,260,122,260,122,295,88,295,庒
﻿88,295,122,295,122,330,88,330,𢢆
﻿88,330,122,330,122,366,88,366,𢚸
﻿92,407,128,407,128,440,92,440,群
﻿92,440,128,440,128,473,92,473,芒
﻿92,473,128,473,128,506,92,506,󰘚
﻿92,506,128,506,128,540,92,540,細
﻿92,540,128,540,128,573,92,573,㧼
﻿92,573,128,573,128,606,92,606,蓬
﻿92,606,128,606,128,639,92,639,爫
﻿92,639,128,639,128,673,92,673,之
﻿52,157,84,157,84,191,52,191,明
﻿52,191,84,191,84,226,52,226,浪
﻿52,226,84,226,84,261,52,261,牢
﻿52,261,84,261,84,296,52,296,庒
﻿52,296,84,296,84,331,52,331,於
﻿52,331,84,331,84,366,52,366,𠫾
﻿57,406,90,406,90,440,57,440,𧗱
﻿57,440,90,440,90,474,57,474,朱
﻿57,474,90,474,90,508,57,508,嫂
﻿57,508,90,508,90,542,57,542,嫂
﻿57,542,90,542,90,576,57,576,拖
﻿57,576,90,576,90,610,57,610,欺
﻿57,610,90,610,90,644,57,644,捇
﻿57,644,90,644,90,679,57,679,𨃐
﻿20,150,51,150,51,186,20,186,媄
﻿20,186,51,186,51,223,20,223,昆
﻿20,223,51,223,51,260,20,260,𨅸
﻿20,260,51,260,51,296,20,296,時
﻿20,296,51,296,51,333,20,333,春
﻿20,333,51,333,51,370,20,370,台
﻿18,406,55,406,55,440,18,440,調
﻿18,440,55,440,55,474,18,474,卞
﻿18,474,55,474,55,509,18,509,辝
﻿18,509,55,509,55,543,18,543,謝
﻿18,543,55,543,55,577,18,577,疎
﻿18,577,55,577,55,612,18,612,󰉨
﻿18,612,55,612,55,646,18,646,𨀈
﻿18,646,55,646,55,681,18,681,𦋦
