362,154,393,154,393,190,362,190,拠
﻿362,190,393,190,393,227,362,227,冲
﻿362,227,393,227,393,264,362,264,册
﻿362,264,393,264,393,301,362,301,畧
﻿362,301,393,301,393,338,362,338,麻
﻿362,338,393,338,393,375,362,375,通
﻿365,412,399,412,399,445,365,445,𠇮
﻿365,445,399,445,399,479,365,479,門
﻿365,479,399,479,399,513,365,513,相
﻿365,513,399,513,399,547,365,547,火
﻿365,547,399,547,399,580,365,580,㐌
﻿365,580,399,580,399,614,365,614,衝
﻿365,614,399,614,399,648,365,648,𨕭
﻿365,648,399,648,399,682,365,682,頭
﻿324,157,357,157,357,192,324,192,三
﻿324,192,357,192,357,228,324,228,焦
﻿324,228,357,228,357,264,324,264,積
﻿324,264,357,264,357,300,324,300,热
﻿324,300,357,300,357,336,324,336,㐌
﻿324,336,357,336,357,372,324,372,𥹰
﻿326,414,360,414,360,447,326,447,悶
﻿326,447,360,447,360,481,326,481,朱
﻿326,481,360,481,360,514,326,514,降
﻿326,514,360,514,360,548,326,548,火
﻿326,548,360,548,360,581,326,581,沛
﻿326,581,360,581,360,615,326,615,投
﻿326,615,360,615,360,648,326,648,資
﻿326,648,360,648,360,682,326,682,隂
﻿289,153,321,153,321,189,289,189,黃
﻿289,189,321,189,321,226,289,226,連
﻿289,226,321,226,321,262,289,262,黃
﻿289,262,321,262,321,299,289,299,栢
﻿289,299,321,299,321,335,289,335,黃
﻿289,335,321,335,321,372,289,372,苓
﻿288,410,322,410,322,444,288,444,加
﻿288,444,322,444,322,478,288,478,𠓨
﻿288,478,322,478,322,512,288,512,朱
﻿288,512,322,512,322,546,288,546,倍
﻿288,546,322,546,322,580,288,580,热
﻿288,580,322,580,322,614,288,614,心
﻿288,614,322,614,322,648,288,648,買
﻿288,648,322,648,322,682,288,682,平
﻿249,155,283,155,283,192,249,192,外
﻿249,192,283,192,283,229,249,229,辰
﻿249,229,283,229,283,266,249,266,朱
﻿249,266,283,266,283,303,249,303,點
﻿249,303,283,303,283,340,249,340,萬
﻿249,340,283,340,283,377,249,377,灵
﻿249,413,285,413,285,447,249,447,冲
﻿249,447,285,447,285,481,249,481,辰
﻿249,481,285,481,285,515,249,515,朱
﻿249,515,285,515,285,549,249,549,㕵
﻿249,549,285,549,285,583,249,583,还
﻿249,583,285,583,285,617,249,617,情
﻿249,617,285,617,285,651,249,651,買
﻿249,651,285,651,285,686,249,686,衝
﻿208,160,244,160,244,195,208,195,呵
﻿208,195,244,195,244,230,208,230,𢭂
﻿208,230,244,230,244,266,208,266,𠄩
﻿208,266,244,266,244,301,208,301,月
﻿208,301,244,301,244,336,208,336,泊
﻿208,336,244,336,244,372,208,372,𣳔
﻿209,411,246,411,246,445,209,445,補
﻿209,445,246,445,246,480,209,480,添
﻿209,480,246,480,246,514,209,514,味
﻿209,514,246,514,246,549,209,549,茦
﻿209,549,246,549,246,583,209,583,低
﻿209,583,246,583,246,618,209,618,防
﻿209,618,246,618,246,652,209,652,投
﻿209,652,246,652,246,687,209,687,湯
﻿164,157,202,157,202,192,164,192,庒
﻿164,192,202,192,202,228,164,228,戈
﻿164,228,202,228,202,264,164,264,爫
﻿164,264,202,264,202,300,164,300,福
﻿164,300,202,300,202,336,164,336,朱
﻿164,336,202,336,202,372,164,372,払
﻿171,411,206,411,206,445,171,445,芇
﻿171,445,206,445,206,479,171,479,埃
﻿171,479,206,479,206,513,171,513,隊
﻿171,513,206,513,206,547,171,547,局
﻿171,547,206,547,206,581,171,581,隊
﻿171,581,206,581,206,615,171,615,𡊨
﻿171,615,206,615,206,649,171,649,之
﻿171,649,206,649,206,684,171,684,埃
﻿131,155,161,155,161,191,131,191,小
﻿131,191,161,191,161,227,131,227,童
﻿131,227,161,227,161,263,131,263,卞
﻿131,263,161,263,161,299,131,299,想
﻿131,299,161,299,161,335,131,335,固
﻿131,335,161,335,161,371,131,371,才
﻿134,410,166,410,166,444,134,444,倍
﻿134,444,166,444,166,479,134,479,鐄
﻿134,479,166,479,166,513,134,513,󰘉
﻿134,513,166,513,166,548,134,548,𫋻
﻿134,548,166,548,166,582,134,582,𥙩
﻿134,582,166,582,166,617,134,617,潙
﻿134,617,166,617,166,651,134,651,𭃂
﻿134,651,166,651,166,686,134,686,𢭂
﻿94,157,128,157,128,193,94,193,𨑮
﻿94,193,128,193,128,230,94,230,㝵
﻿94,230,128,230,128,266,94,266,庒
﻿94,266,128,266,128,303,94,303,叭
﻿94,303,128,303,128,339,94,339,𡮇
﻿94,339,128,339,128,376,94,376,芇
﻿96,409,130,409,130,443,96,443,添
﻿96,443,130,443,130,478,96,478,𤴬
﻿96,478,130,478,130,512,96,512,冲
﻿96,512,130,512,130,547,96,547,胣
﻿96,547,130,547,130,581,96,581,如
﻿96,581,130,581,130,616,96,616,炮
﻿96,616,130,616,130,650,96,650,如
﻿96,650,130,650,130,685,96,685,𢬗
﻿58,157,92,157,92,193,58,193,童
﻿58,193,92,193,92,230,58,230,浪
﻿58,230,92,230,92,267,58,267,𠓨
﻿58,267,92,267,92,303,58,303,妬
﻿58,303,92,303,92,340,58,340,柴
﻿58,340,92,340,92,377,58,377,𥋳
﻿59,409,93,409,93,443,59,443,病
﻿59,443,93,443,93,477,59,477,牢
﻿59,477,93,477,93,512,59,512,庒
﻿59,512,93,512,93,546,59,546,叭
﻿59,546,93,546,93,580,59,580,麻
﻿59,580,93,580,93,615,59,615,隊
﻿59,615,93,615,93,649,59,649,泊
﻿59,649,93,649,93,684,59,684,添
﻿24,157,55,157,55,193,24,193,昂
﻿24,193,55,193,55,229,24,229,浪
﻿24,229,55,229,55,266,24,266,𦣰
﻿24,266,55,266,55,302,24,302,𧡊
﻿24,302,55,302,55,338,24,338,欺
﻿24,338,55,338,55,375,24,375,店
﻿22,411,53,411,53,445,22,445,祖
﻿22,445,53,445,53,479,22,479,師
﻿22,479,53,479,53,513,22,513,覔
﻿22,513,53,513,53,547,22,547,保
﻿22,547,53,547,53,581,22,581,𠬠
﻿22,581,53,581,53,615,22,615,恬
﻿22,615,53,615,53,649,22,649,占
﻿22,649,53,649,53,684,22,684,包
