428,147,464,147,464,183,428,183,󰠵
﻿428,183,464,183,464,220,428,220,戈
﻿428,220,464,220,464,257,428,257,堆
﻿428,257,464,257,464,293,428,293,森
﻿428,293,464,293,464,330,428,330,景
﻿428,330,464,330,464,367,428,367,𠊛
﻿430,406,470,406,470,440,430,440,景
﻿430,440,470,440,470,475,430,475,撑
﻿430,475,470,475,470,509,430,509,如
﻿430,509,470,509,470,544,430,544,𡳒
﻿430,544,470,544,470,579,430,579,𠊛
﻿430,579,470,579,470,613,430,613,鮮
﻿430,613,470,613,470,648,430,648,如
﻿430,648,470,648,470,683,430,683,𬁻
﻿391,148,425,148,425,184,391,184,寒
﻿391,184,425,184,425,220,391,220,江
﻿391,220,425,220,425,257,391,257,丿
﻿391,257,425,257,425,293,391,293,㐌
﻿391,293,425,293,425,329,391,329,細
﻿391,329,425,329,425,366,391,366,耒
﻿397,409,429,409,429,443,397,443,云
﻿397,443,429,443,429,477,397,477,仙
﻿397,477,429,477,429,511,397,511,暫
﻿397,511,429,511,429,545,397,545,住
﻿397,545,429,545,429,579,397,579,𠬠
﻿397,579,429,579,429,613,397,613,囬
﻿397,613,429,613,429,647,397,647,𢭂
﻿397,647,429,647,429,682,397,682,书
﻿355,146,388,146,388,182,355,182,武
﻿355,182,388,182,388,219,355,219,公
﻿355,219,388,219,388,255,355,255,䀡
﻿355,255,388,255,388,292,355,292,𧡊
﻿355,292,388,292,388,328,355,328,信
﻿355,328,388,328,388,365,355,365,书
﻿357,413,393,413,393,446,357,446,𢜠
﻿357,446,393,446,393,480,357,480,縁
﻿357,480,393,480,393,514,357,514,琴
﻿357,514,393,514,393,548,357,548,瑟
﻿357,548,393,548,393,581,357,581,䋦
﻿357,581,393,581,393,615,357,615,絲
﻿357,615,393,615,393,649,357,649,鄧
﻿357,649,393,649,393,683,357,683,連
﻿318,151,350,151,350,186,318,186,䀡
﻿318,186,350,186,350,222,318,222,戈
﻿318,222,350,222,350,257,318,257,相
﻿318,257,350,257,350,293,318,293,貌
﻿318,293,350,293,350,328,318,328,云
﻿318,328,350,328,350,364,318,364,仙
﻿323,410,354,410,354,444,323,444,呵
﻿323,444,354,444,354,478,323,478,𠸦
﻿323,478,354,478,354,512,323,512,户
﻿323,512,354,512,354,546,323,546,陸
﻿323,546,354,546,354,580,323,580,福
﻿323,580,354,580,354,614,323,614,䝨
﻿323,614,354,614,354,648,323,648,生
﻿323,648,354,648,354,682,323,682,昆
﻿280,154,315,154,315,190,280,190,眉
﻿280,190,315,190,315,226,280,226,蠶
﻿280,226,315,226,315,262,280,262,𬑉
﻿280,262,315,262,315,298,280,298,鳳
﻿280,298,315,298,315,334,280,334,𠶣
﻿280,334,315,334,315,371,280,371,崙
﻿283,411,319,411,319,445,283,445,𨑮
﻿283,445,319,445,319,479,283,479,分
﻿283,479,319,479,319,513,283,513,骨
﻿283,513,319,513,319,547,283,547,格
﻿283,547,319,547,319,581,283,581,𣃱
﻿283,581,319,581,319,615,283,615,𧷺
﻿283,615,319,615,319,649,283,649,𨑮
﻿283,649,319,649,319,684,283,684,分
﻿241,154,275,154,275,190,241,190,仍
﻿241,190,275,190,275,226,241,226,𠲖
﻿241,226,275,226,275,262,241,262,几
﻿241,262,275,262,275,298,241,298,晋
﻿241,298,275,298,275,334,241,334,𠊛
﻿241,334,275,334,275,371,241,371,秦
﻿241,411,277,411,277,444,241,444,芇
﻿241,444,277,444,277,477,241,477,咍
﻿241,477,277,477,277,510,241,510,𡦂
﻿241,510,277,510,277,544,241,544,壻
﻿241,544,277,544,277,577,241,577,鄧
﻿241,577,277,577,277,610,241,610,連
﻿241,610,277,610,277,643,241,643,𡦂
﻿241,643,277,643,277,677,241,677,佳
﻿200,155,236,155,236,190,200,190,𥄮
﻿200,190,236,190,236,226,200,226,它
﻿200,226,236,226,236,262,200,262,𢢲
﻿200,262,236,262,236,297,200,297,胣
﻿200,297,236,297,236,333,200,333,和
﻿200,333,236,333,236,369,200,369,𠄩
﻿202,414,237,414,237,447,202,447,尼
﻿202,447,237,447,237,481,202,481,妯
﻿202,481,237,481,237,515,202,515,南
﻿202,515,237,515,237,549,202,549,澗
﻿202,549,237,549,237,582,202,582,怒
﻿202,582,237,582,237,616,202,616,𤳆
﻿202,616,237,616,237,650,202,650,東
﻿202,650,237,650,237,684,202,684,麻
﻿163,156,197,156,197,192,163,192,公
﻿163,192,197,192,197,228,163,228,浪
﻿163,228,197,228,197,264,163,264,𫢩
﻿163,264,197,264,197,300,163,300,󰒂
﻿163,300,197,300,197,336,163,336,壻
﻿163,336,197,336,197,373,163,373,郎
﻿167,415,200,415,200,448,167,448,悶
﻿167,448,200,448,200,482,167,482,卢
﻿167,482,200,482,200,515,167,515,役
﻿167,515,200,515,200,549,167,549,渃
﻿167,549,200,549,200,583,167,583,沛
﻿167,583,200,583,200,616,167,616,筭
﻿167,616,200,616,200,650,167,650,役
﻿167,650,200,650,200,684,167,684,茄
﻿128,158,160,158,160,194,128,194,仙
﻿128,194,160,194,160,230,128,230,浪
﻿128,230,160,230,160,266,128,266,𢘾
﻿128,266,160,266,160,302,128,302,量
﻿128,302,160,302,160,338,128,338,岳
﻿128,338,160,338,160,374,128,374,爺
﻿132,412,164,412,164,446,132,446,大
﻿132,446,164,446,164,480,132,480,科
﻿132,480,164,480,164,514,132,514,嗔
﻿132,514,164,514,164,548,132,548,及
﻿132,548,164,548,164,582,132,582,小
﻿132,582,164,582,164,616,132,616,科
﻿132,616,164,616,164,650,132,650,卢
﻿132,650,164,650,164,684,132,684,夷
﻿89,159,125,159,125,195,89,195,公
﻿89,195,125,195,125,232,89,232,浪
﻿89,232,125,232,125,269,89,269,昆
﻿89,269,125,269,125,305,89,305,篤
﻿89,305,125,305,125,342,89,342,𠖈
﻿89,342,125,342,125,379,89,379,詩
﻿93,411,127,411,127,445,93,445,牢
﻿93,445,127,445,127,480,93,480,空
﻿93,480,127,480,127,515,93,515,結
﻿93,515,127,515,127,550,93,550,伴
﻿93,550,127,550,127,585,93,585,麻
﻿93,585,127,585,127,620,93,620,𠫾
﻿93,620,127,620,127,655,93,655,𠓨
﻿93,655,127,655,127,690,93,690,塲
