433,150,464,150,464,186,433,186,皮
﻿433,186,464,186,464,223,433,223,埋
﻿433,223,464,223,464,260,433,260,𡗶
﻿433,260,464,260,464,296,433,296,㐌
﻿433,296,464,296,464,333,433,333,𤎜
﻿433,333,464,333,464,370,433,370,㝵
﻿434,405,472,405,472,439,434,439,翁
﻿434,439,472,439,472,474,434,474,蕉
﻿434,474,472,474,472,508,434,508,䀡
﻿434,508,472,508,472,543,434,543,𧡊
﻿434,543,472,543,472,577,434,577,𢵼
﻿434,577,472,577,472,612,434,612,𬆄
﻿434,612,472,612,472,646,434,646,𨑗
﻿434,646,472,646,472,681,434,681,坡
﻿394,150,431,150,431,186,394,186,遣
﻿394,186,431,186,431,223,394,223,昆
﻿394,223,431,223,431,260,394,260,𡆫
﻿394,260,431,260,431,296,394,296,焒
﻿394,296,431,296,431,333,394,333,𠬠
﻿394,333,431,333,431,370,394,370,徐
﻿398,404,432,404,432,438,398,438,翁
﻿398,438,432,438,432,472,398,472,爐
﻿398,472,432,472,432,507,398,507,䏾
﻿398,507,432,507,432,541,398,541,胣
﻿398,541,432,541,432,575,398,575,妑
﻿398,575,432,575,432,610,398,610,𪹣
﻿398,610,432,610,432,644,398,644,𩈘
﻿398,644,432,644,432,679,398,679,眉
﻿357,157,392,157,392,192,357,192,云
﻿357,192,392,192,392,228,357,228,仙
﻿357,228,392,228,392,263,357,263,披
﻿357,263,392,263,392,299,357,299,𤋾
﻿357,299,392,299,392,334,357,334,蹎
﻿357,334,392,334,392,370,357,370,𢬣
﻿361,406,396,406,396,440,361,440,𠻨
﻿361,440,396,440,396,475,361,475,𠽐
﻿361,475,396,475,396,509,361,509,𩲉
﻿361,509,396,509,396,544,361,544,魄
﻿361,544,396,544,396,579,361,579,如
﻿361,579,396,579,396,613,361,613,醝
﻿361,613,396,613,396,648,361,648,買
﻿361,648,396,648,396,683,361,683,耒
﻿320,156,354,156,354,191,320,191,語
﻿320,191,354,191,354,227,320,227,󰑼
﻿320,227,354,227,354,262,320,262,𠇮
﻿320,262,354,262,354,298,320,298,沛
﻿320,298,354,298,354,333,320,333,渃
﻿320,333,354,333,354,369,320,369,㵢
﻿322,412,358,412,358,446,322,446,咍
﻿322,446,358,446,358,480,322,480,󰦓
﻿322,480,358,480,358,514,322,514,群
﻿322,514,358,514,358,548,322,548,唉
﻿322,548,358,548,358,582,322,582,邒
﻿322,582,358,582,358,616,322,616,𡎢
﻿322,616,358,616,358,650,322,650,陽
﻿322,650,358,650,358,684,322,684,間
﻿283,154,318,154,318,190,283,190,魚
﻿283,190,318,190,318,227,283,227,翁
﻿283,227,318,227,318,264,283,264,欺
﻿283,264,318,264,318,301,283,301,𧘇
﻿283,301,318,301,318,338,283,338,哙
﻿283,338,318,338,318,375,283,375,㗍
﻿284,412,320,412,320,446,284,446,云
﻿284,446,320,446,320,480,284,480,仙
﻿284,480,320,480,320,514,284,514,䜹
﻿284,514,320,514,320,549,284,549,訴
﻿284,549,320,549,320,583,284,583,每
﻿284,583,320,583,320,617,284,617,塘
﻿284,617,320,617,320,651,284,651,𧵆
﻿284,651,320,651,320,686,284,686,賖
﻿241,154,277,154,277,190,241,190,魚
﻿241,190,277,190,277,226,241,226,翁
﻿241,226,277,226,277,262,241,262,𤽗
﻿241,262,277,262,277,298,241,298,扵
﻿241,298,277,298,277,334,241,334,󰠃
﻿241,334,277,334,277,370,241,370,些
﻿243,410,281,410,281,443,243,443,󰉹
﻿243,443,281,443,281,477,243,477,㝵
﻿243,477,281,477,281,511,243,511,𤋾
﻿243,511,281,511,281,545,243,545,供
﻿243,545,281,545,281,578,243,578,𠬠
﻿243,578,281,578,281,612,243,612,茄
﻿243,612,281,612,281,646,243,646,朱
﻿243,646,281,646,281,680,243,680,盃
﻿203,161,239,161,239,197,203,197,仙
﻿203,197,239,197,239,233,203,233,浪
﻿203,233,239,233,239,270,203,270,翁
﻿203,270,239,270,239,306,203,306,𥙩
﻿203,306,239,306,239,342,203,342,之
﻿203,342,239,342,239,379,203,379,餒
﻿205,411,241,411,241,445,205,445,碎
﻿205,445,241,445,241,479,205,479,𫢩
﻿205,479,241,479,241,513,205,513,庒
﻿205,513,241,513,241,547,205,547,恪
﻿205,547,241,547,241,581,205,581,菓
﻿205,581,241,581,241,615,205,615,味
﻿205,615,241,615,241,649,205,649,𨑗
﻿205,649,241,649,241,684,205,684,核
﻿166,159,201,159,201,195,166,195,埋
﻿166,195,201,195,201,232,166,232,麻
﻿166,232,201,232,201,269,166,269,㵢
﻿166,269,201,269,201,305,166,305,浽
﻿166,305,201,305,201,342,166,342,細
﻿166,342,201,342,201,379,166,379,低
﻿167,418,203,418,203,451,167,451,𥙩
﻿167,451,203,451,203,484,167,484,之
﻿167,484,203,484,203,517,167,517,报
﻿167,517,203,517,203,550,167,550,答
﻿167,550,203,550,203,583,167,583,𠇮
﻿167,583,203,583,203,616,167,616,老
﻿167,616,203,616,203,649,167,649,猪
﻿167,649,203,649,203,683,167,683,匕
﻿128,160,164,160,164,196,128,196,魚
﻿128,196,164,196,164,233,128,233,浪
﻿128,233,164,233,164,270,128,270,𢚸
﻿128,270,164,270,164,306,128,306,老
﻿128,306,164,306,164,343,128,343,庒
﻿128,343,164,343,164,380,128,380,𢠩
﻿133,415,165,415,165,449,133,449,篤
﻿133,449,165,449,165,483,133,483,󰥎
﻿133,483,165,483,165,518,133,518,役
﻿133,518,165,518,165,552,133,552,沛
﻿133,552,165,552,165,586,133,586,芇
﻿133,586,165,586,165,621,133,621,除
﻿133,621,165,621,165,655,133,655,呂
﻿133,655,165,655,165,690,133,690,恩
﻿92,159,126,159,126,196,92,196,老
﻿92,196,126,196,126,233,92,233,洳
﻿92,233,126,233,126,270,92,270,浡
﻿92,270,126,270,126,307,92,307,渃
﻿92,307,126,307,126,344,92,344,拱
﻿92,344,126,344,126,381,92,381,欣
﻿95,418,131,418,131,452,95,452,仍
﻿95,452,131,452,131,486,95,486,句
﻿95,486,131,486,131,520,95,520,名
﻿95,520,131,520,131,554,95,554,利
﻿95,554,131,554,131,588,95,588,庒
﻿95,588,131,588,131,622,95,622,潺
﻿95,622,131,622,131,656,95,656,𢚸
﻿95,656,131,656,131,690,95,690,低
