445,164,475,164,475,199,445,199,恩
﻿445,199,475,199,475,234,445,234,情
﻿445,234,475,234,475,270,445,270,強
﻿445,270,475,270,475,305,445,305,計
﻿445,305,475,305,475,340,445,340,強
﻿445,340,475,340,475,376,445,376,唹
﻿446,420,480,420,480,453,446,453,当
﻿446,453,480,453,480,486,446,486,群
﻿446,486,480,486,480,519,446,519,盘
﻿446,519,480,519,480,553,446,553,泊
﻿446,553,480,553,480,586,446,586,𡗶
﻿446,586,480,586,480,619,446,619,𣃣
﻿446,619,480,619,480,652,446,652,𤎜
﻿446,652,480,652,480,686,446,686,𦋦
﻿405,160,442,160,442,196,405,196,侈
﻿405,196,442,196,442,233,405,233,𦖑
﻿405,233,442,233,442,270,405,270,軍
﻿405,270,442,270,442,307,405,307,喝
﻿405,307,442,307,442,344,405,344,󰠓
﻿405,344,442,344,442,381,405,381,移
﻿408,426,442,426,442,458,408,458,𦊚
﻿408,458,442,458,442,491,408,491,皮
﻿408,491,442,491,442,523,408,523,坡
﻿408,523,442,523,442,556,408,556,𦹷
﻿408,556,442,556,442,589,408,589,調
﻿408,589,442,589,442,621,408,621,𡆫
﻿408,621,442,621,442,654,408,654,干
﻿408,654,442,654,442,687,408,687,戈
﻿368,163,402,163,402,199,368,199,状
﻿368,199,402,199,402,235,368,235,元
﻿368,235,402,235,402,272,368,272,連
﻿368,272,402,272,402,308,368,308,馭
﻿368,308,402,308,402,344,368,344,阻
﻿368,344,402,344,402,381,368,381,𦋦
﻿369,425,406,425,406,458,369,458,𦰟
﻿369,458,406,458,406,491,369,491,旗
﻿369,491,406,491,406,524,369,524,題
﻿369,524,406,524,406,557,369,557,𡦂
﻿369,557,406,557,406,590,369,590,𠸜
﻿369,590,406,590,406,623,369,623,󰑼
﻿369,623,406,623,406,656,369,656,漢
﻿369,656,406,656,406,689,369,689,明
﻿328,164,366,164,366,200,328,200,漢
﻿328,200,366,200,366,236,328,236,明
﻿328,236,366,236,366,272,328,272,欺
﻿328,272,366,272,366,308,328,308,𧘇
﻿328,308,366,308,366,344,328,344,仃
﻿328,344,366,344,366,380,328,380,兵
﻿329,423,367,423,367,456,329,456,英
﻿329,456,367,456,367,490,329,490,㛪
﻿329,490,367,490,367,524,329,524,𢜠
﻿329,524,367,524,367,558,329,558,𠴊
﻿329,558,367,558,367,591,329,591,訴
﻿329,591,367,591,367,625,329,625,情
﻿329,625,367,625,367,659,329,659,󰠃
﻿329,659,367,659,367,693,329,693,饒
﻿291,167,324,167,324,203,291,203,明
﻿291,203,324,203,324,239,291,239,浪
﻿291,239,324,239,324,275,291,275,良
﻿291,275,324,275,324,311,291,311,嫂
﻿291,311,324,311,324,347,291,347,於
﻿291,347,324,347,324,384,291,384,󰦓
﻿291,422,326,422,326,455,291,455,朱
﻿291,455,326,455,326,489,291,489,㛪
﻿291,489,326,489,326,522,291,522,𦋦
﻿291,522,326,522,326,556,291,556,𬑉
﻿291,556,326,556,326,590,291,590,姉
﻿291,590,326,590,326,623,291,623,妯
﻿291,623,326,623,326,657,291,657,󰡫
﻿291,657,326,657,326,691,291,691,芇
﻿250,165,284,165,284,201,250,201,状
﻿250,201,284,201,284,237,250,237,元
﻿250,237,284,237,284,274,250,274,󰝡
﻿250,274,284,274,284,310,250,310,漢
﻿250,310,284,310,284,346,250,346,明
﻿250,346,284,346,284,383,250,383,𠓨
﻿253,429,286,429,286,462,253,462,月
﻿253,462,286,462,286,495,253,495,娥
﻿253,495,286,495,286,528,253,528,𨅸
﻿253,528,286,528,286,561,253,561,曳
﻿253,561,286,561,286,594,253,594,𠰘
﻿253,594,286,594,286,627,253,627,嘲
﻿253,627,286,627,286,660,253,660,貴
﻿253,660,286,660,286,693,253,693,員
﻿214,173,244,173,244,208,214,208,明
﻿214,208,244,208,244,243,214,243,浪
﻿214,243,244,243,244,278,214,278,想
﻿214,278,244,278,244,313,214,313,姉
﻿214,313,244,313,244,348,214,348,於
﻿214,348,244,348,244,383,214,383,畨
﻿217,425,251,425,251,458,217,458,决
﻿217,458,251,458,251,492,217,492,󰝡
﻿217,492,251,492,251,525,217,525,兵
﻿217,525,251,525,251,559,217,559,馬
﻿217,559,251,559,251,593,217,593,細
﻿217,593,251,593,251,626,217,626,沔
﻿217,626,251,626,251,660,217,660,烏
﻿217,660,251,660,251,694,217,694,戈
﻿175,169,209,169,209,205,175,205,𫢩
﻿175,205,209,205,209,242,175,242,它
﻿175,242,209,242,209,278,175,278,森
﻿175,278,209,278,209,315,175,315,合
﻿175,315,209,315,209,351,175,351,𠬠
﻿175,351,209,351,209,388,175,388,茄
﻿178,425,213,425,213,458,178,458,擛
﻿178,458,213,458,213,492,178,492,它
﻿178,492,213,492,213,525,178,525,安
﻿178,525,213,525,213,559,178,559,賊
﻿178,559,213,559,213,593,178,593,欧
﻿178,593,213,593,213,626,178,626,𰙔
﻿178,626,213,626,213,660,178,660,囬
﻿178,660,213,660,213,694,178,694,朝
﻿139,170,172,170,172,206,139,206,状
﻿139,206,172,206,172,242,139,242,浪
﻿139,242,172,242,172,278,139,278,娘
﻿139,278,172,278,172,314,139,314,併
﻿139,314,172,314,172,350,139,350,爫
﻿139,350,172,350,172,386,139,386,牢
﻿139,427,175,427,175,460,139,460,娘
﻿139,460,175,460,175,493,139,493,浪
﻿139,493,175,493,175,526,139,526,英
﻿139,526,175,526,175,560,139,560,唉
﻿139,560,175,560,175,593,139,593,囬
﻿139,593,175,593,175,626,139,626,朝
﻿139,626,175,626,175,659,139,659,奏
﻿139,659,175,659,175,693,139,693,𨖲
﻿99,171,133,171,133,207,99,207,仰
﻿99,207,133,207,133,243,99,243,𬂙
﻿99,243,133,243,133,279,99,279,量
﻿99,279,133,279,133,315,99,315,𢌌
﻿99,315,133,315,133,351,99,351,皮
﻿99,351,133,351,133,388,99,388,𨕭
﻿101,425,135,425,135,458,101,458,嗔
﻿101,458,135,458,135,492,101,492,他
﻿101,492,135,492,135,526,101,526,罪
﻿101,526,135,526,135,560,101,560,畧
﻿101,560,135,560,135,593,101,593,買
﻿101,593,135,593,135,627,101,627,𢧚
﻿101,627,135,627,135,661,101,661,仍
﻿101,661,135,661,135,695,101,695,󰑼
