438,146,470,146,470,182,438,182,劳
﻿438,182,470,182,470,218,438,218,刀
﻿438,218,470,218,470,255,438,255,淬
﻿438,255,470,255,470,291,438,291,分
﻿438,291,470,291,470,327,438,327,之
﻿438,327,470,327,470,364,438,364,遲
﻿439,408,475,408,475,442,439,442,𣈗
﻿439,442,475,442,475,476,439,476,芇
﻿439,476,475,476,475,511,439,511,香
﻿439,511,475,511,475,545,439,545,焒
﻿439,545,475,545,475,579,439,579,功
﻿439,579,475,579,475,614,439,614,恩
﻿439,614,475,614,475,648,439,648,朱
﻿439,648,475,648,475,683,439,683,払
﻿398,147,432,147,432,182,398,182,矯
﻿398,182,432,182,432,218,398,218,公
﻿398,218,432,218,432,253,398,253,𦖑
﻿398,253,432,253,432,289,398,289,呐
﻿398,289,432,289,432,324,398,324,徬
﻿398,324,432,324,432,360,398,360,徨
﻿401,407,436,407,436,441,401,441,𠰺
﻿401,441,436,441,436,476,401,476,浪
﻿401,476,436,476,436,510,401,510,昆
﻿401,510,436,510,436,545,401,545,唉
﻿401,545,436,545,436,579,401,579,暫
﻿401,579,436,579,436,614,401,614,安
﻿401,614,436,614,436,648,401,648,府
﻿401,648,436,648,436,683,401,683,鐄
﻿365,149,395,149,395,185,365,185,𣅶
﻿365,185,395,185,395,221,365,221,芇
﻿365,221,395,221,395,257,365,257,吒
﻿365,257,395,257,395,293,365,293,領
﻿365,293,395,293,395,329,365,329,役
﻿365,329,395,329,395,366,365,366,官
﻿366,410,396,410,396,443,366,443,曰
﻿366,443,396,443,396,477,366,477,書
﻿366,477,396,477,396,511,366,511,戈
﻿366,511,396,511,396,545,366,545,妬
﻿366,545,396,545,396,578,366,578,𨑮
﻿366,578,396,578,396,612,366,612,払
﻿366,612,396,612,396,646,366,646,鄧
﻿366,646,396,646,396,680,366,680,低
﻿327,149,361,149,361,184,327,184,畧
﻿327,184,361,184,361,220,327,220,𡢐
﻿327,220,361,220,361,256,327,256,󰡫
﻿327,256,361,256,361,292,327,292,拱
﻿327,292,361,292,361,328,327,328,庒
﻿327,328,361,328,361,364,327,364,迡
﻿327,408,360,408,360,442,327,442,吒
﻿327,442,360,442,360,476,327,476,願
﻿327,476,360,476,360,511,327,511,呂
﻿327,511,360,511,360,545,327,545,特
﻿327,545,360,545,360,579,327,579,󰒂
﻿327,579,360,579,360,614,327,614,尼
﻿327,614,360,614,360,648,327,648,辰
﻿327,648,360,648,360,683,327,683,傕
﻿290,147,323,147,323,183,290,183,後
﻿290,183,323,183,323,219,290,219,塘
﻿290,219,323,219,323,255,290,255,昆
﻿290,255,323,255,323,291,290,291,呵
﻿290,291,323,291,323,327,290,327,暫
﻿290,327,323,327,323,364,290,364,𨆢
﻿285,412,323,412,323,445,285,445,爫
﻿285,445,323,445,323,479,285,479,虧
﻿285,479,323,479,323,513,285,513,胣
﻿285,513,323,513,323,547,285,547,𥘷
﻿285,547,323,547,323,581,285,581,朱
﻿285,581,323,581,323,615,285,615,盃
﻿285,615,323,615,323,649,285,649,𢚸
﻿285,649,323,649,323,683,285,683,𫅷
﻿247,152,282,152,282,187,247,187,侈
﻿247,187,282,187,282,223,247,223,𦖑
﻿247,223,282,223,282,259,247,259,鼓
﻿247,259,282,259,282,294,247,294,點
﻿247,294,282,294,282,330,247,330,郎
﻿247,330,282,330,282,366,247,366,𠀧
﻿247,411,281,411,281,444,247,444,月
﻿247,444,281,444,281,478,247,478,娥
﻿247,478,281,478,281,511,247,511,汝
﻿247,511,281,511,281,545,247,545,細
﻿247,545,281,545,281,579,247,579,㤕
﻿247,579,281,579,281,612,247,612,𢚷
﻿247,612,281,612,281,646,247,646,分
﻿247,646,281,646,281,680,247,680,𠇮
﻿208,152,241,152,241,188,208,188,移
﻿208,188,241,188,241,225,208,225,吀
﻿208,225,241,225,241,261,208,261,𦋦
﻿208,261,241,261,241,298,208,298,准
﻿208,298,241,298,241,334,208,334,梨
﻿208,334,241,334,241,371,208,371,庭
﻿210,411,242,411,242,444,210,444,䀡
﻿210,444,242,444,242,478,210,478,𦝄
﻿210,478,242,478,242,512,210,512,耒
﻿210,512,242,512,242,546,210,546,吏
﻿210,546,242,546,242,579,210,579,想
﻿210,579,242,579,242,613,210,613,情
﻿210,613,242,613,242,647,210,647,故
﻿210,647,242,647,242,681,210,681,人
﻿171,148,203,148,203,184,171,184,嘆
﻿171,184,203,184,203,221,171,221,浪
﻿171,221,203,221,203,258,171,258,流
﻿171,258,203,258,203,294,171,294,水
﻿171,294,203,294,203,331,171,331,清
﻿171,331,203,331,203,368,171,368,山
﻿174,409,207,409,207,442,174,442,㝵
﻿174,442,207,442,207,476,174,476,芇
﻿174,476,207,476,207,509,174,509,𦖑
﻿174,509,207,509,207,543,174,543,鄧
﻿174,543,207,543,207,576,174,576,㗂
﻿174,576,207,576,207,610,174,610,弹
﻿174,610,207,610,207,643,174,643,知
﻿174,643,207,643,207,677,174,677,音
﻿136,154,169,154,169,190,136,190,𡦂
﻿136,190,169,190,169,226,136,226,情
﻿136,226,169,226,169,262,136,262,乾
﻿136,262,169,262,169,298,136,298,想
﻿136,298,169,298,169,334,136,334,乾
﻿136,334,169,334,169,371,136,371,深
﻿136,412,169,412,169,446,136,446,悶
﻿136,446,169,446,169,480,136,480,分
﻿136,480,169,480,169,514,136,514,苦
﻿136,514,169,514,169,548,136,548,辨
﻿136,548,169,548,169,582,136,582,悶
﻿136,582,169,582,169,616,136,616,淫
﻿136,616,169,616,169,650,136,650,苦
﻿136,650,169,650,169,684,136,684,沛
﻿98,153,129,153,129,189,98,189,潙
﻿98,189,129,189,129,226,98,226,匕
﻿98,226,129,226,129,263,98,263,坦
﻿98,263,129,263,129,300,98,300,𢌌
﻿98,300,129,300,129,337,98,337,天
﻿98,337,129,337,129,374,98,374,高
﻿96,408,131,408,131,442,96,442,芇
﻿96,442,131,442,131,476,96,476,埃
﻿96,476,131,476,131,510,96,510,女
﻿96,510,131,510,131,545,96,545,底
﻿96,545,131,545,131,579,96,579,朱
﻿96,579,131,579,131,613,96,613,埃
﻿96,613,131,613,131,647,96,647,𠹾
﻿96,647,131,647,131,682,96,682,煩
