437,163,474,163,474,199,437,199,𠄩
﻿437,199,474,199,474,236,437,236,边
﻿437,236,474,236,474,272,437,272,使
﻿437,272,474,272,474,309,437,309,奇
﻿437,309,474,309,474,345,437,345,𠄩
﻿437,345,474,345,474,382,437,382,边
﻿448,423,481,423,481,455,448,455,悶
﻿448,455,481,455,481,488,448,488,𬆄
﻿448,488,481,488,481,521,448,521,共
﻿448,521,481,521,481,554,448,554,主
﻿448,554,481,554,481,586,448,586,𦬑
﻿448,586,481,586,481,619,448,619,涓
﻿448,619,481,619,481,652,448,652,恩
﻿448,652,481,652,481,685,448,685,成
﻿404,166,435,166,435,202,404,202,沙
﻿404,202,435,202,435,238,404,238,机
﻿404,238,435,238,435,274,404,274,󰜋
﻿404,274,435,274,435,310,404,310,𡮇
﻿404,310,435,310,435,346,404,346,辰
﻿404,346,435,346,435,382,404,382,󰡶
﻿408,423,445,423,445,511,408,511,#
﻿408,511,445,511,445,599,408,599,#
﻿408,599,445,599,445,687,408,687,#
﻿367,168,398,168,398,204,367,204,矯
﻿367,204,398,204,398,240,367,240,公
﻿367,240,398,240,398,276,367,276,𢭗
﻿367,276,398,276,398,312,367,312,󱖺
﻿367,312,398,312,398,348,367,348,当
﻿367,348,398,348,398,384,367,384,愁
﻿374,421,406,421,406,454,374,454,𦖑
﻿374,454,406,454,406,488,374,488,昆
﻿374,488,406,488,406,521,374,521,咀
﻿374,521,406,521,406,555,374,555,哭
﻿374,555,406,555,406,589,374,589,󰋇
﻿374,589,406,589,406,622,374,622,句
﻿374,622,406,622,406,656,374,656,添
﻿374,656,406,656,406,690,374,690,煩
﻿328,164,362,164,362,200,328,200,呌
﻿328,200,362,200,362,237,328,237,𠓨
﻿328,237,362,237,362,274,328,274,外
﻿328,274,362,274,362,311,328,311,預
﻿328,311,362,311,362,348,328,348,帳
﻿328,348,362,348,362,385,328,385,前
﻿333,426,366,426,366,458,333,458,𥙩
﻿333,458,366,458,366,491,333,491,𡗶
﻿333,491,366,491,366,524,333,524,𠰺
﻿333,524,366,524,366,557,333,557,訪
﻿333,557,366,557,366,590,333,590,朱
﻿333,590,366,590,366,623,333,623,全
﻿333,623,366,623,366,656,333,656,身
﻿333,656,366,656,366,689,333,689,名
﻿291,167,325,167,325,203,291,203,庒
﻿291,203,325,203,325,239,291,239,戈
﻿291,239,325,239,325,276,291,276,󰑼
﻿291,276,325,276,325,312,291,312,役
﻿291,312,325,312,325,348,291,348,朝
﻿291,348,325,348,325,385,291,385,廷
﻿295,425,331,425,331,458,295,458,芇
﻿295,458,331,458,331,491,295,491,吒
﻿295,491,331,491,331,524,295,524,固
﻿295,524,331,524,331,558,295,558,悶
﻿295,558,331,558,331,591,295,591,押
﻿295,591,331,591,331,624,295,624,情
﻿295,624,331,624,331,657,295,657,之
﻿295,657,331,657,331,691,295,691,昆
﻿250,170,285,170,285,205,250,205,娘
﻿250,205,285,205,285,241,250,241,浪
﻿250,241,285,241,285,277,250,277,昆
﻿250,277,285,277,285,313,250,313,詫
﻿250,313,285,313,285,349,250,349,之
﻿250,349,285,349,285,385,250,385,昆
﻿254,430,290,430,290,462,254,462,巴
﻿254,462,290,462,290,495,254,495,潙
﻿254,495,290,495,290,527,254,527,另
﻿254,527,290,527,290,560,254,560,分
﻿254,560,290,560,290,593,254,593,𠅍
﻿254,593,290,593,290,625,254,625,群
﻿254,625,290,625,290,658,254,658,𬋩
﻿254,658,290,658,290,691,254,691,包
﻿212,170,245,170,245,206,212,206,傷
﻿212,206,245,206,245,243,212,243,吒
﻿212,243,245,243,245,280,212,280,歲
﻿212,280,245,280,245,317,212,317,鶴
﻿212,317,245,317,245,354,212,354,㐌
﻿212,354,245,354,245,391,212,391,高
﻿216,429,251,429,251,461,216,461,𠲖
﻿216,461,251,461,251,494,216,494,欺
﻿216,494,251,494,251,527,216,527,䕃
﻿216,527,251,527,251,560,216,560,冷
﻿216,560,251,560,251,593,216,593,𣅶
﻿216,593,251,593,251,626,216,626,芇
﻿216,626,251,626,251,659,216,659,別
﻿216,659,251,659,251,692,216,692,󰦓
﻿174,172,209,172,209,208,174,208,芇
﻿174,208,209,208,209,245,174,245,冲
﻿174,245,209,245,209,282,174,282,辰
﻿174,282,209,282,209,318,174,318,運
﻿174,318,209,318,209,355,174,355,添
﻿174,355,209,355,209,392,174,392,愁
﻿179,429,213,429,213,462,179,462,󰉺
﻿179,462,213,462,213,495,179,495,啉
﻿179,495,213,495,213,528,179,528,最
﻿179,528,213,528,213,561,179,561,永
﻿179,561,213,561,213,594,179,594,埃
﻿179,594,213,594,213,627,179,627,侯
﻿179,627,213,627,213,660,179,660,共
﻿179,660,213,660,213,693,179,693,吒
﻿137,178,168,178,168,214,137,214,公
﻿137,214,168,214,168,250,137,250,浪
﻿137,250,168,250,168,286,137,286,庒
﻿137,286,168,286,168,322,137,322,𢪀
﻿137,322,168,322,168,358,137,358,役
﻿137,358,168,358,168,394,137,394,茄
﻿143,430,176,430,176,463,143,463,唉
﻿143,463,176,463,176,496,143,496,安
﻿143,496,176,496,176,530,143,530,胣
﻿143,530,176,530,176,563,143,563,𥘷
﻿143,563,176,563,176,596,143,596,麻
﻿143,596,176,596,176,630,143,630,戈
﻿143,630,176,630,176,663,143,663,渃
﻿143,663,176,663,176,697,143,697,𠊚
﻿100,176,132,176,132,212,100,212,最
﻿100,212,132,212,132,249,100,249,𫢩
﻿100,249,132,249,132,286,100,286,㐌
﻿100,286,132,286,132,323,100,323,細
﻿100,323,132,323,132,360,100,360,夢
﻿100,360,132,360,132,397,100,397,𨑮
﻿107,430,137,430,137,463,107,463,沛
﻿107,463,137,463,137,496,107,496,󰝺
﻿107,496,137,496,137,530,107,530,韯
﻿107,530,137,530,137,563,107,563,所
﻿107,563,137,563,137,596,107,596,𠄩
﻿107,596,137,596,137,630,107,630,𨒒
﻿107,630,137,630,137,663,107,663,出
﻿107,663,137,663,137,697,107,697,行
