382,25,410,25,410,55,382,55,因
﻿382,55,410,55,410,85,382,85,爫
﻿382,85,410,85,410,115,382,115,牢
﻿382,115,410,115,410,145,382,145,典
﻿382,145,410,145,410,175,382,175,世
﻿382,175,410,175,410,206,382,206,尼
﻿382,247,412,247,412,280,382,280,催
﻿382,280,412,280,412,313,382,313,催
﻿382,313,412,313,412,346,382,346,些
﻿382,346,412,346,412,379,382,379,㐌
﻿382,379,412,379,412,412,382,412,默
﻿382,412,412,412,412,445,382,445,𢬣
﻿382,445,412,445,412,478,382,478,埃
﻿382,478,412,478,412,511,382,511,耒
﻿350,21,379,21,379,52,350,52,𢜝
﻿350,52,379,52,379,84,350,84,悁
﻿350,84,379,84,379,115,350,115,敢
﻿350,115,379,115,379,147,350,147,𠼯
﻿350,147,379,147,379,178,350,178,𦋦
﻿350,178,379,178,379,210,350,210,𠳒
﻿349,247,381,247,381,280,349,280,坤
﻿349,280,381,280,381,313,349,313,垠
﻿349,313,381,313,381,347,349,347,湥
﻿349,347,381,347,381,380,349,380,玉
﻿349,380,381,380,381,413,349,413,湥
﻿349,413,381,413,381,447,349,447,洡
﻿349,447,381,447,381,480,349,480,㳶
﻿349,480,381,480,381,514,349,514,沙
﻿315,20,346,20,346,51,315,51,小
﻿315,51,346,51,346,82,315,82,姐
﻿315,82,346,82,346,113,315,113,𬂙
﻿315,113,346,113,346,144,315,144,󰘚
﻿315,144,346,144,346,175,315,175,𠳨
﻿315,175,346,175,346,207,315,207,查
﻿315,248,346,248,346,280,315,280,買
﻿315,280,346,280,346,312,315,312,𧗱
﻿315,312,346,312,346,345,315,345,固
﻿315,345,346,345,346,377,315,377,役
﻿315,377,346,377,346,409,315,409,之
﻿315,409,346,409,346,442,315,442,麻
﻿315,442,346,442,346,474,315,474,動
﻿315,474,346,474,346,507,315,507,容
﻿282,19,313,19,313,50,282,50,生
﻿282,50,313,50,313,81,282,81,浪
﻿282,81,313,81,313,112,282,112,孝
﻿282,112,313,112,313,143,282,143,服
﻿282,143,313,143,313,174,282,174,皮
﻿282,174,313,174,313,205,282,205,衝
﻿281,248,313,248,313,281,281,281,推
﻿281,281,313,281,313,314,281,314,𢚸
﻿281,314,313,314,313,348,281,348,陟
﻿281,348,313,348,313,381,281,381,𡵆
﻿281,381,313,381,313,414,281,414,𤴬
﻿281,414,313,414,313,448,281,448,𢚸
﻿281,448,313,448,313,481,281,481,終
﻿281,481,313,481,313,515,281,515,天
﻿252,24,281,24,281,54,252,54,𠸦
﻿252,54,281,54,281,85,252,85,浪
﻿252,85,281,85,281,116,252,116,孝
﻿252,116,281,116,281,146,252,146,死
﻿252,146,281,146,281,177,252,177,㐌
﻿252,177,281,177,281,208,252,208,𢧚
﻿248,249,279,249,279,281,248,281,洗
﻿248,281,279,281,279,314,248,314,塵
﻿248,314,279,314,279,347,248,347,𠼦
﻿248,347,279,347,279,380,248,380,󱋓
﻿248,380,279,380,279,413,248,413,解
﻿248,413,279,413,279,446,248,446,煩
﻿248,446,279,446,279,479,248,479,𣎀
﻿248,479,279,479,279,512,248,512,秋
﻿219,19,250,19,250,50,219,50,𡞕
﻿219,50,250,50,250,82,219,82,𫯳
﻿219,82,250,82,250,114,219,114,󱋓
﻿219,114,250,114,250,145,219,145,酢
﻿219,145,250,145,250,177,219,177,󱋓
﻿219,177,250,177,250,209,219,209,酬
﻿216,249,247,249,247,281,216,281,扒
﻿216,281,247,281,247,313,216,313,娘
﻿216,313,247,313,247,346,216,346,𨅸
﻿216,346,247,346,247,378,216,378,直
﻿216,378,247,378,247,410,216,410,持
﻿216,410,247,410,247,443,216,443,壼
﻿216,443,247,443,247,475,216,475,𠄩
﻿216,475,247,475,247,508,216,508,尼
﻿186,16,214,16,214,48,186,48,扒
﻿186,48,214,48,214,80,186,80,寬
﻿186,80,214,80,214,112,186,112,扒
﻿186,112,214,112,214,144,186,144,日
﻿186,144,214,144,214,176,186,176,典
﻿186,176,214,176,214,208,186,208,𠳒
﻿183,248,214,248,214,280,183,280,扒
﻿183,280,214,280,214,313,183,313,跪
﻿183,313,214,313,214,346,183,346,尽
﻿183,346,214,346,214,379,183,379,󰘚
﻿183,379,214,379,214,411,183,411,扒
﻿183,411,214,411,214,444,183,444,𨑮
﻿183,444,214,444,214,477,183,477,尽
﻿183,477,214,477,214,510,183,510,𢬣
﻿152,17,184,17,184,49,152,49,生
﻿152,49,184,49,184,81,152,81,強
﻿152,81,184,81,184,113,152,113,如
﻿152,113,184,113,184,145,152,145,𤵺
﻿152,145,184,145,184,177,152,177,如
﻿152,177,184,177,184,209,152,209,𬏝
﻿151,247,181,247,181,280,151,280,湥
﻿151,280,181,280,181,313,151,313,𨱽
﻿151,313,181,313,181,346,151,346,湥
﻿151,346,181,346,181,379,151,379,𥐆
﻿151,379,181,379,181,412,151,412,󱋓
﻿151,412,181,412,181,445,151,445,苔
﻿151,445,181,445,181,478,151,478,󱋓
﻿151,478,181,478,181,511,151,511,潙
﻿119,18,150,18,150,49,119,49,𢘩
﻿119,49,150,49,150,81,119,81,𠫾
﻿119,81,150,81,150,112,119,112,秩
﻿119,112,150,112,150,144,119,144,呐
﻿119,144,150,144,150,175,119,175,秩
﻿119,175,150,175,150,207,119,207,唭
﻿117,247,150,247,150,280,117,280,告
﻿117,280,150,280,150,313,117,313,醝
﻿117,313,150,313,150,346,117,346,払
﻿117,346,150,346,150,379,117,379,㐌
﻿117,379,150,379,150,412,117,412,淡
﻿117,412,150,412,150,445,117,445,排
﻿117,445,150,445,150,478,117,478,𤎜
﻿117,478,150,478,150,512,117,512,𦋦
﻿87,15,115,15,115,47,87,47,小
﻿87,47,115,47,115,79,87,79,姐
﻿87,79,115,79,115,111,87,111,倍
﻿87,111,115,111,115,143,87,143,𠯦
﻿87,143,115,143,115,175,87,175,昆
﻿87,175,115,175,115,207,87,207,花
﻿86,247,115,247,115,279,86,279,𡅳
﻿86,279,115,279,115,312,86,312,払
﻿86,312,115,312,115,344,86,344,𫽄
﻿86,344,115,344,115,377,86,377,𣴓
﻿86,377,115,377,115,410,86,410,時
﻿86,410,115,410,115,442,86,442,些
﻿86,442,115,442,115,475,86,475,固
﻿86,475,115,475,115,508,86,508,扽
﻿54,17,84,17,84,48,54,48,生
﻿54,48,84,48,84,80,54,80,強
﻿54,80,84,80,84,112,54,112,󰞺
﻿54,112,84,112,84,144,54,144,𦛌
﻿54,144,84,144,84,176,54,176,散
﻿54,176,84,176,84,208,54,208,魂
﻿56,248,85,248,85,280,56,280,󱋓
﻿56,280,85,280,85,312,56,312,𠶆
﻿56,312,85,312,85,344,56,344,沛
﻿56,344,85,344,85,376,56,376,唅
﻿56,376,85,376,85,408,56,408,蒲
﻿56,408,85,408,85,440,56,440,几
﻿56,440,85,440,85,472,56,472,燥
﻿56,472,85,472,85,504,56,504,𣦍
﻿21,13,51,13,51,45,21,45,小
﻿21,45,51,45,51,77,21,77,姐
﻿21,77,51,77,51,109,21,109,唭
﻿21,109,51,109,51,141,21,141,呐
﻿21,141,51,141,51,173,21,173,醒
﻿21,173,51,173,51,205,21,205,醝
﻿19,248,52,248,52,280,19,280,渚
﻿19,280,52,280,52,313,19,313,衝
﻿19,313,52,313,52,346,19,346,局
﻿19,346,52,346,52,379,19,379,𨢇
﻿19,379,52,379,52,412,19,412,吏
﻿19,412,52,412,52,445,19,445,排
﻿19,445,52,445,52,478,19,478,路
﻿19,478,52,478,52,511,19,511,制
