335,9,367,9,367,44,335,44,大
﻿335,44,367,44,367,79,335,79,王
﻿335,79,367,79,367,114,335,114,𠸜
﻿335,114,367,114,367,149,335,149,海
﻿335,149,367,149,367,184,335,184,户
﻿335,184,367,184,367,219,335,219,徐
﻿343,277,371,277,371,312,343,312,打
﻿343,312,371,312,371,347,343,347,悁
﻿343,347,371,347,371,383,343,383,𤾓
﻿343,383,371,383,371,418,343,418,陣
﻿343,418,371,418,371,453,343,453,飭
﻿343,453,371,453,371,489,343,489,餘
﻿343,489,371,489,371,524,343,524,𬮙
﻿343,524,371,524,371,560,343,560,㝵
﻿299,11,331,11,331,45,299,45,﨤
﻿299,45,331,45,331,80,299,80,娘
﻿299,80,331,80,331,115,299,115,時
﻿299,115,331,115,331,149,299,149,扵
﻿299,149,331,149,331,184,299,184,州
﻿299,184,331,184,331,219,299,219,台
﻿303,276,339,276,339,311,303,311,𨔍
﻿303,311,339,311,339,347,303,347,之
﻿303,347,339,347,339,383,303,383,囯
﻿303,383,339,383,339,419,303,419,色
﻿303,419,339,419,339,455,303,455,天
﻿303,455,339,455,339,491,303,491,才
﻿303,491,339,491,339,527,303,527,沛
﻿303,527,339,527,339,563,303,563,緣
﻿263,10,295,10,295,45,263,45,浘
﻿263,45,295,45,295,80,263,80,漨
﻿263,80,295,80,295,115,263,115,𥪝
﻿263,115,295,115,295,150,263,150,闭
﻿263,150,295,150,295,185,263,185,饒
﻿263,185,295,185,295,220,263,220,年
﻿267,277,301,277,301,312,267,312,爫
﻿267,312,301,312,301,347,267,347,𢧚
﻿267,347,301,347,301,382,267,382,動
﻿267,382,301,382,301,418,267,418,地
﻿267,418,301,418,301,453,267,453,󰟹
﻿267,453,301,453,301,488,267,488,天
﻿267,488,301,488,301,523,267,523,同
﻿267,523,301,523,301,559,267,559,同
﻿225,9,260,9,260,44,225,44,大
﻿225,44,260,44,260,79,225,79,軍
﻿225,79,260,79,260,114,225,114,屯
﻿225,114,260,114,260,149,225,149,埬
﻿225,149,260,149,260,184,225,184,𡎝
﻿225,184,260,184,260,219,225,219,東
﻿232,276,263,276,263,311,232,311,󰡲
﻿232,311,263,311,263,347,232,347,𨍦
﻿232,347,263,347,263,382,232,382,庄
﻿232,382,263,382,263,418,232,418,別
﻿232,418,263,418,263,454,232,454,雲
﻿232,454,263,454,263,489,232,489,夢
﻿232,489,263,489,263,525,232,525,爫
﻿232,525,263,525,263,561,232,561,牢
﻿190,10,223,10,223,44,190,44,𦖑
﻿190,44,223,44,223,79,190,79,詳
﻿190,79,223,79,223,114,190,114,梗
﻿190,114,223,114,223,149,190,149,𦰟
﻿190,149,223,149,223,184,190,184,消
﻿190,184,223,184,223,219,190,219,耗
﻿195,276,229,276,229,311,195,311,𢚸
﻿195,311,229,311,229,347,195,347,貞
﻿195,347,229,347,229,382,195,382,払
﻿195,382,229,382,229,418,195,418,𡏡
﻿195,418,229,418,229,453,195,453,劳
﻿195,453,229,453,229,489,195,489,刀
﻿195,489,229,489,229,524,195,524,󰡪
﻿195,524,229,524,229,560,195,560,蜍
﻿156,10,186,10,186,45,156,45,㤕
﻿156,45,186,45,186,80,156,80,台
﻿156,80,186,80,186,115,156,115,隻
﻿156,115,186,115,186,150,156,150,𦲿
﻿156,150,186,150,186,185,156,185,𠀧
﻿156,185,186,185,186,221,156,221,爲
﻿160,277,191,277,191,312,160,312,刼
﻿160,312,191,312,191,347,160,347,尘
﻿160,347,191,347,191,383,160,383,別
﻿160,383,191,383,191,418,160,418,𢷀
﻿160,418,191,418,191,453,160,453,包
﻿160,453,191,453,191,489,160,489,徐
﻿160,489,191,489,191,524,160,524,朱
﻿160,524,191,524,191,560,160,560,垂
﻿121,9,154,9,154,44,121,44,花
﻿121,44,154,44,154,79,121,79,㵢
﻿121,79,154,79,154,114,121,114,渃
﻿121,114,154,114,154,149,121,149,渃
﻿121,149,154,149,154,184,121,184,𣵶
﻿121,184,154,184,154,219,121,219,𣳔
﻿124,276,156,276,156,311,124,311,㤕
﻿124,311,156,311,156,347,124,347,身
﻿124,347,156,347,156,382,124,382,沉
﻿124,382,156,382,156,418,124,418,浽
﻿124,418,156,418,156,453,124,453,𤴬
﻿124,453,156,453,156,489,124,489,𢚸
﻿124,489,156,489,156,524,124,524,合
﻿124,524,156,524,156,560,124,560,散
﻿86,12,116,12,116,46,86,46,𠳒
﻿86,46,116,46,116,81,86,81,初
﻿86,81,116,81,116,115,86,115,㐌
﻿86,115,116,115,116,150,86,150,𰦫
﻿86,150,116,150,116,184,86,184,𰿘
﻿86,184,116,184,116,219,86,219,萬
﻿87,277,122,277,122,312,87,312,𤗖
﻿87,312,122,312,122,347,87,347,𦎛
﻿87,347,122,347,122,382,87,382,群
﻿87,382,122,382,122,417,87,417,妬
﻿87,417,122,417,122,452,87,452,泛
﻿87,452,122,452,122,487,87,487,弹
﻿87,487,122,487,122,522,87,522,群
﻿87,522,122,522,122,558,87,558,低
﻿48,12,81,12,81,46,48,46,弹
﻿48,46,81,46,81,80,48,80,琴
﻿48,80,81,80,81,115,48,115,窖
﻿48,115,81,115,81,149,48,149,謹
﻿48,149,81,149,81,183,48,183,魚
﻿48,183,81,183,81,218,48,218,𦀊
﻿50,276,85,276,85,311,50,311,󰌎
﻿50,311,85,311,85,347,50,347,香
﻿50,347,85,347,85,382,50,382,別
﻿50,382,85,382,85,418,50,418,古
﻿50,418,85,418,85,454,50,454,刼
﻿50,454,85,454,85,489,50,489,尼
﻿50,489,85,489,85,525,50,525,女
﻿50,525,85,525,85,561,50,561,催
﻿10,9,45,9,45,43,10,43,萍
﻿10,43,45,43,45,78,10,78,蓬
﻿10,78,45,78,45,113,10,113,群
﻿10,113,45,113,45,148,10,148,㤕
﻿10,148,45,148,45,183,10,183,賒
﻿10,183,45,183,45,218,10,218,吹
﻿15,277,46,277,46,312,15,312,䁀
﻿15,312,46,312,46,347,15,347,鍾
﻿15,347,46,347,46,382,15,382,牢
﻿15,382,46,382,46,418,15,418,女
﻿15,418,46,418,46,453,15,453,咹
﻿15,453,46,453,46,488,15,488,𡎢
﻿15,488,46,488,46,523,15,523,朱
﻿15,523,46,523,46,559,15,559,安
