357,15,385,15,385,45,357,45,渃
﻿357,45,385,45,385,76,357,76,㵢
﻿357,76,385,76,385,107,357,107,花
﻿357,107,385,107,385,137,357,137,用
﻿357,137,385,137,385,168,357,168,㐌
﻿357,168,385,168,385,199,357,199,安
﻿362,243,393,243,393,274,362,274,咍
﻿362,274,393,274,393,306,362,306,󰠳
﻿362,306,393,306,393,337,362,337,地
﻿362,337,393,337,393,369,362,369,獄
﻿362,369,393,369,393,400,362,400,於
﻿362,400,393,400,393,432,362,432,沔
﻿362,432,393,432,393,463,362,463,人
﻿362,463,393,463,393,495,362,495,間
﻿325,13,355,13,355,44,325,44,犬
﻿325,44,355,44,355,75,325,75,鷹
﻿325,75,355,75,355,106,325,106,㐌
﻿325,106,355,106,355,137,325,137,担
﻿325,137,355,137,355,168,325,168,謀
﻿325,168,355,168,355,200,325,200,好
﻿329,241,361,241,361,273,329,273,域
﻿329,273,361,273,361,305,329,305,娘
﻿329,305,361,305,361,337,329,337,迻
﻿329,337,361,337,361,369,329,369,𫴋
﻿329,369,361,369,361,401,329,401,底
﻿329,401,361,401,361,433,329,433,安
﻿329,433,361,433,361,465,329,465,𠁑
﻿329,465,361,465,361,497,329,497,船
﻿294,15,323,15,323,46,294,46,帆
﻿294,46,323,46,323,77,294,77,高
﻿294,77,323,77,323,108,294,108,撩
﻿294,108,323,108,323,139,294,139,𬆅
﻿294,139,323,139,323,170,294,170,𦑃
﻿294,170,323,170,323,201,294,201,耑
﻿298,242,328,242,328,273,298,273,提
﻿298,273,328,273,328,305,298,305,澄
﻿298,305,328,305,328,336,298,336,縣
﻿298,336,328,336,328,368,298,368,錫
﻿298,368,328,368,328,400,298,400,氷
﻿298,400,328,400,328,431,298,431,沔
﻿298,431,328,431,328,463,298,463,𣾼
﻿298,463,328,463,328,495,298,495,𨖅
﻿263,13,292,13,292,44,263,44,㨋
﻿263,44,292,44,292,75,263,75,渡
﻿263,75,292,75,292,106,263,106,蓮
﻿263,106,292,106,292,137,263,137,𠓀
﻿263,137,292,137,292,168,263,168,󱚷
﻿263,168,292,168,292,199,263,199,堂
﻿266,242,296,242,296,273,266,273,犬
﻿266,273,296,273,296,305,266,305,鷹
﻿266,305,296,305,296,337,266,337,𠄩
﻿266,337,296,337,296,369,266,369,𠀲
﻿266,369,296,369,296,401,266,401,納
﻿266,401,296,401,296,433,266,433,娘
﻿266,433,296,433,296,465,266,465,𤼸
﻿266,465,296,465,296,497,266,497,功
﻿230,13,260,13,260,44,230,44,域
﻿230,44,260,44,260,76,230,76,娘
﻿230,76,260,76,260,107,230,107,暫
﻿230,107,260,107,260,139,230,139,𫴋
﻿230,139,260,139,260,170,230,170,問
﻿230,170,260,170,260,202,230,202,房
﻿234,244,264,244,264,275,234,275,唉
﻿234,275,264,275,264,307,234,307,群
﻿234,307,264,307,264,339,234,339,帖
﻿234,339,264,339,264,371,234,371,帖
﻿234,371,264,371,264,402,234,402,聀
﻿234,402,264,402,264,434,234,434,燶
﻿234,434,264,434,264,466,234,466,渚
﻿234,466,264,466,264,498,234,498,派
﻿200,12,228,12,228,43,200,43,黄
﻿200,43,228,43,228,74,200,74,梁
﻿200,74,228,74,228,106,200,106,𦖑
﻿200,106,228,106,228,137,200,137,醒
﻿200,137,228,137,228,168,200,168,愧
﻿200,168,228,168,228,200,200,200,枚
﻿204,242,233,242,233,273,204,273,󰘇
﻿204,273,233,273,233,305,204,305,茹
﻿204,305,233,305,233,337,204,337,󰠳
﻿204,337,233,337,233,369,204,369,秩
﻿204,369,233,369,233,401,204,401,楼
﻿204,401,233,401,233,433,204,433,󰉟
﻿204,433,233,433,233,465,204,465,芇
﻿204,465,233,465,233,497,204,497,低
﻿166,12,200,12,200,43,166,43,傍
﻿166,43,200,43,200,75,166,75,徨
﻿166,75,200,75,200,106,166,106,󰇾
﻿166,106,200,106,200,138,166,138,醒
﻿166,138,200,138,200,169,166,169,󰇾
﻿166,169,200,169,200,201,166,201,醝
﻿173,243,203,243,203,275,173,275,󱚷
﻿173,275,203,275,203,307,173,307,堂
﻿173,307,203,307,203,339,173,339,𠻵
﻿173,339,203,339,203,371,173,371,㗂
﻿173,371,203,371,203,403,173,403,隊
﻿173,403,203,403,203,435,173,435,𣦍
﻿173,435,203,435,203,467,173,467,蓮
﻿173,467,203,467,203,500,173,500,侯
﻿137,16,164,16,164,46,137,46,阿
﻿137,46,164,46,164,76,137,76,鬟
﻿137,76,164,76,164,106,137,106,𨕭
﻿137,106,164,106,164,136,137,136,𠁑
﻿137,136,164,136,164,166,137,166,逐
﻿137,166,164,166,164,197,137,197,毛
﻿140,242,170,242,170,274,140,274,害
﻿140,274,170,274,170,306,140,306,䧺
﻿140,306,170,306,170,338,140,338,娘
﻿140,338,170,338,170,370,140,370,買
﻿140,370,170,370,170,402,140,402,蹺
﻿140,402,170,402,170,434,140,434,𡢐
﻿140,434,170,434,170,466,140,466,󰜋
﻿140,466,170,466,170,498,140,498,𠊛
﻿104,13,135,13,135,44,104,44,𥆾
﻿104,44,135,44,135,75,104,75,𬂙
﻿104,75,135,75,135,106,104,106,座
﻿104,106,135,106,135,137,104,137,曠
﻿104,137,135,137,135,168,104,168,圯
﻿104,168,135,168,135,200,104,200,𨱽
﻿109,243,139,243,139,275,109,275,天
﻿109,275,139,275,139,307,109,307,官
﻿109,307,139,307,139,339,109,339,家
﻿109,339,139,339,139,371,109,371,宰
﻿109,371,139,371,139,403,109,403,固
﻿109,403,139,403,139,435,109,435,牌
﻿109,435,139,435,139,467,109,467,撩
﻿109,467,139,467,139,499,109,499,𨖲
﻿72,11,102,11,102,42,72,42,班
﻿72,42,102,42,102,73,72,73,𣈜
﻿72,73,102,73,102,104,72,104,蠟
﻿72,104,102,104,102,135,72,135,𤏧
﻿72,135,102,135,102,166,72,166,𠄩
﻿72,166,102,166,102,197,72,197,边
﻿77,240,108,240,108,272,77,272,𨕭
﻿77,272,108,272,108,304,77,304,床
﻿77,304,108,304,108,337,77,337,七
﻿77,337,108,337,108,369,77,369,寶
﻿77,369,108,369,108,401,77,401,𡎦
﻿77,401,108,401,108,434,77,434,𨕭
﻿77,434,108,434,108,466,77,466,󰜋
﻿77,466,108,466,108,499,77,499,󰜏
﻿42,11,71,11,71,41,42,41,𠲟
﻿42,41,71,41,71,72,42,72,𠴛
﻿42,72,71,72,71,103,42,103,𦰟
﻿42,103,71,103,71,134,42,134,𠳨
﻿42,134,71,134,71,165,42,165,梗
﻿42,165,71,165,71,196,42,196,查
﻿43,240,76,240,76,271,43,271,事
﻿43,271,76,271,76,303,43,303,命
﻿43,303,76,303,76,335,43,335,娘
﻿43,335,76,335,76,367,43,367,㐌
﻿43,367,76,367,76,399,43,399,據
﻿43,399,76,399,76,431,43,431,麻
﻿43,431,76,431,76,463,43,463,𠳚
﻿43,463,76,463,76,495,43,495,申
﻿12,9,39,9,39,40,12,40,不
﻿12,40,39,40,39,71,12,71,情
﻿12,71,39,71,39,103,12,103,浽
﻿12,103,39,103,39,134,12,134,陣
﻿12,134,39,134,39,165,12,165,𩄲
﻿12,165,39,165,39,197,12,197,湄
﻿13,239,42,239,42,271,13,271,𭛣
﻿13,271,42,271,42,303,13,303,娘
﻿13,303,42,303,42,335,13,335,仍
﻿13,335,42,335,42,367,13,367,𥞁
﻿13,367,42,367,42,399,13,399,巴
﻿13,399,42,399,42,431,13,431,蜍
﻿13,431,42,431,42,463,13,463,悁
﻿13,463,42,463,42,496,13,496,身
