351,13,382,13,382,48,351,48,媒
﻿351,48,382,48,382,83,351,83,𫅷
﻿351,83,382,83,382,119,351,119,或
﻿351,119,382,119,382,154,351,154,固
﻿351,154,382,154,382,189,351,189,調
﻿351,189,382,189,382,225,351,225,之
﻿352,282,386,282,386,318,352,318,料
﻿352,318,386,318,386,354,352,354,功
﻿352,354,386,354,386,390,352,390,秩
﻿352,390,386,390,386,426,352,426,𠬠
﻿352,426,386,426,386,462,352,462,𣇜
﻿352,462,386,462,386,498,352,498,跪
﻿352,498,386,498,386,534,352,534,麻
﻿352,534,386,534,386,571,352,571,傕
﻿314,15,345,15,345,49,314,49,旦
﻿314,49,345,49,345,84,314,84,低
﻿314,84,345,84,345,118,314,118,塘
﻿314,118,345,118,345,153,314,153,詫
﻿314,153,345,153,345,187,314,187,賒
﻿314,187,345,187,345,222,314,222,吹
﻿318,281,348,281,348,317,318,317,麻
﻿318,317,348,317,348,353,318,353,些
﻿318,353,348,353,348,390,318,390,不
﻿318,390,348,390,348,426,318,426,動
﻿318,426,348,426,348,462,318,462,女
﻿318,462,348,462,348,499,318,499,㝵
﻿318,499,348,499,348,535,318,535,生
﻿318,535,348,535,348,572,318,572,𪟽
﻿280,13,308,13,308,48,280,48,惜
﻿280,48,308,48,308,83,280,83,台
﻿280,83,308,83,308,119,280,119,𠬠
﻿280,119,308,119,308,154,280,154,朶
﻿280,154,308,154,308,189,280,189,茶
﻿280,189,308,189,308,225,280,225,縻
﻿282,282,315,282,315,318,282,318,昆
﻿282,318,315,318,315,354,282,354,蜂
﻿282,354,315,354,315,390,282,390,㐌
﻿282,390,315,390,315,426,282,426,𨸈
﻿282,426,315,426,315,462,282,462,塘
﻿282,462,315,462,315,498,282,498,𠫾
﻿282,498,315,498,315,534,282,534,𨇒
﻿282,534,315,534,315,570,282,570,𧗱
﻿243,13,273,13,273,48,243,48,𠬠
﻿243,48,273,48,273,83,243,83,干
﻿243,83,273,83,273,119,243,119,湄
﻿243,119,273,119,273,154,243,154,𫗄
﻿243,154,273,154,273,189,243,189,󰠱
﻿243,189,273,189,273,225,243,225,尼
﻿244,282,278,282,278,318,244,318,傷
﻿244,318,278,318,278,354,244,354,之
﻿244,354,278,354,278,390,244,390,旦
﻿244,390,278,390,278,426,244,426,玉
﻿244,426,278,426,278,462,244,462,惜
﻿244,462,278,462,278,498,244,498,之
﻿244,498,278,498,278,534,244,534,旦
﻿244,534,278,534,278,570,244,570,香
﻿209,16,237,16,237,50,209,50,𠯪
﻿209,50,237,50,237,85,209,85,春
﻿209,85,237,85,237,120,209,120,𠬠
﻿209,120,237,120,237,155,209,155,聀
﻿209,155,237,155,237,190,209,190,𢠩
﻿209,190,237,190,237,225,209,225,恾
﻿210,280,242,280,242,316,210,316,𤒘
﻿210,316,242,316,242,352,210,352,花
﻿210,352,242,352,242,388,210,388,底
﻿210,388,242,388,242,424,210,424,怒
﻿210,424,242,424,242,460,210,460,𠬠
﻿210,460,242,460,242,496,210,496,𡎢
﻿210,496,242,496,242,532,210,532,𡎢
﻿210,532,242,532,242,569,210,569,猪
﻿174,15,203,15,203,49,174,49,湥
﻿174,49,203,49,203,84,174,84,貞
﻿174,84,203,84,203,119,174,119,尋
﻿174,119,203,119,203,154,174,154,謝
﻿174,154,203,154,203,189,174,189,𣻆
﻿174,189,203,189,203,224,174,224,湄
﻿173,284,206,284,206,319,173,319,分
﻿173,319,206,319,206,355,173,355,𠇮
﻿173,355,206,355,206,391,173,391,浽
﻿173,391,206,391,206,427,173,427,客
﻿173,427,206,427,206,463,173,463,分
﻿173,463,206,463,206,499,173,499,除
﻿173,499,206,499,206,535,173,535,浽
﻿173,535,206,535,206,571,173,571,春
﻿135,15,167,15,167,49,135,49,從
﻿135,49,167,49,167,84,135,84,之
﻿135,84,167,84,167,118,135,118,󰑼
﻿135,118,167,118,167,153,135,153,准
﻿135,153,167,153,167,187,135,187,灰
﻿135,187,167,187,167,222,135,222,腥
﻿136,280,170,280,170,316,136,316,身
﻿136,316,170,316,170,352,136,352,𠦳
﻿136,352,170,352,170,389,136,389,鐄
﻿136,389,170,389,170,425,136,425,底
﻿136,425,170,425,170,461,136,461,污
﻿136,461,170,461,170,498,136,498,名
﻿136,498,170,498,170,534,136,534,𦟐
﻿136,534,170,534,170,571,136,571,紅
﻿101,17,132,17,132,51,101,51,催
﻿101,51,132,51,132,86,101,86,群
﻿101,86,132,86,132,120,101,120,之
﻿101,120,132,120,132,155,101,155,女
﻿101,155,132,155,132,189,101,189,麻
﻿101,189,132,189,132,224,101,224,蒙
﻿101,281,133,281,133,317,101,317,𠁀
﻿101,317,133,317,133,353,101,353,㝵
﻿101,353,133,353,133,389,101,389,催
﻿101,389,133,389,133,425,101,425,世
﻿101,425,133,425,133,461,101,461,󰑼
﻿101,461,133,461,133,497,101,497,衝
﻿101,497,133,497,133,533,101,533,𠬠
﻿101,533,133,533,133,569,101,569,𠁀
﻿65,17,94,17,94,50,65,50,限
﻿65,50,94,50,94,84,65,84,綠
﻿65,84,94,84,94,118,65,118,悴
﻿65,118,94,118,94,152,65,152,分
﻿65,152,94,152,94,186,65,186,排
﻿65,186,94,186,94,220,65,220,排
﻿65,281,96,281,96,316,65,316,扲
﻿65,316,96,316,96,352,65,352,刀
﻿65,352,96,352,96,388,65,388,娘
﻿65,388,96,388,96,424,65,424,㐌
﻿65,424,96,424,96,460,65,460,筭
﻿65,460,96,460,96,496,65,496,排
﻿65,496,96,496,96,532,65,532,捐
﻿65,532,96,532,96,568,65,568,生
﻿25,14,56,14,56,49,25,49,𢪀
﻿25,49,56,49,56,84,25,84,𠫾
﻿25,84,56,84,56,119,25,119,𢪀
﻿25,119,56,119,56,154,25,154,吏
﻿25,154,56,154,56,189,25,189,𠬠
﻿25,189,56,189,56,224,25,224,𠇮
﻿26,281,59,281,59,317,26,317,𠬠
﻿26,317,59,317,59,353,26,353,𠇮
﻿26,353,59,353,59,389,26,389,時
﻿26,389,59,389,59,426,26,426,渚
﻿26,426,59,426,59,462,26,462,𠄩
﻿26,462,59,462,59,498,26,498,情
﻿26,498,59,498,59,534,26,534,时
﻿26,534,59,534,59,571,26,571,牢
