345,12,379,12,379,47,345,47,朗
﻿345,47,379,47,379,83,345,83,𦖑
﻿345,83,379,83,379,119,345,119,侵
﻿345,119,379,119,379,155,345,155,噤
﻿345,155,379,155,379,191,345,191,󱖺
﻿345,191,379,191,379,227,345,227,頭
﻿345,283,379,283,379,319,345,319,䜹
﻿345,319,379,319,379,355,345,355,浪
﻿345,355,379,355,379,391,345,391,埃
﻿345,391,379,391,379,427,345,427,固
﻿345,427,379,427,379,463,345,463,悶
﻿345,463,379,463,379,499,345,499,󰠲
﻿345,499,379,499,379,535,345,535,󰡫
﻿345,535,379,535,379,572,345,572,尼
﻿309,13,341,13,341,48,309,48,時
﻿309,48,341,48,341,83,309,83,如
﻿309,83,341,83,341,119,309,119,𠳒
﻿309,119,341,119,341,154,309,154,世
﻿309,154,341,154,341,189,309,189,󰑼
﻿309,189,341,189,341,225,309,225,埋
﻿310,286,342,286,342,321,310,321,罕
﻿310,321,342,321,342,357,310,357,浪
﻿310,357,342,357,342,393,310,393,枚
﻿310,393,342,393,342,429,310,429,固
﻿310,429,342,429,342,465,310,465,如
﻿310,465,342,465,342,501,310,501,𣈙
﻿310,501,342,501,342,537,310,537,朱
﻿310,537,342,537,342,573,310,573,庄
﻿273,13,306,13,306,48,273,48,戾
﻿273,48,306,48,306,84,273,84,欺
﻿273,84,306,84,306,120,273,120,蜂
﻿273,120,306,120,306,155,273,155,𧊉
﻿273,155,306,155,306,191,273,191,代
﻿273,191,306,191,306,227,273,227,騰
﻿277,286,306,286,306,322,277,322,旦
﻿277,322,306,322,306,358,277,358,調
﻿277,358,306,358,306,394,277,394,𤯩
﻿277,394,306,394,306,430,277,430,濁
﻿277,430,306,430,306,466,277,466,牢
﻿277,466,306,466,306,502,277,502,平
﻿277,502,306,502,306,538,277,538,托
﻿277,538,306,538,306,575,277,575,冲
﻿238,15,270,15,270,51,238,51,媒
﻿238,51,270,51,270,87,238,87,浪
﻿238,87,270,87,270,123,238,123,昆
﻿238,123,270,123,270,159,238,159,唉
﻿238,159,270,159,270,195,238,195,從
﻿238,195,270,195,270,231,238,231,容
﻿239,288,272,288,272,324,239,324,沛
﻿239,324,272,324,272,360,239,360,調
﻿239,360,272,360,272,396,239,396,𢚸
﻿239,396,272,396,272,432,239,432,吏
﻿239,432,272,432,272,468,239,468,対
﻿239,468,272,468,272,504,239,504,𢚸
﻿239,504,272,504,272,540,239,540,麻
﻿239,540,272,540,272,576,239,576,󱉁
﻿201,13,233,13,233,48,201,48,枚
﻿201,48,233,48,233,84,201,84,𨍦
﻿201,84,233,84,233,120,201,120,扵
﻿201,120,233,120,233,155,201,155,庄
﻿201,155,233,155,233,191,201,191,如
﻿201,191,233,191,233,227,201,227,𠳒
﻿201,286,235,286,235,321,201,321,蓮
﻿201,321,235,321,235,357,201,357,頭
﻿201,357,235,357,235,393,201,393,固
﻿201,393,235,393,235,429,201,429,䏾
﻿201,429,235,429,235,465,201,465,󰘚
﻿201,465,235,465,235,501,201,501,𡗶
﻿201,501,235,501,235,537,201,537,𤎜
﻿201,537,235,537,235,573,201,573,𤐝
﻿164,11,198,11,198,47,164,47,体
﻿164,47,198,47,198,84,164,84,𠳒
﻿164,84,198,84,198,120,164,120,决
﻿164,120,198,120,198,157,164,157,断
﻿164,157,198,157,198,193,164,193,罕
﻿164,193,198,193,198,230,164,230,灰
﻿166,288,198,288,198,323,166,323,停
﻿166,323,198,323,198,359,166,359,𢚸
﻿166,359,198,359,198,395,166,395,娘
﻿166,395,198,395,198,431,166,431,共
﻿166,431,198,431,198,467,166,467,仕
﻿166,467,198,467,198,503,166,503,𠿯
﻿166,503,198,503,198,539,166,539,𠿯
﻿166,539,198,539,198,575,166,575,寅
﻿129,13,162,13,162,49,129,49,󰁡
﻿129,49,162,49,162,85,129,85,𢖖
﻿129,85,162,85,162,121,129,121,󰁇
﻿129,121,162,121,162,157,129,157,碧
﻿129,157,162,157,162,193,129,193,鎖
﻿129,193,162,193,162,229,129,229,春
﻿129,285,162,285,162,321,129,321,𢵼
﻿129,321,162,321,162,357,129,357,𡽫
﻿129,357,162,357,162,393,129,393,賒
﻿129,393,162,393,162,429,129,429,󰌺
﻿129,429,162,429,162,465,129,465,𦝄
﻿129,465,162,465,162,501,129,501,𧵆
﻿129,501,162,501,162,537,129,537,扵
﻿129,537,162,537,162,573,129,573,終
﻿94,13,127,13,127,48,94,48,𦊛
﻿94,48,127,48,127,84,94,84,皮
﻿94,84,127,84,127,120,94,120,八
﻿94,120,127,120,127,155,94,155,夊
﻿94,155,127,155,127,191,94,191,賒
﻿94,191,127,191,127,227,94,227,𬂙
﻿96,287,126,287,126,323,96,323,吉
﻿96,323,126,323,126,359,96,359,鐄
﻿96,359,126,359,126,395,96,395,𡑱
﻿96,395,126,395,126,431,96,431,怒
﻿96,431,126,431,126,467,96,467,𡏧
﻿96,467,126,467,126,503,96,503,紅
﻿96,503,126,503,126,539,96,539,埮
﻿96,539,126,539,126,576,96,576,箕
﻿53,12,89,12,89,48,53,48,彼
﻿53,48,89,48,89,84,53,84,嗙
﻿53,84,89,84,89,121,53,121,𫡮
﻿53,121,89,121,89,157,53,157,𣌋
﻿53,157,89,157,89,193,53,193,畑
﻿53,193,89,193,89,230,53,230,𣅘
﻿56,283,90,283,90,319,56,319,姅
﻿56,319,90,319,90,356,56,356,情
﻿56,356,90,356,90,392,56,392,姅
﻿56,392,90,392,90,429,56,429,景
﻿56,429,90,429,90,465,56,465,如
﻿56,465,90,465,90,502,56,502,支
﻿56,502,90,502,90,538,56,538,𬌓
﻿56,538,90,538,90,575,56,575,𢚸
﻿17,12,51,12,51,48,17,48,想
﻿17,48,51,48,51,84,17,84,㝵
﻿17,84,51,84,51,120,17,120,󰡎
﻿17,120,51,120,51,156,17,156,月
﻿17,156,51,156,51,192,17,192,󱋓
﻿17,192,51,192,51,229,17,229,同
﻿17,287,50,287,50,322,17,322,信
﻿17,322,50,322,50,358,17,358,霜
﻿17,358,50,358,50,394,17,394,隴
﻿17,394,50,394,50,430,17,430,唉
﻿17,430,50,430,50,466,17,466,𣈙
﻿17,466,50,466,50,502,17,502,𬂙
﻿17,502,50,502,50,538,17,538,埋
﻿17,538,50,538,50,574,17,574,徐
