350,11,386,11,386,47,350,47,包
﻿350,47,386,47,386,84,350,84,饒
﻿350,84,386,84,386,121,350,121,󰞂
﻿350,121,386,121,386,157,350,157,苦
﻿350,157,386,157,386,194,350,194,情
﻿350,194,386,194,386,231,350,231,傷
﻿353,287,386,287,386,323,353,323,弹
﻿353,323,386,323,386,359,353,359,󰜏
﻿353,359,386,359,386,395,353,395,羕
﻿353,395,386,395,386,431,353,431,意
﻿353,431,386,431,386,467,353,467,体
﻿353,467,386,467,386,503,353,503,欧
﻿353,503,386,503,386,539,353,539,𠬠
﻿353,539,386,539,386,576,353,576,㝵
﻿313,11,346,11,346,47,313,47,垠
﻿313,47,346,47,346,84,313,84,碎
﻿313,84,346,84,346,121,313,121,𨅸
﻿313,121,346,121,346,157,313,157,吏
﻿313,157,346,157,346,194,313,194,𠬠
﻿313,194,346,194,346,231,313,231,边
﻿315,284,349,284,349,320,315,320,󰇏
﻿315,320,349,320,349,357,315,357,𦖻
﻿315,357,349,357,349,394,315,394,耒
﻿315,394,349,394,349,431,315,431,買
﻿315,431,349,431,349,467,315,467,𨀈
﻿315,467,349,467,349,504,315,504,𨖲
﻿315,504,349,504,349,541,315,541,𨕭
﻿315,541,349,541,349,578,315,578,楼
﻿275,12,308,12,308,48,275,48,𦖑
﻿275,48,308,48,308,85,275,85,崔
﻿275,85,308,85,308,121,275,121,󰟹
﻿275,121,308,121,308,158,275,158,駭
﻿275,158,308,158,308,194,275,194,掣
﻿275,194,308,194,308,231,275,231,󰠲
﻿280,284,312,284,312,320,280,320,弹
﻿280,320,312,320,312,357,280,357,󰜏
﻿280,357,312,357,312,394,280,394,羕
﻿280,394,312,394,312,431,280,431,意
﻿280,431,312,431,312,467,280,467,体
﻿280,467,312,467,312,504,280,504,欧
﻿280,504,312,504,312,541,280,541,𠬠
﻿280,541,312,541,312,578,280,578,㝵
﻿243,10,270,10,270,46,243,46,意
﻿243,46,270,46,270,83,243,83,買
﻿243,83,270,83,270,120,243,120,肝
﻿243,120,270,120,270,157,243,157,意
﻿243,157,270,157,270,194,243,194,買
﻿243,194,270,194,270,231,243,231,才
﻿243,284,273,284,273,320,243,320,𢪀
﻿243,320,273,320,273,357,243,357,強
﻿243,357,273,357,273,394,243,394,添
﻿243,394,273,394,273,431,243,431,𢪀
﻿243,431,273,431,273,467,243,467,産
﻿243,467,273,467,273,504,243,504,荄
﻿243,504,273,504,273,541,243,541,用
﻿243,541,273,541,273,578,243,578,移
﻿205,12,236,12,236,48,205,48,㝵
﻿205,48,236,48,236,85,205,85,󰠲
﻿205,85,236,85,236,121,205,121,溇
﻿205,121,236,121,236,158,205,158,色
﻿205,158,236,158,236,194,205,194,渃
﻿205,194,236,194,236,231,205,231,𠁀
﻿204,283,238,283,238,319,204,319,麻
﻿204,319,238,319,238,356,204,356,払
﻿204,356,238,356,238,392,204,392,束
﻿204,392,238,392,238,429,204,429,手
﻿204,429,238,429,238,466,204,466,𦋦
﻿204,466,238,466,238,502,204,502,㝵
﻿204,502,238,502,238,539,204,539,抪
﻿204,539,238,539,238,576,204,576,𢬣
﻿166,10,198,10,198,46,166,46,实
﻿166,46,198,46,198,83,166,83,賍
﻿166,83,198,83,198,119,166,119,扒
﻿166,119,198,119,198,156,166,156,特
﻿166,156,198,156,198,192,166,192,󰟯
﻿166,192,198,192,198,229,166,229,尼
﻿166,284,199,284,199,320,166,320,𧖱
﻿166,320,199,320,199,357,166,357,悭
﻿166,357,199,357,199,393,166,393,埃
﻿166,393,199,393,199,430,166,430,拱
﻿166,430,199,430,199,467,166,467,槔
﻿166,467,199,467,199,503,166,503,眉
﻿166,503,199,503,199,540,166,540,哏
﻿166,540,199,540,199,577,166,577,𬹸
﻿128,11,162,11,162,47,128,47,世
﻿128,47,162,47,162,84,128,84,麻
﻿128,84,162,84,162,120,128,120,㛪
﻿128,120,162,120,162,157,128,157,󰝸
﻿128,157,162,157,162,193,128,193,代
﻿128,193,162,193,162,230,128,230,滕
﻿130,284,162,284,162,320,130,320,朝
﻿130,320,162,320,162,356,130,356,𠶆
﻿130,356,162,356,162,393,130,393,𢝙
﻿130,393,162,393,162,429,130,429,𨤔
﻿130,429,162,429,162,465,130,465,呐
﻿130,465,162,465,162,502,130,502,能
﻿130,502,162,502,162,538,130,538,妙
﻿130,538,162,538,162,575,130,575,楊
﻿95,12,124,12,124,48,95,48,𫺶
﻿95,48,124,48,124,85,95,85,由
﻿95,85,124,85,124,121,95,121,𫥨
﻿95,121,124,121,124,158,95,158,胣
﻿95,158,124,158,124,194,95,194,世
﻿95,194,124,194,124,231,95,231,常
﻿94,283,125,283,125,319,94,319,唭
﻿94,319,125,319,125,355,94,355,𠱋
﻿94,355,125,355,125,392,94,392,買
﻿94,392,125,392,125,428,94,428,实
﻿94,428,125,428,125,464,94,464,坤
﻿94,464,125,464,125,501,94,501,量
﻿94,501,125,501,125,537,94,537,險
﻿94,537,125,537,125,574,94,574,𫐷
﻿58,10,89,10,89,46,58,46,身
﻿58,46,89,46,89,83,58,83,些
﻿58,83,89,83,89,120,58,120,些
﻿58,120,89,120,89,157,58,157,沛
﻿58,157,89,157,89,194,58,194,𢗼
﻿58,194,89,194,89,231,58,231,歐
﻿58,286,89,286,89,322,58,322,𠰘
﻿58,322,89,322,89,358,58,358,𤞻
﻿58,358,89,358,89,394,58,394,毒
﻿58,394,89,394,89,430,58,430,𧋻
﻿58,430,89,430,89,466,58,466,扵
﻿58,466,89,466,89,502,58,502,󰠲
﻿58,502,89,502,89,538,58,538,准
﻿58,538,89,538,89,574,58,574,尼
﻿18,9,52,9,52,46,18,46,󰂇
﻿18,46,52,46,52,83,18,83,庄
﻿18,83,52,83,52,120,18,120,招
﻿18,120,52,120,52,157,18,157,𦑃
﻿18,157,52,157,52,194,18,194,高
﻿18,194,52,194,52,231,18,231,𠖤
﻿19,281,52,281,52,317,19,317,樔
﻿19,317,52,317,52,354,19,354,𣘃
﻿19,354,52,354,52,391,19,391,𥹰
﻿19,391,52,391,52,428,19,428,拱
﻿19,428,52,428,52,464,19,464,固
﻿19,464,52,464,52,501,19,501,𣈜
﻿19,501,52,501,52,538,19,538,披
﻿19,538,52,538,52,575,19,575,花
