381,11,412,11,412,43,381,43,𤾓
﻿381,43,412,43,412,75,381,75,𢆥
﻿381,75,412,75,412,107,381,107,𥪞
﻿381,107,412,107,412,139,381,139,𡎝
﻿381,139,412,139,412,171,381,171,𠊛
﻿381,171,412,171,412,204,381,204,些
﻿385,246,415,246,415,279,385,279,𡨸
﻿385,279,415,279,415,313,385,313,才
﻿385,313,415,313,415,347,385,347,𡨸
﻿385,347,415,347,415,381,385,381,命
﻿385,381,415,381,415,414,385,414,窖
﻿385,414,415,414,415,448,385,448,󰑼
﻿385,448,415,448,415,482,385,482,恄
﻿385,482,415,482,415,516,385,516,饒
﻿347,10,379,10,379,42,347,42,󰠵
﻿347,42,379,42,379,75,347,75,戈
﻿347,75,379,75,379,107,347,107,没
﻿347,107,379,107,379,140,347,140,局
﻿347,140,379,140,379,172,347,172,𣷭
﻿347,172,379,172,379,205,347,205,橷
﻿350,248,384,248,384,281,350,281,仍
﻿350,281,384,281,384,314,350,314,調
﻿350,314,384,314,384,347,350,347,𬖉
﻿350,347,384,347,384,380,350,380,𧡊
﻿350,380,384,380,384,413,350,413,㐌
﻿350,413,384,413,384,446,350,446,𤴬
﻿350,446,384,446,384,479,350,479,疸
﻿350,479,384,479,384,513,350,513,𢚸
﻿316,10,346,10,346,42,316,42,𨔍
﻿316,42,346,42,346,75,316,75,之
﻿316,75,346,75,346,107,316,107,彼
﻿316,107,346,107,346,140,316,140,嗇
﻿316,140,346,140,346,172,316,172,斯
﻿316,172,346,172,346,205,316,205,豊
﻿317,247,349,247,349,280,317,280,𡗶
﻿317,280,349,280,349,314,317,314,撑
﻿317,314,349,314,349,347,317,347,涓
﻿317,347,349,347,349,381,317,381,貝
﻿317,381,349,381,349,414,317,414,𦟐
﻿317,414,349,414,349,448,317,448,紅
﻿317,448,349,448,349,481,317,481,打
﻿317,481,349,481,349,515,317,515,悭
﻿283,10,313,10,313,42,283,42,稿
﻿283,42,313,42,313,74,283,74,𦹳
﻿283,74,313,74,313,106,283,106,吝
﻿283,106,313,106,313,138,283,138,󰇾
﻿283,138,313,138,313,170,283,170,𠓀
﻿283,170,313,170,313,202,283,202,畑
﻿285,246,316,246,316,280,285,280,風
﻿285,280,316,280,316,314,285,314,情
﻿285,314,316,314,316,348,285,348,固
﻿285,348,316,348,316,382,285,382,錄
﻿285,382,316,382,316,416,285,416,群
﻿285,416,316,416,316,450,285,450,傳
﻿285,450,316,450,316,484,285,484,史
﻿285,484,316,484,316,519,285,519,撑
﻿251,13,280,13,280,45,251,45,浪
﻿251,45,280,45,280,77,251,77,𢆥
﻿251,77,280,77,280,110,251,110,嘉
﻿251,110,280,110,280,142,251,142,靖
﻿251,142,280,142,280,174,251,174,朝
﻿251,174,280,174,280,207,251,207,明
﻿251,247,283,247,283,280,251,280,𦊚
﻿251,280,283,280,283,314,251,314,方
﻿251,314,283,314,283,348,251,348,𪹚
﻿251,348,283,348,283,382,251,382,𣼽
﻿251,382,283,382,283,415,251,415,𠄩
﻿251,415,283,415,283,449,251,449,京
﻿251,449,283,449,283,483,251,483,凭
﻿251,483,283,483,283,517,251,517,鐄
﻿220,11,248,11,248,42,220,42,固
﻿220,42,248,42,248,74,220,74,茹
﻿220,74,248,74,248,105,220,105,員
﻿220,105,248,105,248,137,220,137,外
﻿220,137,248,137,248,168,220,168,户
﻿220,168,248,168,248,200,220,200,王
﻿220,246,248,246,248,279,220,279,家
﻿220,279,248,279,248,313,220,313,資
﻿220,313,248,313,248,347,220,347,擬
﻿220,347,248,347,248,381,220,381,拱
﻿220,381,248,381,248,415,220,415,常
﻿220,415,248,415,248,449,220,449,常
﻿220,449,248,449,248,483,220,483,堛
﻿220,483,248,483,248,517,220,517,中
﻿187,11,218,11,218,43,187,43,没
﻿187,43,218,43,218,76,187,76,𤳆
﻿187,76,218,76,218,108,187,108,𡥵
﻿187,108,218,108,218,141,187,141,次
﻿187,141,218,141,218,173,187,173,𣖢
﻿187,173,218,173,218,206,187,206,𢚸
﻿189,249,218,249,218,282,189,282,王
﻿189,282,218,282,218,315,189,315,觀
﻿189,315,218,315,218,349,189,349,󰑼
﻿189,349,218,349,218,382,189,382,𡨸
﻿189,382,218,382,218,415,189,415,綏
﻿189,415,218,415,218,449,189,449,𣳔
﻿189,449,218,449,218,482,189,482,儒
﻿189,482,218,482,218,516,189,516,家
﻿154,12,185,12,185,43,154,43,頭
﻿154,43,185,43,185,75,154,75,𢚸
﻿154,75,185,75,185,107,154,107,𠄩
﻿154,107,185,107,185,139,154,139,妸
﻿154,139,185,139,185,171,154,171,素
﻿154,171,185,171,185,203,154,203,娥
﻿157,245,187,245,187,279,157,279,翠
﻿157,279,187,279,187,313,157,313,翹
﻿157,313,187,313,187,347,157,347,󰑼
﻿157,347,187,347,187,381,157,381,姉
﻿157,381,187,381,187,415,157,415,㛪
﻿157,415,187,415,187,449,157,449,󰑼
﻿157,449,187,449,187,483,157,483,翠
﻿157,483,187,483,187,517,157,517,雲
﻿123,11,153,11,153,43,123,43,枚
﻿123,43,153,43,153,76,123,76,骨
﻿123,76,153,76,153,108,123,108,格
﻿123,108,153,108,153,141,123,141,雪
﻿123,141,153,141,153,173,123,173,精
﻿123,173,153,173,153,206,123,206,神
﻿126,249,154,249,154,281,126,281,没
﻿126,281,154,281,154,314,126,314,𠊛
﻿126,314,154,314,154,346,126,346,没
﻿126,346,154,346,154,379,126,379,𨤔
﻿126,379,154,379,154,411,126,411,𨑮
﻿126,411,154,411,154,444,126,444,分
﻿126,444,154,444,154,476,126,476,院
﻿126,476,154,476,154,509,126,509,𨑮
﻿90,12,121,12,121,44,90,44,雲
﻿90,44,121,44,121,77,90,77,󰏙
﻿90,77,121,77,121,109,90,109,莊
﻿90,109,121,109,121,142,90,142,重
﻿90,142,121,142,121,174,90,174,恪
﻿90,174,121,174,121,207,90,207,潙
﻿94,246,124,246,124,280,94,280,囷
﻿94,280,124,280,124,314,94,314,𦝄
﻿94,314,124,314,124,348,94,348,苔
﻿94,348,124,348,124,382,94,382,惮
﻿94,382,124,382,124,416,94,416,󰞺
﻿94,416,124,416,124,450,94,450,𧍋
﻿94,450,124,450,124,484,94,484,𦬑
﻿94,484,124,484,124,518,94,518,囊
﻿58,12,88,12,88,44,58,44,花
﻿58,44,88,44,88,76,58,76,唭
﻿58,76,88,76,88,108,58,108,玉
﻿58,108,88,108,88,140,58,140,説
﻿58,140,88,140,88,172,58,172,端
﻿58,172,88,172,88,204,58,204,莊
﻿58,247,93,247,93,280,58,280,𩄲
﻿58,280,93,280,93,313,58,313,輸
﻿58,313,93,313,93,346,58,346,渃
﻿58,346,93,346,93,380,58,380,𩯀
﻿58,380,93,380,93,413,58,413,雪
﻿58,413,93,413,93,446,58,446,讓
﻿58,446,93,446,93,479,58,479,牟
﻿58,479,93,479,93,513,58,513,䏧
﻿27,10,57,10,57,42,27,42,翹
﻿27,42,57,42,57,75,27,75,強
﻿27,75,57,75,57,108,27,108,色
﻿27,108,57,108,57,141,27,141,稍
﻿27,141,57,141,57,174,27,174,漫
﻿27,174,57,174,57,207,27,207,𣻕
﻿28,245,57,245,57,278,28,278,搊
﻿28,278,57,278,57,312,28,312,皮
﻿28,312,57,312,57,346,28,346,才
﻿28,346,57,346,57,380,28,380,色
﻿28,380,57,380,57,413,28,413,吏
﻿28,413,57,413,57,447,28,447,󰑼
﻿28,447,57,447,57,481,28,481,分
﻿28,481,57,481,57,515,28,515,欣
