330,15,361,15,361,50,330,50,另
﻿330,50,361,50,361,85,330,85,車
﻿330,85,361,85,361,120,330,120,畧
﻿330,120,361,120,361,155,330,155,料
﻿330,155,361,155,361,190,330,190,尋
﻿330,190,361,190,361,225,330,225,塘
﻿332,280,365,280,365,315,332,315,𡎥
﻿332,315,365,315,365,350,332,350,除
﻿332,350,365,350,365,385,332,385,渃
﻿332,385,365,385,365,421,332,421,旦
﻿332,421,365,421,365,456,332,456,𢧚
﻿332,456,365,456,365,491,332,491,󰟯
﻿332,491,365,491,365,526,332,526,群
﻿332,526,365,526,365,562,332,562,圭
﻿293,15,324,15,324,50,293,50,固
﻿293,50,324,50,324,85,293,85,茹
﻿293,85,324,85,324,120,293,120,媒
﻿293,120,324,120,324,155,293,155,泊
﻿293,155,324,155,324,190,293,190,边
﻿293,190,324,190,324,226,293,226,箕
﻿297,281,328,281,328,316,297,316,庵
﻿297,316,328,316,328,351,297,351,𩄲
﻿297,351,328,351,328,387,297,387,涓
﻿297,387,328,387,328,422,297,422,磊
﻿297,422,328,422,328,457,297,457,𠫾
﻿297,457,328,457,328,493,297,493,󰡲
﻿297,493,328,493,328,528,297,528,油
﻿297,528,328,528,328,564,297,564,香
﻿258,15,287,15,287,50,258,50,𠴍
﻿258,50,287,50,287,85,258,85,郎
﻿258,85,287,85,287,120,258,120,吲
﻿258,120,287,120,287,155,258,155,喝
﻿258,155,287,155,287,190,258,190,每
﻿258,190,287,190,287,225,258,225,塘
﻿259,279,291,279,291,314,259,314,扽
﻿259,314,291,314,291,350,259,350,茹
﻿259,350,291,350,291,385,259,385,唉
﻿259,385,291,385,291,421,259,421,暫
﻿259,421,291,421,291,456,259,456,朱
﻿259,456,291,456,291,492,259,492,娘
﻿259,492,291,492,291,527,259,527,翥
﻿259,527,291,527,291,563,259,563,真
﻿221,14,252,14,252,49,221,49,仍
﻿221,49,252,49,252,84,221,84,𢜠
﻿221,84,252,84,252,119,221,119,特
﻿221,119,252,119,252,154,221,154,准
﻿221,154,252,154,252,189,221,189,安
﻿221,189,252,189,252,225,221,225,身
﻿225,278,257,278,257,313,225,313,倍
﻿225,313,257,313,257,349,225,349,傍
﻿225,349,257,349,257,385,225,385,芇
﻿225,385,257,385,257,421,225,421,及
﻿225,421,257,421,257,456,225,456,併
﻿225,456,257,456,257,492,225,492,𧵆
﻿225,492,257,492,257,528,225,528,併
﻿225,528,257,528,257,564,225,564,賒
﻿188,13,217,13,217,48,188,48,芇
﻿188,48,217,48,217,83,188,83,𪟽
﻿188,83,217,83,217,118,188,118,共
﻿188,118,217,118,217,153,188,153,祖
﻿188,153,217,153,217,188,188,188,姂
﻿188,188,217,188,217,224,188,224,𫅷
﻿191,278,222,278,222,313,191,313,泊
﻿191,313,222,313,222,348,191,348,󰜏
﻿191,348,222,348,222,384,191,384,𭓇
﻿191,384,222,384,222,419,191,419,貝
﻿191,419,222,419,222,454,191,454,秀
﻿191,454,222,454,222,490,191,490,󰜏
﻿191,490,222,490,222,525,191,525,同
﻿191,525,222,525,222,561,191,561,門
﻿151,12,182,12,182,46,151,46,体
﻿151,46,182,46,182,81,151,81,娘
﻿151,81,182,81,182,115,151,115,𤁕
﻿151,115,182,115,182,150,151,150,粉
﻿151,150,182,150,182,184,151,184,󰕔
﻿151,184,182,184,182,219,151,219,𣘈
﻿153,278,185,278,185,313,153,313,𢜠
﻿153,313,185,313,185,349,153,349,󰠐
﻿153,349,185,349,185,384,153,384,特
﻿153,384,185,384,185,420,153,420,󰡭
﻿153,420,185,420,185,455,153,455,半
﻿153,455,185,455,185,491,153,491,奔
﻿153,491,185,491,185,526,153,526,固
﻿153,526,185,526,185,562,153,562,唎
﻿116,11,147,11,147,45,116,45,虚
﻿116,45,147,45,147,80,116,80,空
﻿116,80,147,80,147,114,116,114,達
﻿116,114,147,114,147,149,116,149,補
﻿116,149,147,149,147,183,116,183,𢧚
﻿116,183,147,183,147,218,116,218,𠳒
﻿118,278,149,278,149,313,118,313,娘
﻿118,313,149,313,149,349,118,349,它
﻿118,349,149,349,149,384,118,384,𢀲
﻿118,384,149,384,149,420,118,420,󰡨
﻿118,420,149,420,149,456,118,456,用
﻿118,456,149,456,149,491,118,491,涞
﻿118,491,149,491,149,527,118,527,𡗋
﻿118,527,149,527,149,563,118,563,番
﻿82,12,111,12,111,46,82,46,媒
﻿82,46,111,46,111,81,82,81,強
﻿82,81,111,81,111,116,82,116,吹
﻿82,116,111,116,111,150,82,150,𠲝
﻿82,150,111,150,111,185,82,185,朱
﻿82,185,111,185,111,220,82,220,連
﻿82,276,112,276,112,311,82,311,𥙩
﻿82,311,112,311,112,346,82,346,𠳒
﻿82,346,112,346,112,382,82,382,凶
﻿82,382,112,382,112,417,82,417,險
﻿82,417,112,417,112,452,82,452,押
﻿82,452,112,452,112,488,82,488,緣
﻿82,488,112,488,112,523,82,523,朱
﻿82,523,112,523,112,559,82,559,陳
﻿43,14,75,14,75,48,43,48,浪
﻿43,48,75,48,75,83,43,83,娘
﻿43,83,75,83,75,117,43,117,𬮙
﻿43,117,75,117,75,152,43,152,淡
﻿43,152,75,152,75,186,43,186,𠬠
﻿43,186,75,186,75,221,43,221,身
﻿45,276,76,276,76,311,45,311,吏
﻿45,311,76,311,76,346,45,346,恾
﻿45,346,76,346,76,381,45,381,仍
﻿45,381,76,381,76,416,45,416,㗂
﻿45,416,76,416,76,451,45,451,与
﻿45,451,76,451,76,486,45,486,賒
﻿45,486,76,486,76,521,45,521,𫅜
﻿45,521,76,521,76,556,45,556,賒
﻿8,10,39,10,39,44,8,44,害
﻿8,44,39,44,39,79,8,79,寃
﻿8,79,39,79,39,113,8,113,家
﻿8,113,39,113,39,148,8,148,𧵑
﻿8,148,39,148,39,182,8,182,破
﻿8,182,39,182,39,217,8,217,家
﻿8,276,40,276,40,311,8,311,群
﻿8,311,40,311,40,346,8,346,埃
﻿8,346,40,346,40,381,8,381,敢
﻿8,381,40,381,40,416,8,416,貯
﻿8,416,40,416,40,451,8,451,𠓨
﻿8,451,40,451,40,486,8,486,茹
﻿8,486,40,486,40,521,8,521,女
﻿8,521,40,521,40,557,8,557,低
