380,6,409,6,409,37,380,37,󰘇
﻿380,37,409,37,409,69,380,69,柴
﻿380,69,409,69,409,101,380,101,皮
﻿380,101,409,101,409,133,380,133,吘
﻿380,133,409,133,409,165,380,165,杄
﻿380,165,409,165,409,197,380,197,花
﻿386,240,418,240,418,273,386,273,家
﻿386,273,418,273,418,306,386,306,童
﻿386,306,418,306,418,340,386,340,𠓨
﻿386,340,418,340,418,373,386,373,𠳚
﻿386,373,418,373,418,406,386,406,書
﻿386,406,418,406,418,440,386,440,茹
﻿386,440,418,440,418,473,386,473,買
﻿386,473,418,473,418,507,386,507,𢀨
﻿347,10,377,10,377,41,347,41,󰝂
﻿347,41,377,41,377,72,347,72,信
﻿347,72,377,72,377,103,347,103,叔
﻿347,103,377,103,377,134,347,134,父
﻿347,134,377,134,377,165,347,165,辤
﻿347,165,377,165,377,197,347,197,堂
﻿352,244,385,244,385,276,352,276,巴
﻿352,276,385,276,385,309,352,309,爲
﻿352,309,385,309,385,342,352,342,旅
﻿352,342,385,342,385,375,352,375,󰊽
﻿352,375,385,375,385,408,352,408,他
﻿352,408,385,408,385,441,352,441,鄕
﻿352,441,385,441,385,474,352,474,提
﻿352,474,385,474,385,507,352,507,攜
﻿313,6,343,6,343,38,313,38,遼
﻿313,38,343,38,343,71,313,71,陽
﻿313,71,343,71,343,103,313,103,膈
﻿313,103,343,103,343,136,313,136,阻
﻿313,136,343,136,343,168,313,168,山
﻿313,168,343,168,343,201,313,201,溪
﻿319,240,350,240,350,273,319,273,椿
﻿319,273,350,273,350,306,319,306,堂
﻿319,306,350,306,350,340,319,340,急
﻿319,340,350,340,350,373,319,373,噲
﻿319,373,350,373,350,406,319,406,生
﻿319,406,350,406,350,440,319,440,𧗱
﻿319,440,350,440,350,473,319,473,𧦈
﻿319,473,350,473,350,507,319,507,䘮
﻿280,11,312,11,312,42,280,42,𠻵
﻿280,42,312,42,312,74,280,74,信
﻿280,74,312,74,312,105,280,105,掣
﻿280,105,312,105,312,137,280,137,浽
﻿280,137,312,137,312,168,280,168,驚
﻿280,168,312,168,312,200,280,200,惶
﻿284,244,317,244,317,277,284,277,冰
﻿284,277,317,277,317,310,284,310,命
﻿284,310,317,310,317,343,284,343,輦
﻿284,343,317,343,317,376,284,376,𠓀
﻿284,376,317,376,317,409,284,409,薹
﻿284,409,317,409,317,442,284,442,粧
﻿284,442,317,442,317,475,284,475,叙
﻿284,475,317,475,317,508,284,508,情
﻿248,9,279,9,279,41,248,41,𨃴
﻿248,41,279,41,279,73,248,73,頭
﻿248,73,279,73,279,105,248,105,每
﻿248,105,279,105,279,137,248,137,浽
﻿248,137,279,137,279,169,248,169,丁
﻿248,169,279,169,279,202,248,202,寧
﻿252,246,283,246,283,278,252,278,浽
﻿252,278,283,278,283,311,252,311,茹
﻿252,311,283,311,283,344,252,344,䘮
﻿252,344,283,344,283,377,252,377,𩯀
﻿252,377,283,377,283,409,252,409,浽
﻿252,409,283,409,283,442,252,442,命
﻿252,442,283,442,283,475,252,475,賒
﻿252,475,283,475,283,508,252,508,吹
﻿217,10,247,10,247,41,217,41,事
﻿217,41,247,41,247,72,217,72,兜
﻿217,72,247,72,247,104,217,104,渚
﻿217,104,247,104,247,135,217,135,急
﻿217,135,247,135,247,166,217,166,堆
﻿217,166,247,166,247,198,217,198,囬
﻿218,243,250,243,250,276,218,276,綠
﻿218,276,250,276,250,309,218,309,兜
﻿218,309,250,309,250,342,218,342,渚
﻿218,342,250,342,250,375,218,375,急
﻿218,375,250,375,250,408,218,408,󰜋
﻿218,408,250,408,250,441,218,441,𠳒
﻿218,441,250,441,250,474,218,474,𢭂
﻿218,474,250,474,250,508,218,508,絲
﻿183,7,215,7,215,39,183,39,𦝄
﻿183,39,215,39,215,72,183,72,誓
﻿183,72,215,72,215,105,183,105,群
﻿183,105,215,105,215,137,183,137,妬
﻿183,137,215,137,215,170,183,170,猪
﻿183,170,215,170,215,203,183,203,猪
﻿185,245,217,245,217,277,185,277,敢
﻿185,277,217,277,217,310,185,310,賒
﻿185,310,217,310,217,342,185,342,吹
﻿185,342,217,342,217,375,185,375,𩈘
﻿185,375,217,375,217,408,185,408,麻
﻿185,408,217,408,217,440,185,440,䜹
﻿185,440,217,440,217,473,185,473,橽
﻿185,473,217,473,217,506,185,506,𢚸
﻿153,11,182,11,182,42,153,42,外
﻿153,42,182,42,182,73,153,73,𠦳
﻿153,73,182,73,182,104,153,104,𨤮
﻿153,104,182,104,182,135,153,135,祝
﻿153,135,182,135,182,166,153,166,𠀧
﻿153,166,182,166,182,198,153,198,冬
﻿155,246,183,246,183,278,155,278,䋦
﻿155,278,183,278,183,311,155,311,愁
﻿155,311,183,311,183,343,155,343,欺
﻿155,343,183,343,183,376,155,376,𫽻
﻿155,376,183,376,183,408,155,408,朱
﻿155,408,183,408,183,441,155,441,衝
﻿155,441,183,441,183,473,155,473,群
﻿155,473,183,473,183,506,155,506,迡
﻿121,12,151,12,151,44,121,44,廛
﻿121,44,151,44,151,76,121,76,鐄
﻿121,76,151,76,151,108,121,108,𡨹
﻿121,108,151,108,151,140,121,140,玉
﻿121,140,151,140,151,172,121,172,朱
﻿121,172,151,172,151,204,121,204,𫨩
﻿120,246,153,246,153,278,120,278,朱
﻿120,278,153,278,153,311,120,311,停
﻿120,311,153,311,153,343,120,343,𢚸
﻿120,343,153,343,153,376,120,376,几
﻿120,376,153,376,153,408,120,408,蹎
﻿120,408,153,408,153,441,120,441,𩄲
﻿120,441,153,441,153,473,120,473,𨤔
﻿120,473,153,473,153,506,120,506,𡗶
﻿87,14,120,14,120,45,87,45,𦖻
﻿87,45,120,45,120,77,87,77,𦖑
﻿87,77,120,77,120,109,87,109,𫆧
﻿87,109,120,109,120,141,87,141,浽
﻿87,141,120,141,120,173,87,173,排
﻿87,173,120,173,120,205,87,205,排
﻿88,247,119,247,119,279,88,279,忍
﻿88,279,119,279,119,312,88,312,如
﻿88,312,119,312,119,344,88,344,娘
﻿88,344,119,344,119,377,88,377,買
﻿88,377,119,377,119,410,88,410,𤋵
﻿88,410,119,410,119,442,88,442,𠳒
﻿88,442,119,442,119,475,88,475,𠓀
﻿88,475,119,475,119,508,88,508,𡢐
﻿55,11,86,11,86,43,55,43,翁
﻿55,43,86,43,86,75,55,75,絲
﻿55,75,86,75,86,108,55,108,恄
﻿55,108,86,108,86,140,55,140,補
﻿55,140,86,140,86,172,55,172,之
﻿55,172,86,172,86,205,55,205,饒
﻿55,246,87,246,87,279,55,279,渚
﻿55,279,87,279,87,312,55,312,𢝙
﻿55,312,87,312,87,345,55,345,森
﻿55,345,87,345,87,378,55,378,合
﻿55,378,87,378,87,411,55,411,㐌
﻿55,411,87,411,87,444,55,444,愁
﻿55,444,87,444,87,477,55,477,坡
﻿55,477,87,477,87,510,55,510,配
﻿20,13,53,13,53,45,20,45,共
﻿20,45,53,45,53,77,20,77,饒
﻿20,77,53,77,53,109,20,109,卒
﻿20,109,53,109,53,141,20,141,㐌
﻿20,141,53,141,53,173,20,173,𥘀
﻿20,173,53,173,53,205,20,205,𠳒
﻿18,246,54,246,54,278,18,278,酉
﻿18,278,54,278,54,311,18,311,台
﻿18,311,54,311,54,343,18,343,𠃅
﻿18,343,54,343,54,376,18,376,𩯀
﻿18,376,54,376,54,409,18,409,敢
﻿18,409,54,409,54,441,18,441,移
﻿18,441,54,441,54,474,18,474,𢚸
﻿18,474,54,474,54,507,18,507,絲
