381,11,413,11,413,43,381,43,急
﻿381,43,413,43,413,75,381,75,傳
﻿381,75,413,75,413,108,381,108,諸
﻿381,108,413,108,413,140,381,140,將
﻿381,140,413,140,413,172,381,172,献
﻿381,172,413,172,413,205,381,205,俘
﻿384,239,416,239,416,271,384,271,吏
﻿384,271,416,271,416,304,384,304,󰝡
﻿384,304,416,304,416,337,384,337,各
﻿384,337,416,337,416,370,384,370,跡
﻿384,370,416,370,416,403,384,403,犯
﻿384,403,416,403,416,436,384,436,徒
﻿384,436,416,436,416,469,384,469,侯
﻿384,469,416,469,416,502,384,502,查
﻿346,9,379,9,379,42,346,42,𠁑
﻿346,42,379,42,379,75,346,75,旗
﻿346,75,379,75,379,108,346,108,鎌
﻿346,108,379,108,379,141,346,141,捽
﻿346,141,379,141,379,174,346,174,匣
﻿346,174,379,174,379,207,346,207,𦋦
﻿352,240,382,240,382,273,352,273,正
﻿352,273,382,273,382,306,352,306,名
﻿352,306,382,306,382,340,352,340,首
﻿352,340,382,340,382,373,352,373,犯
﻿352,373,382,373,382,406,352,406,𠸜
﻿352,406,382,406,382,440,352,440,󰑼
﻿352,440,382,440,382,473,352,473,宦
﻿352,473,382,473,382,507,352,507,姐
﻿316,8,345,8,345,40,316,40,脱
﻿316,40,345,40,345,73,316,73,𬂙
﻿316,73,345,73,345,106,316,106,娘
﻿316,106,345,106,345,139,316,139,㐌
﻿316,139,345,139,345,172,316,172,嘲
﻿316,172,345,172,345,205,316,205,䜹
﻿318,240,349,240,349,273,318,273,小
﻿318,273,349,273,349,306,318,306,姐
﻿318,306,349,306,349,339,318,339,拱
﻿318,339,349,339,349,373,318,373,固
﻿318,373,349,373,349,406,318,406,碑
﻿318,406,349,406,349,439,318,439,𣇞
﻿318,439,349,439,349,472,318,472,旦
﻿318,472,349,472,349,506,318,506,尼
﻿284,8,313,8,313,41,284,41,弹
﻿284,41,313,41,313,74,284,74,󰜏
﻿284,74,313,74,313,108,284,108,易
﻿284,108,313,108,313,141,284,141,固
﻿284,141,313,141,313,174,284,174,󰋇
﻿284,174,313,174,313,208,284,208,𢬣
﻿284,237,315,237,315,271,284,271,𠁀
﻿284,271,315,271,315,305,284,305,初
﻿284,305,315,305,315,339,284,339,󰋇
﻿284,339,315,339,315,373,284,373,󰘚
﻿284,373,315,373,315,407,284,407,𠁀
﻿284,407,315,407,315,441,284,441,尼
﻿284,441,315,441,315,475,284,475,󰋇
﻿284,475,315,475,315,509,284,509,肝
﻿250,13,281,13,281,45,250,45,易
﻿250,45,281,45,281,78,250,78,揚
﻿250,78,281,78,281,111,250,111,󰑼
﻿250,111,281,111,281,143,250,143,𫗁
﻿250,143,281,143,281,176,250,176,紅
﻿250,176,281,176,281,209,250,209,顔
﻿254,241,282,241,282,274,254,274,彊
﻿254,274,282,274,282,308,254,308,荄
﻿254,308,282,308,282,342,254,342,󰠘
﻿254,342,282,342,282,376,254,376,𡗋
﻿254,376,282,376,282,410,254,410,彊
﻿254,410,282,410,282,444,254,444,寃
﻿254,444,282,444,282,478,254,478,債
﻿254,478,282,478,282,512,254,512,𡗉
﻿220,12,248,12,248,44,220,44,宦
﻿220,44,248,44,248,77,220,77,姐
﻿220,77,248,77,248,109,220,109,魂
﻿220,109,248,109,248,142,220,142,落
﻿220,142,248,142,248,174,220,174,魄
﻿220,174,248,174,248,207,220,207,漂
﻿223,244,253,244,253,277,223,277,叩
﻿223,277,253,277,253,311,223,311,頭
﻿223,311,253,311,253,344,223,344,𠁑
﻿223,344,253,344,253,378,223,378,帳
﻿223,378,253,378,253,411,223,411,󰇾
﻿223,411,253,411,253,445,223,445,調
﻿223,445,253,445,253,478,223,478,呌
﻿223,478,253,478,253,512,223,512,𰙔
﻿189,12,218,12,218,44,189,44,浪
﻿189,44,218,44,218,77,189,77,碎
﻿189,77,218,77,218,110,189,110,拙
﻿189,110,218,110,218,142,189,142,胣
﻿189,142,218,142,218,175,189,175,弹
﻿189,175,218,175,218,208,189,208,󰜏
﻿191,240,222,240,222,273,191,273,悭
﻿191,273,222,273,222,307,191,307,𡀢
﻿191,307,222,307,222,341,191,341,時
﻿191,341,222,341,222,375,191,375,拱
﻿191,375,222,375,222,408,191,408,𠊛
﻿191,408,222,408,222,442,191,442,些
﻿191,442,222,442,222,476,191,476,常
﻿191,476,222,476,222,510,191,510,情
﻿155,11,187,11,187,43,155,43,𢪀
﻿155,43,187,43,187,75,155,75,朱
﻿155,75,187,75,187,107,155,107,欺
﻿155,107,187,107,187,139,155,139,閣
﻿155,139,187,139,187,171,155,171,曰
﻿155,171,187,171,187,204,155,204,經
﻿159,241,190,241,190,274,159,274,貝
﻿159,274,190,274,190,308,159,308,欺
﻿159,308,190,308,190,341,159,341,塊
﻿159,341,190,341,190,375,159,375,𬮌
﻿159,375,190,375,190,409,159,409,𢴑
﻿159,409,190,409,190,442,159,442,情
﻿159,442,190,442,190,476,159,476,𫽄
﻿159,476,190,476,190,510,159,510,蹺
﻿124,8,153,8,153,41,124,41,𢚸
﻿124,41,153,41,153,74,124,74,貞
﻿124,74,153,74,153,107,124,107,貞
﻿124,107,153,107,153,140,124,140,拱
﻿124,140,153,140,153,173,124,173,敬
﻿124,173,153,173,153,207,124,207,腰
﻿124,237,158,237,158,271,124,271,𫯳
﻿124,271,158,271,158,305,124,305,終
﻿124,305,158,305,158,339,124,339,渚
﻿124,339,158,339,158,373,124,373,易
﻿124,373,158,373,158,407,124,407,埃
﻿124,407,158,407,158,441,124,441,朝
﻿124,441,158,441,158,475,124,475,朱
﻿124,475,158,475,158,509,124,509,埃
﻿91,7,122,7,122,40,91,40,律
﻿91,40,122,40,122,73,91,73,𢚸
﻿91,73,122,73,122,106,91,106,𨠳
﻿91,106,122,106,122,139,91,139,役
﻿91,139,122,139,122,172,91,172,柊
﻿91,172,122,172,122,206,91,206,𣘃
﻿93,241,123,241,123,274,93,274,群
﻿93,274,123,274,123,307,93,307,𢘾
﻿93,307,123,307,123,341,93,341,量
﻿93,341,123,341,123,374,93,374,𣷭
﻿93,374,123,374,123,407,93,407,傷
﻿93,407,123,407,123,441,93,441,排
﻿93,441,123,441,123,474,93,474,芇
﻿93,474,123,474,123,508,93,508,庄
﻿61,15,89,15,89,46,61,46,𠸦
﻿61,46,89,46,89,78,61,78,朱
﻿61,78,89,78,89,110,61,110,寔
﻿61,110,89,110,89,142,61,142,㐌
﻿61,142,89,142,89,174,61,174,𢧚
﻿61,174,89,174,89,206,61,206,浪
﻿60,239,92,239,92,272,60,272,坤
﻿60,272,92,272,92,305,60,305,頑
﻿60,305,92,305,92,339,60,339,旦
﻿60,339,92,339,92,372,60,372,默
﻿60,372,92,372,92,405,60,405,呐
﻿60,405,92,405,92,439,60,439,能
﻿60,439,92,439,92,472,60,472,沛
﻿60,472,92,472,92,506,60,506,𠳒
﻿28,11,60,11,60,43,28,43,他
﻿28,43,60,43,60,76,28,76,𦋦
﻿28,76,60,76,60,109,28,109,時
﻿28,109,60,109,60,142,28,142,拱
﻿28,142,60,142,60,175,28,175,埋
﻿28,175,60,175,60,208,28,208,𠁀
﻿31,241,59,241,59,274,31,274,爫
﻿31,274,59,274,59,308,31,308,𦋦
﻿31,308,59,308,59,341,31,341,時
﻿31,341,59,341,59,375,31,375,拱
﻿31,375,59,375,59,408,31,408,𦋦
﻿31,408,59,408,59,442,31,442,𠊛
﻿31,442,59,442,59,475,31,475,𡮈
﻿31,475,59,475,59,509,31,509,然
