343,10,377,10,377,46,343,46,打
﻿343,46,377,46,377,82,343,82,料
﻿343,82,377,82,377,119,343,119,𠴍
﻿343,119,377,119,377,155,343,155,𠬠
﻿343,155,377,155,377,191,343,191,𠄩
﻿343,191,377,191,377,228,343,228,𠳒
﻿341,286,375,286,375,321,341,321,洳
﻿341,321,375,321,375,357,341,357,𢬣
﻿341,357,375,357,375,392,341,392,济
﻿341,392,375,392,375,428,341,428,度
﻿341,428,375,428,375,464,341,464,𣾼
﻿341,464,375,464,375,499,341,499,㝵
﻿341,499,375,499,375,535,341,535,沉
﻿341,535,375,535,375,571,341,571,淪
﻿302,12,335,12,335,48,302,48,𰮳
﻿302,48,335,48,335,84,302,84,箋
﻿302,84,335,84,335,120,302,120,計
﻿302,120,335,120,335,156,302,156,歇
﻿302,156,335,156,335,192,302,192,賒
﻿302,192,335,192,335,229,302,229,𧵆
﻿304,285,337,285,337,320,304,320,浽
﻿304,320,337,320,337,356,304,356,茹
﻿304,356,337,356,337,392,304,392,报
﻿304,392,337,392,337,428,304,428,答
﻿304,428,337,428,337,463,304,463,浽
﻿304,463,337,463,337,499,304,499,身
﻿304,499,337,499,337,535,304,535,落
﻿304,535,337,535,337,571,304,571,𩑛
﻿265,10,298,10,298,46,265,46,歆
﻿265,46,298,46,298,83,265,83,刀
﻿265,83,298,83,298,119,265,119,皮
﻿265,119,298,119,298,156,265,156,𤎜
﻿265,156,298,156,298,192,265,192,𣈜
﻿265,192,298,192,298,229,265,229,梅
﻿267,286,300,286,300,321,267,321,便
﻿267,321,300,321,300,357,267,357,鴻
﻿267,357,300,357,300,393,267,393,娘
﻿267,393,300,393,300,429,267,429,買
﻿267,429,300,429,300,464,267,464,𠴍
﻿267,464,300,464,300,500,267,500,𠳒
﻿267,500,300,500,300,536,267,536,𠳚
﻿267,536,300,536,300,572,267,572,郎
﻿228,14,261,14,261,49,228,49,𡗶
﻿228,49,261,49,261,85,228,85,西
﻿228,85,261,85,261,120,228,120,朗
﻿228,120,261,120,261,156,228,156,蕩
﻿228,156,261,156,261,191,228,191,䏾
﻿228,191,261,191,261,227,228,227,鐄
﻿230,285,262,285,262,321,230,321,復
﻿230,321,262,321,262,357,230,357,書
﻿230,357,262,357,262,393,230,393,㐌
﻿230,393,262,393,262,429,230,429,体
﻿230,429,262,429,262,465,230,465,信
﻿230,465,262,465,262,501,230,501,払
﻿230,501,262,501,262,537,230,537,旦
﻿230,537,262,537,262,573,230,573,尼
﻿194,9,224,9,224,45,194,45,𨷑
﻿194,45,224,45,224,81,194,81,𫀅
﻿194,81,224,81,224,117,194,117,蔑
﻿194,117,224,117,224,153,194,153,幅
﻿194,153,224,153,224,189,194,189,箋
﻿194,189,224,189,224,225,194,225,枚
﻿197,284,226,284,226,320,197,320,伶
﻿197,320,226,320,226,356,197,356,伶
﻿197,356,226,356,226,392,197,392,昔
﻿197,392,226,392,226,429,197,429,越
﻿197,429,226,429,226,465,197,465,󰡏
﻿197,465,226,465,226,501,197,501,𠄩
﻿197,501,226,501,226,537,197,537,𡦂
﻿197,537,226,537,226,574,197,574,題
﻿158,11,189,11,189,46,158,46,𥙩
﻿158,46,189,46,189,82,158,82,𥪝
﻿158,82,189,82,189,118,158,118,意
﻿158,118,189,118,189,154,158,154,思
﻿158,154,189,154,189,190,158,190,麻
﻿158,190,189,190,189,226,158,226,推
﻿161,285,189,285,189,320,161,320,𣈜
﻿161,320,189,320,189,355,161,355,𠄩
﻿161,355,189,355,189,390,161,390,𨑮
﻿161,390,189,390,189,426,161,426,𠬠
﻿161,426,189,426,189,461,161,461,戌
﻿161,461,189,461,189,496,161,496,時
﻿161,496,189,496,189,531,161,531,沛
﻿161,531,189,531,189,567,161,567,庄
﻿121,10,151,10,151,46,121,46,𪀄
﻿121,46,151,46,151,82,121,82,歆
﻿121,82,151,82,151,118,121,118,催
﻿121,118,151,118,151,154,121,154,脱
﻿121,154,151,154,151,190,121,190,󰡲
﻿121,190,151,190,151,226,121,226,棱
﻿120,285,151,285,151,320,120,320,架
﻿120,320,151,320,151,356,120,356,茶
﻿120,356,151,356,151,392,120,392,縻
﻿120,392,151,392,151,428,120,428,㐌
﻿120,428,151,428,151,464,120,464,唅
﻿120,464,151,464,151,500,120,500,𦝄
﻿120,500,151,500,151,536,120,536,姅
﻿120,536,151,536,151,572,120,572,萌
﻿84,7,116,7,116,43,84,43,墻
﻿84,43,116,43,116,80,84,80,東
﻿84,80,116,80,116,116,84,116,𢯦
﻿84,116,116,116,116,153,84,153,動
﻿84,153,116,153,116,189,84,189,䏾
﻿84,189,116,189,116,226,84,226,梗
﻿83,283,117,283,117,318,83,318,𢩽
﻿83,318,117,318,117,354,83,354,窻
﻿83,354,117,354,117,390,83,390,吔
﻿83,390,117,390,117,426,83,426,体
﻿83,426,117,426,117,461,83,461,楚
﻿83,461,117,461,117,497,83,497,卿
﻿83,497,117,497,117,533,83,533,蹥
﻿83,533,117,533,117,569,83,569,𠓨
﻿48,10,80,10,80,45,48,45,尙
﻿48,45,80,45,80,81,48,81,崇
﻿48,81,80,81,80,117,48,117,打
﻿48,117,80,117,80,153,48,153,惮
﻿48,153,80,153,80,189,48,189,𦋦
﻿48,189,80,189,80,225,48,225,嘲
﻿46,284,79,284,79,319,46,319,段
﻿46,319,79,319,79,355,46,355,催
﻿46,355,79,355,79,390,46,390,娘
﻿46,390,79,390,79,426,46,426,買
﻿46,426,79,426,79,462,46,462,𠯇
﻿46,462,79,462,79,497,46,497,𢭂
﻿46,497,79,497,79,533,46,533,慇
﻿46,533,79,533,79,569,46,569,懃
﻿8,10,40,10,40,45,8,45,浪
﻿8,45,40,45,40,81,8,81,碎
﻿8,81,40,81,40,116,8,116,䕯
﻿8,116,40,116,40,152,8,152,渃
﻿8,152,40,152,40,187,8,187,㤕
﻿8,187,40,187,40,223,8,223,身
﻿10,282,41,282,41,318,10,318,落
﻿10,318,41,318,41,354,10,354,塘
﻿10,354,41,354,41,390,10,390,恾
﻿10,390,41,390,41,426,10,426,𥙩
﻿10,426,41,426,41,462,10,462,女
﻿10,462,41,462,41,498,10,498,𮥷
﻿10,498,41,498,41,534,10,534,燕
﻿10,534,41,534,41,571,10,571,莺
