356,9,390,9,390,44,356,44,𤾓
﻿356,44,390,44,390,80,356,80,𢆥
﻿356,80,390,80,390,116,356,116,𥪝
﻿356,116,390,116,390,152,356,152,𡎝
﻿356,152,390,152,390,188,356,188,𠊛
﻿356,188,390,188,390,224,356,224,些
﻿356,282,386,282,386,318,356,318,𡦂
﻿356,318,386,318,386,354,356,354,才
﻿356,354,386,354,386,390,356,390,𡦂
﻿356,390,386,390,386,426,356,426,色
﻿356,426,386,426,386,462,356,462,窖
﻿356,462,386,462,386,498,356,498,󰑼
﻿356,498,386,498,386,534,356,534,󰡒
﻿356,534,386,534,386,570,356,570,僥
﻿318,8,350,8,350,44,318,44,󰠵
﻿318,44,350,44,350,80,318,80,戈
﻿318,80,350,80,350,116,318,116,蔑
﻿318,116,350,116,350,152,318,152,局
﻿318,152,350,152,350,188,318,188,波
﻿318,188,350,188,350,224,318,224,橷
﻿316,282,349,282,349,318,316,318,仍
﻿316,318,349,318,349,354,316,354,調
﻿316,354,349,354,349,390,316,390,𬂙
﻿316,390,349,390,349,426,316,426,𧡊
﻿316,426,349,426,349,462,316,462,㐌
﻿316,462,349,462,349,498,316,498,𤴬
﻿316,498,349,498,349,534,316,534,疸
﻿316,534,349,534,349,570,316,570,𢚸
﻿282,11,311,11,311,46,282,46,𨔍
﻿282,46,311,46,311,82,282,82,之
﻿282,82,311,82,311,117,282,117,彼
﻿282,117,311,117,311,153,282,153,嗇
﻿282,153,311,153,311,188,282,188,斯
﻿282,188,311,188,311,224,282,224,豊
﻿279,282,311,282,311,317,279,317,𡗶
﻿279,317,311,317,311,353,279,353,撑
﻿279,353,311,353,311,389,279,389,涓
﻿279,389,311,389,311,425,279,425,貝
﻿279,425,311,425,311,461,279,461,𦟐
﻿279,461,311,461,311,497,279,497,紅
﻿279,497,311,497,311,533,279,533,打
﻿279,533,311,533,311,569,279,569,悭
﻿246,10,275,10,275,45,246,45,稿
﻿246,45,275,45,275,81,246,81,𦹳
﻿246,81,275,81,275,117,246,117,吝
﻿246,117,275,117,275,152,246,152,捕
﻿246,152,275,152,275,188,246,188,畧
﻿246,188,275,188,275,224,246,224,畑
﻿244,281,277,281,277,317,244,317,風
﻿244,317,277,317,277,353,244,353,情
﻿244,353,277,353,277,389,244,389,固
﻿244,389,277,389,277,425,244,425,錄
﻿244,425,277,425,277,461,244,461,群
﻿244,461,277,461,277,497,244,497,傳
﻿244,497,277,497,277,533,244,533,史
﻿244,533,277,533,277,569,244,569,撑
﻿212,12,240,12,240,47,212,47,浪
﻿212,47,240,47,240,83,212,83,𢆥
﻿212,83,240,83,240,119,212,119,嘉
﻿212,119,240,119,240,154,212,154,靖
﻿212,154,240,154,240,190,212,190,朝
﻿212,190,240,190,240,226,212,226,明
﻿208,282,240,282,240,318,208,318,𦊚
﻿208,318,240,318,240,354,208,354,方
﻿208,354,240,354,240,390,208,390,滂
﻿208,390,240,390,240,426,208,426,𣼽
﻿208,426,240,426,240,462,208,462,𠄩
﻿208,462,240,462,240,498,208,498,京
﻿208,498,240,498,240,534,208,534,凭
﻿208,534,240,534,240,570,208,570,鐄
﻿172,13,204,13,204,47,172,47,固
﻿172,47,204,47,204,82,172,82,茹
﻿172,82,204,82,204,117,172,117,員
﻿172,117,204,117,204,152,172,152,外
﻿172,152,204,152,204,187,172,187,户
﻿172,187,204,187,204,222,172,222,王
﻿171,282,202,282,202,318,171,318,家
﻿171,318,202,318,202,354,171,354,資
﻿171,354,202,354,202,390,171,390,𢪀
﻿171,390,202,390,202,427,171,427,拱
﻿171,427,202,427,202,463,171,463,常
﻿171,463,202,463,202,499,171,499,常
﻿171,499,202,499,202,535,171,535,堛
﻿171,535,202,535,202,572,171,572,中
﻿139,13,169,13,169,48,139,48,𠬠
﻿139,48,169,48,169,83,139,83,󰜩
﻿139,83,169,83,169,118,139,118,𡥵
﻿139,118,169,118,169,153,139,153,次
﻿139,153,169,153,169,188,139,188,卒
﻿139,188,169,188,169,224,139,224,𢚸
﻿135,284,165,284,165,319,135,319,王
﻿135,319,165,319,165,354,135,354,󰞹
﻿135,354,165,354,165,390,135,390,󰑼
﻿135,390,165,390,165,425,135,425,𡦂
﻿135,425,165,425,165,460,135,460,綏
﻿135,460,165,460,165,496,135,496,𣳔
﻿135,496,165,496,165,531,135,531,儒
﻿135,531,165,531,165,567,135,567,家
﻿104,14,132,14,132,49,104,49,頭
﻿104,49,132,49,132,84,104,84,𢚸
﻿104,84,132,84,132,119,104,119,𠄩
﻿104,119,132,119,132,154,104,154,妸
﻿104,154,132,154,132,189,104,189,素
﻿104,189,132,189,132,224,104,224,娥
﻿97,281,128,281,128,316,97,316,翠
﻿97,316,128,316,128,352,97,352,翹
﻿97,352,128,352,128,388,97,388,󰑼
﻿97,388,128,388,128,424,97,424,姉
﻿97,424,128,424,128,459,97,459,㛪
﻿97,459,128,459,128,495,97,495,󰑼
﻿97,495,128,495,128,531,97,531,翠
﻿97,531,128,531,128,567,97,567,雲
﻿63,13,94,13,94,48,63,48,梅
﻿63,48,94,48,94,83,63,83,骨
﻿63,83,94,83,94,119,63,119,格
﻿63,119,94,119,94,154,63,154,雪
﻿63,154,94,154,94,189,63,189,精
﻿63,189,94,189,94,225,63,225,神
﻿61,281,92,281,92,316,61,316,󰓳
﻿61,316,92,316,92,352,61,352,𠊚
﻿61,352,92,352,92,387,61,387,󰓳
﻿61,387,92,387,92,423,61,423,𨤔
﻿61,423,92,423,92,459,61,459,𨒒
﻿61,459,92,459,92,494,61,494,分
﻿61,494,92,494,92,530,61,530,院
﻿61,530,92,530,92,566,61,566,𨒒
﻿27,11,58,11,58,46,27,46,雲
﻿27,46,58,46,58,82,27,82,𫀅
﻿27,82,58,82,58,118,27,118,莊
﻿27,118,58,118,58,153,27,153,重
﻿27,153,58,153,58,189,27,189,恪
﻿27,189,58,189,58,225,27,225,潙
﻿23,280,55,280,55,315,23,315,姿
﻿23,315,55,315,55,351,23,351,丰
﻿23,351,55,351,55,386,23,386,苔
﻿23,386,55,386,55,422,23,422,𬊤
﻿23,422,55,422,55,458,23,458,湿
﻿23,458,55,458,55,493,23,493,𧍋
﻿23,493,55,493,55,529,23,529,𦬑
﻿23,529,55,529,55,565,23,565,囔
