348,13,380,13,380,48,348,48,𠦳
﻿348,48,380,48,380,84,348,84,尋
﻿348,84,380,84,380,119,348,119,如
﻿348,119,380,119,380,155,348,155,䏾
﻿348,155,380,155,380,190,348,190,松
﻿348,190,380,190,380,226,348,226,筠
﻿348,280,377,280,377,316,348,316,雪
﻿348,316,377,316,377,352,348,352,霜
﻿348,352,377,352,377,388,348,388,𩂏
﻿348,388,377,388,377,424,348,424,𨔾
﻿348,424,377,424,377,460,348,460,朱
﻿348,460,377,460,377,496,348,496,身
﻿348,496,377,496,377,532,348,532,葛
﻿348,532,377,532,377,569,348,569,藤
﻿311,13,342,13,342,48,311,48,𣴓
﻿311,48,342,48,342,83,311,83,𠳒
﻿311,83,342,83,342,118,311,118,客
﻿311,118,342,118,342,153,311,153,買
﻿311,153,342,153,342,188,311,188,䜹
﻿311,188,342,188,342,224,311,224,浪
﻿312,283,341,283,341,318,312,318,𢯜
﻿312,318,341,318,341,353,312,353,蹎
﻿312,353,341,353,341,388,312,388,催
﻿312,388,341,388,341,424,312,424,拱
﻿312,424,341,424,341,459,312,459,赤
﻿312,459,341,459,341,494,312,494,绳
﻿312,494,341,494,341,529,312,529,冉
﻿312,529,341,529,341,565,312,565,𢭂
﻿274,13,305,13,305,48,274,48,枚
﻿274,48,305,48,305,84,274,84,𢖖
﻿274,84,305,84,305,120,274,120,油
﻿274,120,305,120,305,155,274,155,旦
﻿274,155,305,155,305,191,274,191,世
﻿274,191,305,191,305,227,274,227,芇
﻿275,280,306,280,306,315,275,315,箕
﻿275,315,306,315,306,351,275,351,𦎛
﻿275,351,306,351,306,386,275,386,日
﻿275,386,306,386,306,422,275,422,月
﻿275,422,306,422,306,458,275,458,怒
﻿275,458,306,458,306,493,275,493,刀
﻿275,493,306,493,306,529,275,529,鬼
﻿275,529,306,529,306,565,275,565,神
﻿239,12,272,12,272,48,239,48,同
﻿239,48,272,48,272,84,239,84,同
﻿239,84,272,84,272,120,239,120,𫗄
﻿239,120,272,120,272,156,239,156,𠽖
﻿239,156,272,156,272,192,239,192,𫡮
﻿239,192,272,192,272,228,239,228,秦
﻿238,281,270,281,270,316,238,316,𠬠
﻿238,316,270,316,270,352,238,352,車
﻿238,352,270,352,270,388,238,388,𥪝
﻿238,388,270,388,270,424,238,424,𡎝
﻿238,424,270,424,270,459,238,459,紅
﻿238,459,270,459,270,495,238,495,塵
﻿238,495,270,495,270,531,238,531,如
﻿238,531,270,531,270,567,238,567,𠖤
﻿201,11,235,11,235,47,201,47,𬂙
﻿201,47,235,47,235,83,201,83,爲
﻿201,83,235,83,235,119,201,119,拔
﻿201,119,235,119,235,155,201,155,淚
﻿201,155,235,155,235,191,201,191,分
﻿201,191,235,191,235,227,201,227,𢬣
﻿204,280,232,280,232,315,204,315,谷
﻿204,315,232,315,232,351,204,351,𡗶
﻿204,351,232,351,232,386,204,386,審
﻿204,386,232,386,232,422,204,422,審
﻿204,422,232,422,232,457,204,457,𣈜
﻿204,457,232,457,232,493,204,493,𣈜
﻿204,493,232,493,232,528,204,528,󰠐
﻿204,528,232,528,232,564,204,564,󰠐
﻿167,11,197,11,197,47,167,47,娘
﻿167,47,197,47,197,83,167,83,時
﻿167,83,197,83,197,119,167,119,𡎝
﻿167,119,197,119,197,155,167,155,客
﻿167,155,197,155,197,191,167,191,車
﻿167,191,197,191,197,227,167,227,侵
﻿167,279,199,279,199,314,167,314,泊
﻿167,314,199,314,199,350,167,350,抛
﻿167,350,199,350,199,385,167,385,梂
﻿167,385,199,385,199,421,167,421,這
﻿167,421,199,421,199,456,167,456,顛
﻿167,456,199,456,199,492,167,492,滛
﻿167,492,199,492,199,527,167,527,岸
﻿167,527,199,527,199,563,167,563,𫡮
﻿133,10,161,10,161,45,133,45,葦
﻿133,45,161,45,161,81,133,81,𦰤
﻿133,81,161,81,161,116,133,116,察
﻿133,116,161,116,161,152,133,152,察
﻿133,152,161,152,161,187,133,187,唏
﻿133,187,161,187,161,223,133,223,埋
﻿131,277,160,277,160,313,131,313,𠬠
﻿131,313,160,313,160,349,131,349,𡗶
﻿131,349,160,349,160,385,131,385,秩
﻿131,385,160,385,160,421,131,421,底
﻿131,421,160,421,160,457,131,457,貞
﻿131,457,160,457,160,493,131,493,差
﻿131,493,160,493,160,529,131,529,𠬠
﻿131,529,160,529,160,566,131,566,㝵
﻿94,10,126,10,126,46,94,46,埮
﻿94,46,126,46,126,82,94,82,𣅘
﻿94,82,126,82,126,118,94,118,雪
﻿94,118,126,118,126,154,94,154,淨
﻿94,154,126,154,126,190,94,190,𩂟
﻿94,190,126,190,126,227,94,227,𣾺
﻿93,281,124,281,124,316,93,316,体
﻿93,316,124,316,124,352,93,352,𦝄
﻿93,352,124,352,124,388,93,388,麻
﻿93,388,124,388,124,424,93,424,𢢆
﻿93,424,124,424,124,459,93,459,仍
﻿93,459,124,459,124,495,93,495,𠳒
﻿93,495,124,495,124,531,93,531,𡽫
﻿93,531,124,531,124,567,93,567,滝
﻿54,10,90,10,90,45,54,45,楼
﻿54,45,90,45,90,81,54,81,秋
﻿54,81,90,81,90,117,54,117,層
﻿54,117,90,117,90,153,54,153,碧
﻿54,153,90,153,90,189,54,189,癋
﻿54,189,90,189,90,225,54,225,紅
﻿53,282,88,282,88,317,53,317,𦖑
﻿53,317,88,317,88,353,53,353,𫚳
﻿53,353,88,353,88,388,53,388,如
﻿53,388,88,388,88,424,53,424,弋
﻿53,424,88,424,88,459,53,459,𬌓
﻿53,459,88,459,88,495,53,495,𢚸
﻿53,495,88,495,88,530,53,530,辰
﻿53,530,88,530,88,566,53,566,昏
﻿18,12,48,12,48,47,18,47,仍
﻿18,47,48,47,48,83,18,83,󰑼
﻿18,83,48,83,48,118,18,118,𨔍
﻿18,118,48,118,48,154,18,154,渃
﻿18,154,48,154,48,189,18,189,𨔍
﻿18,189,48,189,48,225,18,225,𡽫
﻿19,284,48,284,48,319,19,319,臨
﻿19,319,48,319,48,354,19,354,淄
﻿19,354,48,354,48,389,19,389,皮
﻿19,389,48,389,48,424,19,424,𠬠
﻿19,424,48,424,48,459,19,459,𣎃
﻿19,459,48,459,48,494,19,494,𧷺
﻿19,494,48,494,48,529,19,529,旦
﻿19,529,48,529,48,565,19,565,尼
