332,10,367,10,367,44,332,44,𦖑
﻿332,44,367,44,367,79,332,79,𠳒
﻿332,79,367,79,367,114,332,114,娘
﻿332,114,367,114,367,149,332,149,呐
﻿332,149,367,149,367,184,332,184,𠼦
﻿332,184,367,184,367,219,332,219,麻
﻿336,275,367,275,367,310,336,310,󰟨
﻿336,310,367,310,367,346,336,346,攻
﻿336,346,367,346,367,381,336,381,徐
﻿336,381,367,381,367,417,336,417,買
﻿336,417,367,417,367,452,336,452,阻
﻿336,452,367,452,367,488,336,488,𦋦
﻿336,488,367,488,367,523,336,523,世
﻿336,523,367,523,367,559,336,559,長
﻿296,10,328,10,328,44,296,44,整
﻿296,44,328,44,328,79,296,79,󰀩
﻿296,79,328,79,328,114,296,114,接
﻿296,114,328,114,328,149,296,149,使
﻿296,149,328,149,328,184,296,184,倍
﻿296,184,328,184,328,219,296,219,傍
﻿299,276,330,276,330,310,299,310,限
﻿299,310,330,310,330,345,299,345,期
﻿299,345,330,345,330,380,299,380,束
﻿299,380,330,380,330,415,299,415,甲
﻿299,415,330,415,330,450,299,450,决
﻿299,450,330,450,330,485,299,485,塘
﻿299,485,330,485,330,520,299,520,觧
﻿299,520,330,520,330,555,299,555,兵
﻿261,9,292,9,292,43,261,43,信
﻿261,43,292,43,292,78,261,78,𠳒
﻿261,78,292,78,292,113,261,113,城
﻿261,113,292,113,292,147,261,147,下
﻿261,147,292,147,292,182,261,182,要
﻿261,182,292,182,292,217,261,217,盟
﻿264,276,294,276,294,311,264,311,𦰟
﻿264,311,294,311,294,346,264,346,旗
﻿264,346,294,346,294,381,264,381,󰡣
﻿264,381,294,381,294,416,264,416,咢
﻿264,416,294,416,294,451,264,451,𫪹
﻿264,451,294,451,294,486,264,486,更
﻿264,486,294,486,294,521,264,521,雉
﻿264,521,294,521,294,557,264,557,長
﻿225,8,258,8,258,43,225,43,𭛣
﻿225,43,258,43,258,78,225,78,矢
﻿225,78,258,78,258,114,225,114,補
﻿225,114,258,114,258,149,225,149,庄
﻿225,149,258,149,258,184,225,184,𪧚
﻿225,184,258,184,258,220,225,220,床
﻿226,277,258,277,258,312,226,312,王
﻿226,312,258,312,258,347,226,347,師
﻿226,347,258,347,258,382,226,382,𥉰
﻿226,382,258,382,258,417,226,417,㐌
﻿226,417,258,417,258,452,226,452,訴
﻿226,452,258,452,258,487,226,487,詳
﻿226,487,258,487,258,522,226,522,实
﻿226,522,258,522,258,557,226,557,虚
﻿194,9,223,9,223,44,194,44,胡
﻿194,44,223,44,223,79,194,79,公
﻿194,79,223,79,223,115,194,115,决
﻿194,115,223,115,223,150,194,150,计
﻿194,150,223,150,223,185,194,185,乘
﻿194,185,223,185,223,221,194,221,机
﻿195,275,224,275,224,310,195,310,礼
﻿195,310,224,310,224,345,195,345,先
﻿195,345,224,345,224,380,195,380,兵
﻿195,380,224,380,224,415,195,415,後
﻿195,415,224,415,224,450,195,450,刻
﻿195,450,224,450,224,485,195,485,期
﻿195,485,224,485,224,520,195,520,裏
﻿195,520,224,520,224,555,195,555,攻
﻿156,9,190,9,190,44,156,44,矫
﻿156,44,190,44,190,79,156,79,旗
﻿156,79,190,79,190,114,156,114,招
﻿156,114,190,114,190,149,156,149,府
﻿156,149,190,149,190,184,156,184,先
﻿156,184,190,184,190,220,156,220,峰
﻿157,275,190,275,190,310,157,310,礼
﻿157,310,190,310,190,345,157,345,󰀩
﻿157,345,190,345,190,380,157,380,攔
﻿157,380,190,380,190,416,157,416,畧
﻿157,416,190,416,190,451,157,451,搏
﻿157,451,190,451,190,486,157,486,銅
﻿157,486,190,486,190,521,157,521,伏
﻿157,521,190,521,190,557,157,557,娄
﻿119,9,152,9,152,44,119,44,徐
﻿119,44,152,44,152,79,119,79,公
﻿119,79,152,79,152,114,119,114,哬
﻿119,114,152,114,152,149,119,149,𠾿
﻿119,149,152,149,152,184,119,184,別
﻿119,184,152,184,152,220,119,220,󰠲
﻿123,276,153,276,153,311,123,311,大
﻿123,311,153,311,153,346,123,346,官
﻿123,346,153,346,153,381,123,381,礼
﻿123,381,153,381,153,416,123,416,服
﻿123,416,153,416,153,451,123,451,𦋦
﻿123,451,153,451,153,486,123,486,頭
﻿123,486,153,486,153,521,123,521,㪯
﻿123,521,153,521,153,556,123,556,轅
﻿86,10,117,10,117,45,86,45,胡
﻿86,45,117,45,117,80,86,80,公
﻿86,80,117,80,117,116,86,116,暗
﻿86,116,117,116,117,151,86,151,号
﻿86,151,117,151,117,186,86,186,陣
﻿86,186,117,186,117,222,86,222,前
﻿85,277,118,277,118,312,85,312,𠀧
﻿85,312,118,312,118,347,85,347,皮
﻿85,347,118,347,118,382,85,382,發
﻿85,382,118,382,118,417,85,417,銃
﻿85,417,118,417,118,452,85,452,𦊚
﻿85,452,118,452,118,487,85,487,边
﻿85,487,118,487,118,522,85,522,矯
﻿85,522,118,522,118,557,85,557,旗
﻿49,12,82,12,82,46,49,46,登
﻿49,46,82,46,82,81,49,81,欺
﻿49,81,82,81,82,116,49,116,不
﻿49,116,82,116,82,151,49,151,意
﻿49,151,82,151,82,186,49,186,庄
﻿49,186,82,186,82,221,49,221,𪟽
﻿48,274,80,274,80,309,48,309,𤞻
﻿48,309,80,309,80,344,48,344,𤍌
﻿48,344,80,344,80,379,48,379,欺
﻿48,379,80,379,80,415,48,415,㐌
﻿48,415,80,415,80,450,48,450,沙
﻿48,450,80,450,80,485,48,485,机
﻿48,485,80,485,80,520,48,520,拱
﻿48,520,80,520,80,556,48,556,𪬡
﻿11,13,45,13,45,47,11,47,死
﻿11,47,45,47,45,82,11,82,生
﻿11,82,45,82,45,116,11,116,料
﻿11,116,45,116,45,151,11,151,𡨌
﻿11,151,45,151,45,185,11,185,陣
﻿11,185,45,185,45,220,11,220,前
﻿14,274,42,274,42,309,14,309,弹
﻿14,309,42,309,42,344,14,344,苔
﻿14,344,42,344,42,379,14,379,朱
﻿14,379,42,379,42,414,14,414,別
﻿14,414,42,414,42,449,14,449,肝
﻿14,449,42,449,42,484,14,484,連
﻿14,484,42,484,42,519,14,519,將
﻿14,519,42,519,42,555,14,555,軍
