335,13,369,13,369,47,335,47,默
﻿335,47,369,47,369,82,335,82,㝵
﻿335,82,369,82,369,117,335,117,湄
﻿335,117,369,117,369,151,335,151,楚
﻿335,151,369,151,369,186,335,186,𫡮
﻿335,186,369,186,369,221,335,221,秦
﻿336,276,371,276,371,310,336,310,仍
﻿336,310,371,310,371,345,336,345,𠇮
﻿336,345,371,345,371,379,336,379,芇
﻿336,379,371,379,371,414,336,414,別
﻿336,414,371,414,371,449,336,449,固
﻿336,449,371,449,371,483,336,483,春
﻿336,483,371,483,371,518,336,518,󰑼
﻿336,518,371,518,371,553,336,553,之
﻿299,13,333,13,333,47,299,47,隊
﻿299,47,333,47,333,81,299,81,畨
﻿299,81,333,81,333,116,299,116,𫗄
﻿299,116,333,116,333,150,299,150,𢭸
﻿299,150,333,150,333,184,299,184,花
﻿299,184,333,184,333,219,299,219,掑
﻿299,273,334,273,334,308,299,308,姅
﻿299,308,334,308,334,343,299,343,簾
﻿299,343,334,343,334,378,299,378,雪
﻿299,378,334,378,334,413,299,413,唅
﻿299,413,334,413,334,448,299,448,𦊚
﻿299,448,334,448,334,483,299,483,夏
﻿299,483,334,483,334,518,299,518,𦝄
﻿299,518,334,518,334,554,299,554,偷
﻿264,12,295,12,295,46,264,46,景
﻿264,46,295,46,295,80,264,80,芇
﻿264,80,295,80,295,115,264,115,景
﻿264,115,295,115,295,149,264,149,庄
﻿264,149,295,149,295,183,264,183,刀
﻿264,183,295,183,295,218,264,218,愁
﻿265,273,297,273,297,308,265,308,㝵
﻿265,308,297,308,297,343,265,343,忿
﻿265,343,297,343,297,378,265,378,景
﻿265,378,297,378,297,413,265,413,固
﻿265,413,297,413,297,448,265,448,盃
﻿265,448,297,448,297,483,265,483,󰠳
﻿265,483,297,483,297,518,265,518,包
﻿265,518,297,518,297,553,265,553,徐
﻿226,11,261,11,261,45,226,45,隊
﻿226,45,261,45,261,80,226,80,畨
﻿226,80,261,80,261,114,226,114,湿
﻿226,114,261,114,261,149,226,149,𦘧
﻿226,149,261,149,261,183,226,183,句
﻿226,183,261,183,261,218,226,218,䜹
﻿231,272,262,272,262,307,231,307,宫
﻿231,307,262,307,262,342,231,342,琹
﻿231,342,262,342,262,377,231,377,𥪝
﻿231,377,262,377,262,412,231,412,月
﻿231,412,262,412,262,447,231,447,渃
﻿231,447,262,447,262,482,231,482,箕
﻿231,482,262,482,262,517,231,517,𠁑
﻿231,517,262,517,262,553,231,553,花
﻿192,12,223,12,223,46,192,46,盃
﻿192,46,223,46,223,81,192,81,󰑼
﻿192,81,223,81,223,116,192,116,盃
﻿192,116,223,116,223,150,192,150,強
﻿192,150,223,150,223,185,192,185,矫
﻿192,185,223,185,223,220,192,220,󰑼
﻿193,272,225,272,225,307,193,307,埃
﻿193,307,225,307,225,342,193,342,知
﻿193,342,225,342,225,377,193,377,音
﻿193,377,225,377,225,412,193,412,妬
﻿193,412,225,412,225,447,193,447,漫
﻿193,447,225,447,225,482,193,482,麻
﻿193,482,225,482,225,517,193,517,貝
﻿193,517,225,517,225,552,193,552,埃
﻿155,10,189,10,189,44,155,44,徐
﻿155,44,189,44,189,79,155,79,唹
﻿155,79,189,79,189,113,155,113,𫗄
﻿155,113,189,113,189,148,155,148,竹
﻿155,148,189,148,189,182,155,182,湄
﻿155,182,189,182,189,217,155,217,梅
﻿157,271,189,271,189,306,157,306,菫
﻿157,306,189,306,189,342,157,342,󰡣
﻿157,342,189,342,189,377,157,377,𤾓
﻿157,377,189,377,189,413,157,413,挼
﻿157,413,189,413,189,448,157,448,搥
﻿157,448,189,448,189,484,157,484,埋
﻿157,484,189,484,189,519,157,519,𠬠
﻿157,519,189,519,189,555,157,555,身
﻿119,9,151,9,151,44,119,44,𤋾
﻿119,44,151,44,151,79,119,79,𢚸
﻿119,79,151,79,151,114,119,114,隊
﻿119,114,151,114,151,149,119,149,段
﻿119,149,151,149,151,184,119,184,賒
﻿119,184,151,184,151,220,119,220,𧵆
﻿118,271,151,271,151,306,118,306,庄
﻿118,306,151,306,151,341,118,341,紆
﻿118,341,151,341,151,376,118,376,麻
﻿118,376,151,376,151,412,118,412,󰑚
﻿118,412,151,412,151,447,118,447,庄
﻿118,447,151,447,151,482,118,482,𢴍
﻿118,482,151,482,151,517,118,517,麻
﻿118,517,151,517,151,553,118,553,𤴬
﻿85,11,114,11,114,45,85,45,汝
﻿85,45,114,45,114,79,85,79,恩
﻿85,79,114,79,114,113,85,113,𠃩
﻿85,113,114,113,114,147,85,147,𡦂
﻿85,147,114,147,114,181,85,181,高
﻿85,181,114,181,114,215,85,215,溇
﻿86,273,115,273,115,307,86,307,𠬠
﻿86,307,115,307,115,341,86,341,㝵
﻿86,341,115,341,115,376,86,376,𠬠
﻿86,376,115,376,115,410,86,410,我
﻿86,410,115,410,115,444,86,444,䏾
﻿86,444,115,444,115,479,86,479,橷
﻿86,479,115,479,115,513,86,513,斜
﻿86,513,115,513,115,548,86,548,斜
﻿50,10,82,10,82,44,50,44,埮
﻿50,44,82,44,82,78,50,78,𠦳
﻿50,78,82,78,82,112,50,112,渃
﻿50,112,82,112,82,146,50,146,瀋
﻿50,146,82,146,82,180,50,180,𡽫
﻿50,180,82,180,82,214,50,214,賒
﻿49,272,81,272,81,306,49,306,𢪀
﻿49,306,81,306,81,341,49,341,󰠳
﻿49,341,81,341,81,375,49,375,身
﻿49,375,81,375,81,410,49,410,分
﻿49,410,81,410,81,445,49,445,昆
﻿49,445,81,445,81,479,49,479,𦋦
﻿49,479,81,479,81,514,49,514,世
﻿49,514,81,514,81,549,49,549,尼
﻿12,9,46,9,46,44,12,44,𡑝
﻿12,44,46,44,46,79,12,79,槐
﻿12,79,46,79,46,114,12,114,堆
﻿12,114,46,114,46,149,12,149,拙
﻿12,149,46,149,46,184,12,184,䜹
﻿12,184,46,184,46,219,12,219,𬏝
﻿15,270,47,270,47,305,15,305,珍
﻿15,305,47,305,47,340,15,340,甘
﻿15,340,47,340,47,375,15,375,埃
﻿15,375,47,375,47,410,15,410,几
﻿15,410,47,410,47,445,15,445,拖
﻿15,445,47,445,47,480,15,480,台
﻿15,480,47,480,47,515,15,515,󰜋
﻿15,515,47,515,47,551,15,551,𠇮
