352,13,386,13,386,48,352,48,𠳨
﻿352,48,386,48,386,83,352,83,茹
﻿352,83,386,83,386,118,352,118,茹
﻿352,118,386,118,386,153,352,153,㐌
﻿352,153,386,153,386,188,352,188,移
﻿352,188,386,188,386,224,352,224,賒
﻿357,281,391,281,391,317,357,317,𠳨
﻿357,317,391,317,391,354,357,354,払
﻿357,354,391,354,391,391,357,391,王
﻿357,391,391,391,391,428,357,428,󰞹
﻿357,428,391,428,391,464,357,464,拱
﻿357,464,391,464,391,501,357,501,󰑼
﻿357,501,391,501,391,538,357,538,翠
﻿357,538,391,538,391,575,357,575,雲
﻿313,12,347,12,347,47,313,47,調
﻿313,47,347,47,347,83,313,83,尼
﻿313,83,347,83,347,119,313,119,沙
﻿313,119,347,119,347,155,313,155,卒
﻿313,155,347,155,347,191,313,191,庫
﻿313,191,347,191,347,227,313,227,巾
﻿318,285,354,285,354,321,318,321,税
﻿318,321,354,321,354,357,318,357,埋
﻿318,357,354,357,354,393,318,393,半
﻿318,393,354,393,354,429,318,429,曰
﻿318,429,354,429,354,465,318,465,劍
﻿318,465,354,465,354,501,318,501,咹
﻿318,501,354,501,354,537,318,537,吝
﻿318,537,354,537,354,574,318,574,回
﻿276,12,309,12,309,47,276,47,調
﻿276,47,309,47,309,83,276,83,󰠲
﻿276,83,309,83,309,118,276,118,𩂶
﻿276,118,309,118,309,154,276,154,打
﻿276,154,309,154,309,189,276,189,𦝄
﻿276,189,309,189,309,225,276,225,𡗶
﻿282,284,316,284,316,320,282,320,脱
﻿282,320,316,320,316,356,282,356,𦖑
﻿282,356,316,356,316,393,282,393,払
﻿282,393,316,393,316,429,282,429,脱
﻿282,429,316,429,316,465,282,465,拥
﻿282,465,316,465,316,502,282,502,移
﻿282,502,316,502,316,538,282,538,掣
﻿282,538,316,538,316,575,282,575,包
﻿244,13,272,13,272,48,244,48,倍
﻿244,48,272,48,272,84,244,84,嘆
﻿244,84,272,84,272,120,244,120,移
﻿244,120,272,120,272,156,244,156,住
﻿244,156,272,156,272,192,244,192,尼
﻿244,192,272,192,272,228,244,228,芇
﻿246,285,279,285,279,321,246,321,打
﻿246,321,279,321,279,357,246,357,塘
﻿246,357,279,357,279,393,246,393,払
﻿246,393,279,393,279,430,246,430,買
﻿246,430,279,430,279,466,246,466,尋
﻿246,466,279,466,279,502,246,502,𠓨
﻿246,502,279,502,279,538,246,538,羡
﻿246,538,279,538,279,575,246,575,尼
﻿208,13,240,13,240,49,208,49,茹
﻿208,49,240,49,240,85,208,85,棦
﻿208,85,240,85,240,121,208,121,壁
﻿208,121,240,121,240,157,208,157,坦
﻿208,157,240,157,240,193,208,193,左
﻿208,193,240,193,240,229,208,229,哉
﻿210,284,244,284,244,320,210,320,𦰤
﻿210,320,244,320,244,356,210,356,撩
﻿210,356,244,356,244,393,210,393,簾
﻿210,393,244,393,244,429,210,429,󰞺
﻿210,429,244,429,244,465,210,465,竹
﻿210,465,244,465,244,502,210,502,掑
﻿210,502,244,502,244,538,210,538,𤗹
﻿210,538,244,538,244,575,210,575,䜹
﻿172,12,203,12,203,47,172,47,𠬠
﻿172,47,203,47,203,83,172,83,𡑝
﻿172,83,203,83,203,119,172,119,坦
﻿172,119,203,119,203,154,172,154,𦹵
﻿172,154,203,154,203,190,172,190,滛
﻿172,190,203,190,203,226,172,226,湄
﻿174,283,207,283,207,319,174,319,強
﻿174,319,207,319,207,356,174,356,嗷
﻿174,356,207,356,207,392,174,392,喭
﻿174,392,207,392,207,429,174,429,浽
﻿174,429,207,429,207,465,174,465,強
﻿174,465,207,465,207,502,174,502,魚
﻿174,502,207,502,207,538,174,538,󰡢
﻿174,538,207,538,207,575,174,575,󰟯
﻿137,13,167,13,167,48,137,48,打
﻿137,48,167,48,167,84,137,84,料
﻿137,84,167,84,167,120,137,120,𨖲
﻿137,120,167,120,167,155,137,155,㗂
﻿137,155,167,155,167,191,137,191,外
﻿137,191,167,191,167,227,137,227,墻
﻿138,284,172,284,172,320,138,320,払
﻿138,320,172,320,172,356,138,356,王
﻿138,356,172,356,172,392,138,392,𦖑
﻿138,392,172,392,172,428,138,428,㗂
﻿138,428,172,428,172,464,138,464,倍
﻿138,464,172,464,172,500,138,500,傍
﻿138,500,172,500,172,536,138,536,𧼋
﻿138,536,172,536,172,573,138,573,𦋦
﻿98,11,130,11,130,46,98,46,𢴑
﻿98,46,130,46,130,82,98,82,𢬣
﻿98,82,130,82,130,118,98,118,倍
﻿98,118,130,118,130,154,98,154,逴
﻿98,154,130,154,130,190,98,190,𠓨
﻿98,190,130,190,130,226,98,226,茹
﻿100,283,136,283,136,319,100,319,𠃅
﻿100,319,136,319,136,355,100,355,楼
﻿100,355,136,355,136,391,100,391,員
﻿100,391,136,391,136,427,100,427,外
﻿100,427,136,427,136,463,100,463,𪪳
﻿100,463,136,463,136,499,100,499,󰜏
﻿100,499,136,499,136,535,100,535,𦋦
﻿100,535,136,535,136,571,100,571,𣦍
﻿63,12,95,12,95,47,63,47,哭
﻿63,47,95,47,95,82,63,82,嘆
﻿63,82,95,82,95,118,63,118,計
﻿63,118,95,118,95,153,63,153,歇
﻿63,153,95,153,95,188,63,188,念
﻿63,188,95,188,95,224,63,224,西
﻿65,284,97,284,97,320,65,320,払
﻿65,320,97,320,97,356,65,356,喂
﻿65,356,97,356,97,393,65,393,別
﻿65,393,97,393,97,429,65,429,浽
﻿65,429,97,429,97,465,65,465,渃
﻿65,465,97,465,97,502,65,502,尼
﻿65,502,97,502,97,538,65,538,朱
﻿65,538,97,538,97,575,65,575,渚
﻿26,8,60,8,60,44,26,44,翹
﻿26,44,60,44,60,80,26,80,兒
﻿26,80,60,80,60,117,26,117,分
﻿26,117,60,117,60,153,26,153,蒙
﻿26,153,60,153,60,189,26,189,如
﻿26,189,60,189,60,226,26,226,詞
﻿27,281,61,281,61,317,27,317,𠬠
﻿27,317,61,317,61,354,27,354,𠳒
﻿27,354,61,354,61,390,27,390,㐌
﻿27,390,61,390,61,427,27,427,𰦫
﻿27,427,61,427,61,464,27,464,󰖥
﻿27,464,61,464,61,500,27,500,絲
﻿27,500,61,500,61,537,27,537,貝
﻿27,537,61,537,61,574,27,574,払
