331,9,362,9,362,44,331,44,𢚸
﻿331,44,362,44,362,79,331,79,群
﻿331,79,362,79,362,115,331,115,𠳚
﻿331,115,362,115,362,150,331,150,盎
﻿331,150,362,150,362,185,331,185,𫡮
﻿331,185,362,185,362,221,331,221,鐄
﻿335,275,367,275,367,310,335,310,絆
﻿335,310,367,310,367,346,335,346,外
﻿335,346,367,346,367,381,335,381,嗔
﻿335,381,367,381,367,417,335,417,唉
﻿335,417,367,417,367,453,335,453,𠹾
﻿335,453,367,453,367,488,335,488,払
﻿335,488,367,488,367,524,335,524,歆
﻿335,524,367,524,367,560,335,560,󰅒
﻿294,10,323,10,323,45,294,45,浪
﻿294,45,323,45,323,80,294,80,牢
﻿294,80,323,80,323,115,294,115,呐
﻿294,115,323,115,323,150,294,150,𨔍
﻿294,150,323,150,323,185,294,185,𨓡
﻿294,185,323,185,323,221,294,221,台
﻿300,276,333,276,333,311,300,311,梗
﻿300,311,333,311,333,346,300,346,箕
﻿300,346,333,346,333,381,300,381,庄
﻿300,381,333,381,333,417,300,417,沛
﻿300,417,333,417,333,452,300,452,桧
﻿300,452,333,452,333,487,300,487,尼
﻿300,487,333,487,333,522,300,522,麻
﻿300,522,333,522,333,558,300,558,𦋦
﻿257,11,289,11,289,45,257,45,娘
﻿257,45,289,45,289,80,257,80,強
﻿257,80,289,80,289,114,257,114,悴
﻿257,114,289,114,289,149,257,149,突
﻿257,149,289,149,289,183,257,183,秋
﻿257,183,289,183,289,218,257,218,波
﻿263,276,295,276,295,311,263,311,断
﻿263,311,295,311,295,347,263,347,膓
﻿263,347,295,347,295,382,263,382,録
﻿263,382,295,382,295,418,263,418,意
﻿263,418,295,418,295,454,263,454,󰇾
﻿263,454,295,454,295,489,263,489,麻
﻿263,489,295,489,295,525,263,525,盆
﻿263,525,295,525,295,561,263,561,星
﻿223,8,254,8,254,43,223,43,妾
﻿223,43,254,43,254,79,223,79,如
﻿223,79,254,79,254,115,223,115,花
﻿223,115,254,115,254,151,223,151,㐌
﻿223,151,254,151,254,187,223,187,离
﻿223,187,254,187,254,223,223,223,梗
﻿226,276,260,276,260,311,226,311,払
﻿226,311,260,311,260,347,226,347,如
﻿226,347,260,347,260,382,226,382,昆
﻿226,382,260,382,260,418,226,418,𧊉
﻿226,418,260,418,260,454,226,454,吕
﻿226,454,260,454,260,489,226,489,鑅
﻿226,489,260,489,260,525,226,525,麻
﻿226,525,260,525,260,561,226,561,󱉁
﻿187,8,219,8,219,43,187,43,主
﻿187,43,219,43,219,78,187,78,春
﻿187,78,219,78,219,114,187,114,仃
﻿187,114,219,114,219,149,187,149,㐌
﻿187,149,219,149,219,184,187,184,󰡏
﻿187,184,219,184,219,220,187,220,尼
﻿189,278,224,278,224,313,189,313,𥐆
﻿189,313,224,313,224,348,189,348,𣈜
﻿189,348,224,348,224,383,189,383,催
﻿189,383,224,383,224,419,189,419,渚
﻿189,419,224,419,224,454,189,454,𨱽
﻿189,454,224,454,224,489,189,489,𠳒
﻿189,489,224,489,224,524,189,524,爫
﻿189,524,224,524,224,560,189,560,之
﻿152,8,182,8,182,43,152,43,生
﻿152,43,182,43,182,79,152,79,浪
﻿152,79,182,79,182,114,152,114,自
﻿152,114,182,114,182,150,152,150,課
﻿152,150,182,150,182,185,152,185,相
﻿152,185,182,185,182,221,152,221,知
﻿155,274,187,274,187,310,155,310,𬌓
﻿155,310,187,310,187,346,155,346,𥢆
﻿155,346,187,346,187,382,155,382,𥢆
﻿155,382,187,382,187,419,155,419,仍
﻿155,419,187,419,187,455,155,455,𥘀
﻿155,455,187,455,187,491,155,491,爲
﻿155,491,187,491,187,527,155,527,渃
﻿155,527,187,527,187,564,155,564,𡽫
﻿116,9,148,9,148,44,116,44,𤾓
﻿116,44,148,44,148,80,116,80,𢆥
﻿116,80,148,80,148,115,116,115,併
﻿116,115,148,115,148,151,116,151,局
﻿116,151,148,151,148,186,116,186,𣃲
﻿116,186,148,186,148,222,116,222,𧷺
﻿120,277,152,277,152,312,120,312,沛
﻿120,312,152,312,152,347,120,347,𢲛
﻿120,347,152,347,152,383,120,383,朱
﻿120,383,152,383,152,418,120,418,旦
﻿120,418,152,418,152,453,120,453,𦰟
﻿120,453,152,453,152,489,120,489,源
﻿120,489,152,489,152,524,120,524,㴖
﻿120,524,152,524,152,560,120,560,滝
﻿84,9,114,9,114,44,84,44,娘
﻿84,44,114,44,114,79,84,79,浪
﻿84,79,114,79,114,115,84,115,𬮙
﻿84,115,114,115,114,150,84,150,隊
﻿84,150,114,150,114,185,84,185,恩
﻿84,185,114,185,114,221,84,221,𢚸
﻿85,274,117,274,117,310,85,310,㤕
﻿85,310,117,310,117,346,85,346,𠲖
﻿85,346,117,346,117,382,85,382,边
﻿85,382,117,382,117,418,85,418,娶
﻿85,418,117,418,117,454,85,454,边
﻿85,454,117,454,117,490,85,490,從
﻿85,490,117,490,117,526,85,526,易
﻿85,526,117,526,117,562,85,562,󰠳
﻿45,12,76,12,76,47,45,47,平
﻿45,47,76,47,76,82,45,82,康
﻿45,82,76,82,76,117,45,117,拫
﻿45,117,76,117,76,152,45,152,那
﻿45,152,76,152,76,187,45,187,闭
﻿45,187,76,187,76,222,45,222,𥹰
﻿47,277,81,277,81,312,47,312,腰
﻿47,312,81,312,81,348,47,348,花
﻿47,348,81,348,81,383,47,383,腰
﻿47,383,81,383,81,419,47,419,特
﻿47,419,81,419,81,454,47,454,𠬠
﻿47,454,81,454,81,490,47,490,牟
﻿47,490,81,490,81,525,47,525,點
﻿47,525,81,525,81,561,47,561,粧
﻿9,9,39,9,39,44,9,44,耒
﻿9,44,39,44,39,80,9,80,𫥨
﻿9,80,39,80,39,116,9,116,𣳮
﻿9,116,39,116,39,151,9,151,粉
﻿9,151,39,151,39,187,9,187,𢭂
﻿9,187,39,187,39,223,9,223,香
﻿12,277,42,277,42,312,12,312,𢚸
﻿12,312,42,312,42,347,12,347,箕
﻿12,347,42,347,42,383,12,383,𪧚
﻿12,383,42,383,42,418,12,418,特
﻿12,418,42,418,42,453,12,453,常
﻿12,453,42,453,42,489,12,489,常
﻿12,489,42,489,42,524,12,524,買
﻿12,524,42,524,42,560,12,560,庄
