339,11,374,11,374,46,339,46,連
﻿339,46,374,46,374,82,339,82,𢬣
﻿339,82,374,82,374,117,339,117,𢭂
﻿339,117,374,117,374,153,339,153,吏
﻿339,153,374,153,374,188,339,188,束
﻿339,188,374,188,374,224,339,224,生
﻿340,287,374,287,374,322,340,322,浪
﻿340,322,374,322,374,358,340,358,才
﻿340,358,374,358,374,394,340,394,𢧚
﻿340,394,374,394,374,430,340,430,重
﻿340,430,374,430,374,466,340,466,麻
﻿340,466,374,466,374,502,340,502,情
﻿340,502,374,502,374,538,340,538,𢧚
﻿340,538,374,538,374,574,340,574,傷
﻿302,15,331,15,331,50,302,50,󰂇
﻿302,50,331,50,331,85,302,85,生
﻿302,85,331,85,331,120,302,120,󰡏
﻿302,120,331,120,331,155,302,155,𢼂
﻿302,155,331,155,331,190,302,190,𢀭
﻿302,190,331,190,331,226,302,226,𢀨
﻿302,286,337,286,337,321,302,321,債
﻿302,321,337,321,337,357,302,357,尼
﻿302,357,337,357,337,392,302,392,酉
﻿302,392,337,392,337,428,302,428,𤒘
﻿302,428,337,428,337,463,302,463,茹
﻿302,463,337,463,337,499,302,499,鐄
﻿302,499,337,499,337,534,302,534,拱
﻿302,534,337,534,337,570,302,570,𢧚
﻿266,14,298,14,298,49,266,49,𣷭
﻿266,49,298,49,298,85,266,85,塵
﻿266,85,298,85,298,121,266,121,沉
﻿266,121,298,121,298,156,266,156,浽
﻿266,156,298,156,298,192,266,192,婵
﻿266,192,298,192,298,228,266,228,娟
﻿267,285,298,285,298,320,267,320,有
﻿267,320,298,320,298,356,267,356,才
﻿267,356,298,356,298,392,267,392,傷
﻿267,392,298,392,298,428,267,428,浽
﻿267,428,298,428,298,464,267,464,󰟁
﻿267,464,298,464,298,500,267,500,緣
﻿267,500,298,500,298,536,267,536,𨔍
﻿267,536,298,536,298,572,267,572,𠁀
﻿229,14,261,14,261,49,229,49,生
﻿229,49,261,49,261,84,229,84,浪
﻿229,84,261,84,261,120,229,120,实
﻿229,120,261,120,261,155,229,155,󰡏
﻿229,155,261,155,261,190,229,190,如
﻿229,190,261,190,261,226,229,226,𠳒
﻿232,284,263,284,263,320,232,320,紅
﻿232,320,263,320,263,356,232,356,顔
﻿232,356,263,356,263,392,232,392,泊
﻿232,392,263,392,263,429,232,429,𠇮
﻿232,429,263,429,263,465,232,465,𠬠
﻿232,465,263,465,263,501,232,501,㝵
﻿232,501,263,501,263,537,232,537,芇
﻿232,537,263,537,263,574,232,574,爲
﻿195,13,225,13,225,48,195,48,𠦳
﻿195,48,225,48,225,84,195,84,初
﻿195,84,225,84,225,120,195,120,欧
﻿195,120,225,120,225,155,195,155,拱
﻿195,155,225,155,225,191,195,191,󰡫
﻿195,191,225,191,225,227,195,227,尼
﻿197,283,228,283,228,319,197,319,慈
﻿197,319,228,319,228,355,197,355,悲
﻿197,355,228,355,228,391,197,391,欧
﻿197,391,228,391,228,427,197,427,料
﻿197,427,228,427,228,463,197,463,扒
﻿197,463,228,463,228,499,197,499,𢬣
﻿197,499,228,499,228,535,197,535,買
﻿197,535,228,535,228,572,197,572,皮
﻿158,14,190,14,190,49,158,49,小
﻿158,49,190,49,190,85,158,85,姐
﻿158,85,190,85,190,121,158,121,浪
﻿158,121,190,121,190,156,158,156,意
﻿158,156,190,156,190,192,158,192,冲
﻿158,192,190,192,190,228,158,228,詞
﻿159,287,192,287,192,322,159,322,㕸
﻿159,322,192,322,192,358,159,358,󰝂
﻿159,358,192,358,192,394,159,394,𠇮
﻿159,394,192,394,192,430,159,430,泊
﻿159,430,192,430,192,465,159,465,嗔
﻿159,465,192,465,192,501,159,501,洳
﻿159,501,192,501,192,537,159,537,𫔳
﻿159,537,192,537,192,573,159,573,空
﻿122,16,153,16,153,51,122,51,催
﻿122,51,153,51,153,86,122,86,時
﻿122,86,153,86,153,122,122,122,催
﻿122,122,153,122,153,157,122,157,拱
﻿122,157,153,157,153,192,122,192,朝
﻿122,192,153,192,153,228,122,228,𢚸
﻿123,286,155,286,155,321,123,321,拱
﻿123,321,155,321,155,357,123,357,朱
﻿123,357,155,357,155,392,123,392,朱
﻿123,392,155,392,155,428,123,428,𢪀
﻿123,428,155,428,155,464,123,464,冲
﻿123,464,155,464,155,499,123,499,妄
﻿123,499,155,499,155,535,123,535,𨀈
﻿123,535,155,535,155,571,123,571,𦋦
﻿86,13,118,13,118,48,86,48,産
﻿86,48,118,48,118,83,86,83,󰞹
﻿86,83,118,83,118,119,86,119,音
﻿86,119,118,119,118,154,86,154,閣
﻿86,154,118,154,118,189,86,189,園
﻿86,189,118,189,118,225,86,225,些
﻿85,285,118,285,118,320,85,320,󰡏
﻿85,320,118,320,118,356,85,356,核
﻿85,356,118,356,118,392,85,392,𤾓
﻿85,392,118,392,118,428,85,428,𡱩
﻿85,428,118,428,118,464,85,464,󰡏
﻿85,464,118,464,118,500,85,500,花
﻿85,500,118,500,118,536,85,536,𦊚
﻿85,536,118,536,118,572,85,572,務
﻿47,14,81,14,81,49,47,49,󰡏
﻿47,49,81,49,81,85,47,85,古
﻿47,85,81,85,81,121,47,121,樹
﻿47,121,81,121,81,156,47,156,󰡏
﻿47,156,81,156,81,192,47,192,山
﻿47,192,81,192,81,228,47,228,瑚
﻿46,284,79,284,79,319,46,319,朱
﻿46,319,79,319,79,355,46,355,娘
﻿46,355,79,355,79,391,46,391,𦋦
﻿46,391,79,391,79,427,46,427,妬
﻿46,427,79,427,79,462,46,462,𪧚
﻿46,462,79,462,79,498,46,498,厨
﻿46,498,79,498,79,534,46,534,誦
﻿46,534,79,534,79,570,46,570,经
﻿13,15,43,15,43,50,13,50,曾
﻿13,50,43,50,43,86,13,86,曾
﻿13,86,43,86,43,121,13,121,𡗶
﻿13,121,43,121,43,157,13,157,買
﻿13,157,43,157,43,192,13,192,平
﻿13,192,43,192,43,228,13,228,明
﻿11,285,42,285,42,321,11,321,香
﻿11,321,42,321,42,357,11,357,花
﻿11,357,42,357,42,393,11,393,五
﻿11,393,42,393,42,429,11,429,供
﻿11,429,42,429,42,465,11,465,懺
﻿11,465,42,465,42,501,11,501,生
﻿11,501,42,501,42,537,11,537,礼
﻿11,537,42,537,42,574,11,574,常
