338,10,369,10,369,44,338,44,傕
﻿338,44,369,44,369,79,338,79,时
﻿338,79,369,79,369,113,338,113,傕
﻿338,113,369,113,369,148,338,148,固
﻿338,148,369,148,369,182,338,182,惜
﻿338,182,369,182,369,217,338,217,之
﻿339,274,372,274,372,309,339,309,産
﻿339,309,372,309,372,344,339,344,刀
﻿339,344,372,344,372,380,339,380,𢬣
﻿339,380,372,380,372,415,339,415,襖
﻿339,415,372,415,372,450,339,450,即
﻿339,450,372,450,372,486,339,486,時
﻿339,486,372,486,372,521,339,521,󰇥
﻿339,521,372,521,372,557,339,557,𦋦
﻿302,9,333,9,333,43,302,43,𢜝
﻿302,43,333,43,333,78,302,78,肝
﻿302,78,333,78,333,113,302,113,󰞺
﻿302,113,333,113,333,148,302,148,玉
﻿302,148,333,148,333,183,302,183,料
﻿302,183,333,183,333,218,302,218,花
﻿304,276,335,276,335,311,304,311,媒
﻿304,311,335,311,335,346,304,346,群
﻿304,346,335,346,335,381,304,381,𬂙
﻿304,381,335,381,335,417,304,417,󰘚
﻿304,417,335,417,335,452,304,452,娘
﻿304,452,335,452,335,487,304,487,它
﻿304,487,335,487,335,522,304,522,過
﻿304,522,335,522,335,558,304,558,𢬣
﻿267,9,297,9,297,43,267,43,傷
﻿267,43,297,43,297,78,267,78,喂
﻿267,78,297,78,297,112,267,112,才
﻿267,112,297,112,297,147,267,147,色
﻿267,147,297,147,297,181,267,181,墨
﻿267,181,297,181,297,216,267,216,尼
﻿269,275,300,275,300,310,269,310,𠬠
﻿269,310,300,310,300,345,269,345,刀
﻿269,345,300,345,300,381,269,381,寃
﻿269,381,300,381,300,416,269,416,孽
﻿269,416,300,416,300,451,269,451,𢴑
﻿269,451,300,451,300,487,269,487,𦀊
﻿269,487,300,487,300,522,269,522,󰘩
﻿269,522,300,522,300,558,269,558,塵
﻿231,10,263,10,263,44,231,44,浽
﻿231,44,263,44,263,79,231,79,寃
﻿231,79,263,79,263,113,231,113,破
﻿231,113,263,113,263,148,231,148,𡋿
﻿231,148,263,148,263,182,231,182,賒
﻿231,182,263,182,263,217,231,217,𧵆
﻿236,276,266,276,266,311,236,311,冲
﻿236,311,266,311,266,346,236,346,茹
﻿236,346,266,346,266,381,236,381,㝵
﻿236,381,266,381,266,416,236,416,秩
﻿236,416,266,416,266,451,236,451,𠬠
﻿236,451,266,451,266,486,236,486,吝
﻿236,486,266,486,266,521,236,521,如
﻿236,521,266,521,266,556,236,556,𣑻
﻿197,8,227,8,227,43,197,43,娘
﻿197,43,227,43,227,78,197,78,時
﻿197,78,227,78,227,113,197,113,弼
﻿197,113,227,113,227,148,197,148,弼
﻿197,148,227,148,227,183,197,183,聀
﻿197,183,227,183,227,219,197,219,仙
﻿199,276,232,276,232,311,199,311,媒
﻿199,311,232,311,232,346,199,346,時
﻿199,346,232,346,232,381,199,381,𠬠
﻿199,381,232,381,232,416,199,416,𠬠
﻿199,416,232,416,232,451,199,451,󰘚
﻿199,451,232,451,232,486,199,486,𥚆
﻿199,486,232,486,232,521,199,521,魂
﻿199,521,232,521,232,556,199,556,𠖤
﻿164,7,193,7,193,42,164,42,域
﻿164,42,193,42,193,78,164,78,娘
﻿164,78,193,78,193,114,164,114,𠓨
﻿164,114,193,114,193,149,164,149,准
﻿164,149,193,149,193,185,164,185,軒
﻿164,185,193,185,193,221,164,221,西
﻿163,274,194,274,194,309,163,309,割
﻿163,309,194,309,194,344,163,344,𠊛
﻿163,344,194,344,194,379,163,379,𫀅
﻿163,379,194,379,194,414,163,414,朔
﻿163,414,194,414,194,449,163,449,𧼋
﻿163,449,194,449,194,484,163,484,柴
﻿163,484,194,484,194,519,163,519,𬟥
﻿163,519,194,519,194,555,163,555,湯
﻿129,9,158,9,158,44,129,44,芇
﻿129,44,158,44,158,80,129,80,台
﻿129,80,158,80,158,116,129,116,渚
﻿129,116,158,116,158,151,129,151,歇
﻿129,151,158,151,158,187,129,187,塵
﻿129,187,158,187,158,223,129,223,緣
﻿130,275,159,275,159,310,130,310,𥪝
﻿130,310,159,310,159,345,130,345,迷
﻿130,345,159,345,159,380,130,380,羕
﻿130,380,159,380,159,415,130,415,㐌
﻿130,415,159,415,159,450,130,450,等
﻿130,450,159,450,159,485,130,485,边
﻿130,485,159,485,159,520,130,520,𠬠
﻿130,520,159,520,159,556,130,556,娘
﻿92,10,123,10,123,45,92,45,𠯇
﻿92,45,123,45,123,80,92,80,浪
﻿92,80,123,80,123,115,92,115,因
﻿92,115,123,115,123,150,92,150,果
﻿92,150,123,150,123,185,92,185,󰇥
﻿92,185,123,185,123,221,92,221,揚
﻿92,276,123,276,123,311,92,311,㐌
﻿92,311,123,311,123,346,92,346,󰝺
﻿92,346,123,346,123,381,92,381,遁
﻿92,381,123,381,123,416,92,416,女
﻿92,416,123,416,123,451,92,451,断
﻿92,451,123,451,123,486,92,486,膓
﻿92,486,123,486,123,521,92,521,特
﻿92,521,123,521,123,557,92,557,牢
﻿55,11,85,11,85,46,55,46,数
﻿55,46,85,46,85,81,55,81,群
﻿55,81,85,81,85,116,55,116,󰠱
﻿55,116,85,116,85,151,55,151,業
﻿55,151,85,151,85,186,55,186,𦟐
﻿55,186,85,186,85,221,55,221,桃
﻿56,278,85,278,85,312,56,312,𠊛
﻿56,312,85,312,85,347,56,347,油
﻿56,347,85,347,85,382,56,382,悶
﻿56,382,85,382,85,417,56,417,決
﻿56,417,85,417,85,451,56,451,𡗶
﻿56,451,85,451,85,486,56,486,芇
﻿56,486,85,486,85,521,56,521,㐌
﻿56,521,85,521,85,556,56,556,朱
﻿21,11,49,11,49,46,21,46,唉
﻿21,46,49,46,49,81,21,81,嗔
﻿21,81,49,81,49,117,21,117,歇
﻿21,117,49,117,49,152,21,152,刼
﻿21,152,49,152,49,187,21,187,柳
﻿21,187,49,187,49,223,21,223,蒲
﻿22,275,48,275,48,310,22,310,滝
﻿22,310,48,310,48,345,22,345,錢
﻿22,345,48,345,48,380,22,380,塘
﻿22,380,48,380,48,416,22,416,仕
﻿22,416,48,416,48,451,22,451,限
﻿22,451,48,451,48,486,22,486,㗅
﻿22,486,48,486,48,521,22,521,𧗱
﻿22,521,48,521,48,557,22,557,𨍦
