352,33,383,33,383,68,352,68,泊
﻿352,68,383,68,383,103,352,103,情
﻿352,103,383,103,383,138,352,138,浽
﻿352,138,383,138,383,173,352,173,㗂
﻿352,173,383,173,383,208,352,208,楼
﻿352,208,383,208,383,243,352,243,撑
﻿353,299,386,299,386,334,353,334,𠬠
﻿353,334,386,334,386,369,353,369,𢬣
﻿353,369,386,369,386,405,353,405,墫
﻿353,405,386,405,386,440,353,440,別
﻿353,440,386,440,386,475,353,475,󰋇
﻿353,475,386,475,386,511,353,511,梗
﻿353,511,386,511,386,546,353,546,芙
﻿353,546,386,546,386,582,353,582,蓉
﻿316,34,347,34,347,68,316,68,拖
﻿316,68,347,68,347,103,316,103,刀
﻿316,103,347,103,347,137,316,137,立
﻿316,137,347,137,347,172,316,172,産
﻿316,172,347,172,347,206,316,206,斫
﻿316,206,347,206,347,241,316,241,用
﻿318,301,348,301,348,336,318,336,𨔍
﻿318,336,348,336,348,371,318,371,之
﻿318,371,348,371,348,406,318,406,𠬠
﻿318,406,348,406,348,441,318,441,骨
﻿318,441,348,441,348,476,318,476,𠬠
﻿318,476,348,476,348,511,318,511,童
﻿318,511,348,511,348,546,318,546,初
﻿318,546,348,546,348,581,318,581,󰅒
﻿277,35,312,35,312,70,277,70,固
﻿277,70,312,70,312,105,277,105,𠀧
﻿277,105,312,105,312,140,277,140,𤾓
﻿277,140,312,140,312,175,277,175,两
﻿277,175,312,175,312,210,277,210,𢭂
﻿277,210,312,210,312,245,277,245,𢬣
﻿281,299,313,299,313,334,281,334,空
﻿281,334,313,334,313,369,281,369,仍
﻿281,369,313,369,313,405,281,405,之
﻿281,405,313,405,313,440,281,440,固
﻿281,440,313,440,313,475,281,475,傳
﻿281,475,313,475,313,511,281,511,尼
﻿281,511,313,511,313,546,281,546,路
﻿281,546,313,546,313,582,281,582,箕
﻿242,33,274,33,274,67,242,67,耒
﻿242,67,274,67,274,102,242,102,𦋦
﻿242,102,274,102,274,137,242,137,𠭤
﻿242,137,274,137,274,171,242,171,󰘚
﻿242,171,274,171,274,206,242,206,卽
﻿242,206,274,206,274,241,242,241,時
﻿245,299,276,299,276,334,245,334,扒
﻿245,334,276,334,276,369,245,369,𠳒
﻿245,369,276,369,276,404,245,404,呌
﻿245,404,276,404,276,439,245,439,渚
﻿245,439,276,439,276,474,245,474,淶
﻿245,474,276,474,276,509,245,509,之
﻿245,509,276,509,276,544,245,544,麻
﻿245,544,276,544,276,579,245,579,𠁀
﻿207,33,239,33,239,67,207,67,娘
﻿207,67,239,67,239,102,207,102,浪
﻿207,102,239,102,239,136,207,136,誓
﻿207,136,239,136,239,171,207,171,説
﻿207,171,239,171,239,205,207,205,󰠱
﻿207,205,239,205,239,240,207,240,𠳒
﻿210,296,241,296,241,331,210,331,󰡏
﻿210,331,241,331,241,366,210,366,󰠳
﻿210,366,241,366,241,401,210,401,麻
﻿210,401,241,401,241,437,210,437,吏
﻿210,437,241,437,241,472,210,472,固
﻿210,472,241,472,241,507,210,507,㝵
﻿210,507,241,507,241,542,210,542,險
﻿210,542,241,542,241,578,210,578,溇
﻿172,33,204,33,204,67,172,67,群
﻿172,67,204,67,204,102,172,102,登
﻿172,102,204,102,204,137,172,137,推
﻿172,137,204,137,204,172,172,172,畧
﻿172,172,204,172,204,207,172,207,𢪀
﻿172,207,204,207,204,242,172,242,娄
﻿173,298,206,298,206,332,173,332,󰘚
﻿173,332,206,332,206,367,173,367,模
﻿173,367,206,367,206,402,173,402,㐌
﻿173,402,206,402,206,437,173,437,体
﻿173,437,206,437,206,472,173,472,於
﻿173,472,206,472,206,507,173,507,󰠳
﻿173,507,206,507,206,542,173,542,引
﻿173,542,206,542,206,577,173,577,𠓨
﻿136,31,166,31,166,66,136,66,楚
﻿136,66,166,66,166,101,136,101,卿
﻿136,101,166,101,166,136,136,136,蓮
﻿136,136,166,136,166,171,136,171,㗂
﻿136,171,166,171,166,206,136,206,嘹
﻿136,206,166,206,166,241,136,241,哰
﻿140,295,169,295,169,330,140,330,喥
﻿140,330,169,330,169,365,140,365,𦖑
﻿140,365,169,365,169,400,140,400,娘
﻿140,400,169,400,169,435,140,435,󰡏
﻿140,435,169,435,169,470,140,470,昆
﻿140,470,169,470,169,505,140,505,芇
﻿140,505,169,505,169,540,140,540,扵
﻿140,540,169,540,169,575,140,575,低
﻿103,32,131,32,131,66,103,66,抛
﻿103,66,131,66,131,101,103,101,朱
﻿103,101,131,101,131,135,103,135,眷
﻿103,135,131,135,131,170,103,170,𫗄
﻿103,170,131,170,131,204,103,204,𫫵
﻿103,204,131,204,131,239,103,239,𦝄
﻿105,297,136,297,136,332,105,332,唉
﻿105,332,136,332,136,367,105,367,𫀅
﻿105,367,136,367,136,402,105,402,固
﻿105,402,136,402,136,437,105,437,別
﻿105,437,136,437,136,472,105,472,󰘚
﻿105,472,136,472,136,507,105,507,尼
﻿105,507,136,507,136,542,105,542,󰑼
﻿105,542,136,542,136,577,105,577,埃
﻿66,34,97,34,97,68,66,68,娘
﻿66,68,97,68,97,103,66,103,浪
﻿66,103,97,103,97,138,66,138,催
﻿66,138,97,138,97,172,66,172,󰡫
﻿66,172,97,172,97,207,66,207,時
﻿66,207,97,207,97,242,66,242,催
﻿68,297,97,297,97,331,68,331,浪
﻿68,331,97,331,97,366,68,366,空
﻿68,366,97,366,97,401,68,401,時
﻿68,401,97,401,97,436,68,436,拱
﻿68,436,97,436,97,470,68,470,𪡔
﻿68,470,97,470,97,505,68,505,𠳒
﻿68,505,97,505,97,540,68,540,浪
﻿68,540,97,540,97,575,68,575,空
﻿28,31,59,31,59,65,28,65,楚
﻿28,65,59,65,59,100,28,100,卿
﻿28,100,59,100,59,135,28,135,咶
﻿28,135,59,135,59,169,28,169,噒
﻿28,169,59,169,59,204,28,204,同
﻿28,204,59,204,59,239,28,239,同
﻿30,298,63,298,63,332,30,332,𨀈
﻿30,332,63,332,63,367,30,367,𠓨
﻿30,367,63,367,63,401,30,401,皮
﻿30,401,63,401,63,436,30,436,立
﻿30,436,63,436,63,471,30,471,恃
﻿30,471,63,471,63,505,30,505,䧺
﻿30,505,63,505,63,540,30,540,𦋦
﻿30,540,63,540,63,575,30,575,𢬣
