375,8,408,8,408,41,375,41,参
﻿375,41,408,41,408,74,375,74,傷
﻿375,74,408,74,408,108,375,108,𫽄
﻿375,108,408,108,408,141,375,141,院
﻿375,141,408,141,408,174,375,174,𫳘
﻿375,174,408,174,408,208,375,208,從
﻿374,251,409,251,409,283,374,283,在
﻿374,283,409,283,409,315,374,315,埃
﻿374,315,409,315,409,347,374,347,呵
﻿374,347,409,347,409,379,374,379,敢
﻿374,379,409,379,409,411,374,411,負
﻿374,411,409,411,409,443,374,443,𢚸
﻿374,443,409,443,409,475,374,475,故
﻿374,475,409,475,409,507,374,507,人
﻿341,10,373,10,373,43,341,43,錦
﻿341,43,373,43,373,76,341,76,𤾓
﻿341,76,373,76,373,109,341,109,卷
﻿341,109,373,109,373,142,341,142,泊
﻿341,142,373,142,373,175,341,175,𠦳
﻿341,175,373,175,373,209,341,209,斤
﻿341,250,372,250,372,282,341,282,謝
﻿341,282,372,282,372,315,341,315,𢚸
﻿341,315,372,315,372,347,341,347,易
﻿341,347,372,347,372,380,341,380,称
﻿341,380,372,380,372,412,341,412,報
﻿341,412,372,412,372,445,341,445,恩
﻿341,445,372,445,372,477,341,477,噲
﻿341,477,372,477,372,510,341,510,󰑼
﻿308,10,339,10,339,43,308,43,㛪
﻿308,43,339,43,339,76,308,76,払
﻿308,76,339,76,339,109,308,109,鬼
﻿308,109,339,109,339,142,308,142,怪
﻿308,142,339,142,339,175,308,175,精
﻿308,175,339,175,339,209,308,209,魔
﻿307,248,340,248,340,280,307,280,番
﻿307,280,340,280,340,313,307,313,尼
﻿307,313,340,313,340,346,307,346,几
﻿307,346,340,346,340,379,307,379,󰠗
﻿307,379,340,379,340,412,307,412,󰜏
﻿307,412,340,412,340,445,307,445,𫅷
﻿307,445,340,445,340,478,307,478,﨤
﻿307,478,340,478,340,511,307,511,饒
﻿276,12,306,12,306,44,276,44,蜆
﻿276,44,306,44,306,77,276,77,𨁏
﻿276,77,306,77,306,110,276,110,𠰘
﻿276,110,306,110,306,143,276,143,󱋓
﻿276,143,306,143,306,176,276,176,渚
﻿276,176,306,176,306,209,276,209,𥹰
﻿275,249,306,249,306,281,275,281,謀
﻿275,281,306,281,306,314,275,314,溇
﻿275,314,306,314,306,346,275,346,拱
﻿275,346,306,346,306,379,275,379,者
﻿275,379,306,379,306,411,275,411,義
﻿275,411,306,411,306,444,275,444,溇
﻿275,444,306,444,306,476,275,476,朱
﻿275,476,306,476,306,509,275,509,皮
﻿243,12,275,12,275,44,243,44,束
﻿243,44,275,44,275,76,243,76,生
﻿243,76,275,76,275,109,243,109,𬂙
﻿243,109,275,109,275,141,243,141,󰘚
﻿243,141,275,141,275,173,243,173,閉
﻿243,173,275,173,275,206,243,206,𣇞
﻿242,247,271,247,271,280,242,280,蒲
﻿242,280,271,280,271,313,242,313,灰
﻿242,313,271,313,271,346,242,346,払
﻿242,346,271,346,271,379,242,379,㐌
﻿242,379,271,379,271,412,242,412,如
﻿242,412,271,412,271,445,242,445,湄
﻿242,445,271,445,271,478,242,478,𣿌
﻿242,478,271,478,271,511,242,511,滛
﻿212,14,240,14,240,46,212,46,𢚸
﻿212,46,240,46,240,78,212,78,貞
﻿212,78,240,78,240,110,212,110,𢜠
﻿212,110,240,110,240,142,212,142,𢜝
﻿212,142,240,142,240,174,212,174,坤
﻿212,174,240,174,240,207,212,207,扲
﻿210,247,239,247,239,279,210,279,𢜝
﻿210,279,239,279,239,312,210,312,台
﻿210,312,239,312,239,345,210,345,麻
﻿210,345,239,345,239,378,210,378,吏
﻿210,378,239,378,239,411,210,411,𢜠
﻿210,411,239,411,239,444,210,444,󰠐
﻿210,444,239,444,239,477,210,477,朱
﻿210,477,239,477,239,510,210,510,埃
﻿180,11,210,11,210,43,180,43,媒
﻿180,43,210,43,210,75,180,75,𫅷
﻿180,75,210,75,210,108,180,108,師
﻿180,108,210,108,210,140,180,140,長
﻿180,140,210,140,210,172,180,172,次
﻿180,172,210,172,210,205,180,205,𠄩
﻿177,248,208,248,208,281,177,281,脱
﻿177,281,208,281,208,314,177,314,迻
﻿177,314,208,314,208,347,177,347,且
﻿177,347,208,347,208,380,177,380,畧
﻿177,380,208,380,208,413,177,413,倍
﻿177,413,208,413,208,446,177,446,𠶆
﻿177,446,208,446,208,479,177,479,蓮
﻿177,479,208,479,208,512,177,512,𨕭
﻿147,10,178,10,178,42,147,42,𢴑
﻿147,42,178,42,178,74,147,74,𢬣
﻿147,74,178,74,178,107,147,107,𨷑
﻿147,107,178,107,178,139,147,139,󰘚
﻿147,139,178,139,178,171,147,171,朱
﻿147,171,178,171,178,204,147,204,𥚆
﻿142,247,175,247,175,279,142,279,花
﻿142,279,175,279,175,312,142,312,箕
﻿142,312,175,312,175,345,142,345,怒
﻿142,345,175,345,175,378,142,378,貝
﻿142,378,175,378,175,411,142,411,濯
﻿142,411,175,411,175,444,142,444,泉
﻿142,444,175,444,175,477,142,477,拱
﻿142,477,175,477,175,510,142,510,碎
﻿112,13,145,13,145,45,112,45,𢖵
﻿112,45,145,45,145,78,112,78,欺
﻿112,78,145,78,145,111,112,111,侶
﻿112,111,145,111,145,144,112,144,跳
﻿112,144,145,144,145,177,112,177,仕
﻿112,177,145,177,145,210,112,210,潙
﻿110,246,140,246,140,279,110,279,𡽫
﻿110,279,140,279,140,313,110,313,鐄
﻿110,313,140,313,140,346,110,346,渚
﻿110,346,140,346,140,380,110,380,易
﻿110,380,140,380,140,413,110,413,填
﻿110,413,140,413,140,447,110,447,倍
﻿110,447,140,447,140,480,110,480,𬌓
﻿110,480,140,480,140,514,110,514,傷
﻿80,14,109,14,109,46,80,46,𠦳
﻿80,46,109,46,109,78,80,78,鐄
﻿80,78,109,78,109,110,80,110,噲
﻿80,110,109,110,109,142,80,142,𡮍
﻿80,142,109,142,109,174,80,174,礼
﻿80,174,109,174,109,207,80,207,常
﻿78,246,108,246,108,279,78,279,麻
﻿78,279,108,279,108,312,78,312,𢚸
﻿78,312,108,312,108,346,78,346,漂
﻿78,346,108,346,108,379,78,379,母
﻿78,379,108,379,108,412,78,412,󰋇
﻿78,412,108,412,108,446,78,446,鐄
﻿78,446,108,446,108,479,78,479,朱
﻿78,479,108,479,108,513,78,513,斤
﻿47,12,78,12,78,44,47,44,𠄩
﻿47,44,78,44,78,77,47,77,𠊛
﻿47,77,78,77,78,109,47,109,𬂙
﻿47,109,78,109,78,142,47,142,󰘚
﻿47,142,78,142,78,174,47,174,秦
﻿47,174,78,174,78,207,47,207,銀
﻿44,246,76,246,76,279,44,279,姅
﻿44,279,76,279,76,312,44,312,分
﻿44,312,76,312,76,345,44,345,怯
﻿44,345,76,345,76,378,44,378,𢜝
﻿44,378,76,378,76,411,44,411,姅
﻿44,411,76,411,76,444,44,444,分
﻿44,444,76,444,76,477,44,477,𢜠
﻿44,477,76,477,76,510,44,510,𢝙
﻿14,12,45,12,45,44,14,44,娘
﻿14,44,45,44,45,76,14,76,浪
﻿14,76,45,76,45,108,14,108,吒
﻿14,108,45,108,45,140,14,140,唉
﻿14,140,45,140,45,172,14,172,󰟱
﻿14,172,45,172,45,205,14,205,𡓮
﻿11,246,43,246,43,279,11,279,󰏙
﻿11,279,43,279,43,312,11,312,朱
﻿11,312,43,312,43,345,11,345,𤑟
﻿11,345,43,345,43,379,11,379,󰘚
﻿11,379,43,379,43,412,11,412,別
﻿11,412,43,412,43,445,11,445,碎
﻿11,445,43,445,43,478,11,478,報
﻿11,478,43,478,43,512,11,512,𫌵
