349,12,381,12,381,47,349,47,弹
﻿349,47,381,47,381,83,349,83,󰜏
﻿349,83,381,83,381,119,349,119,易
﻿349,119,381,119,381,154,349,154,󰡏
﻿349,154,381,154,381,190,349,190,󰋇
﻿349,190,381,190,381,226,349,226,𢬣
﻿351,279,388,279,388,313,351,313,𠁀
﻿351,313,388,313,388,348,351,348,初
﻿351,348,388,348,388,383,351,383,󰋇
﻿351,383,388,383,388,418,351,418,󰘚
﻿351,418,388,418,388,452,351,452,𠁀
﻿351,452,388,452,388,487,351,487,尼
﻿351,487,388,487,388,522,351,522,󰋇
﻿351,522,388,522,388,557,351,557,肝
﻿312,12,346,12,346,48,312,48,易
﻿312,48,346,48,346,84,312,84,揚
﻿312,84,346,84,346,120,312,120,󰑼
﻿312,120,346,120,346,156,312,156,𫗁
﻿312,156,346,156,346,192,312,192,紅
﻿312,192,346,192,346,228,312,228,顔
﻿315,278,348,278,348,313,315,313,強
﻿315,313,348,313,348,348,315,348,荄
﻿315,348,348,348,348,384,315,384,󰠘
﻿315,384,348,384,348,419,315,419,𡗋
﻿315,419,348,419,348,454,315,454,強
﻿315,454,348,454,348,490,315,490,寃
﻿315,490,348,490,348,525,315,525,債
﻿315,525,348,525,348,561,315,561,𡗉
﻿278,10,309,10,309,45,278,45,宦
﻿278,45,309,45,309,81,278,81,姐
﻿278,81,309,81,309,117,278,117,魄
﻿278,117,309,117,309,153,278,153,落
﻿278,153,309,153,309,189,278,189,魄
﻿278,189,309,189,309,225,278,225,漂
﻿280,278,311,278,311,313,280,313,叩
﻿280,313,311,313,311,348,280,348,頭
﻿280,348,311,348,311,383,280,383,󰡎
﻿280,383,311,383,311,419,280,419,帳
﻿280,419,311,419,311,454,280,454,捛
﻿280,454,311,454,311,489,280,489,調
﻿280,489,311,489,311,524,280,524,呌
﻿280,524,311,524,311,560,280,560,𰙔
﻿241,12,273,12,273,47,241,47,浪
﻿241,47,273,47,273,82,241,82,碎
﻿241,82,273,82,273,117,241,117,㤕
﻿241,117,273,117,273,152,241,152,胣
﻿241,152,273,152,273,187,241,187,弹
﻿241,187,273,187,273,223,241,223,󰜏
﻿244,278,275,278,275,313,244,313,悭
﻿244,313,275,313,275,348,244,348,𡀢
﻿244,348,275,348,275,384,244,384,時
﻿244,384,275,384,275,419,244,419,拱
﻿244,419,275,419,275,454,244,454,㝵
﻿244,454,275,454,275,490,244,490,些
﻿244,490,275,490,275,525,244,525,常
﻿244,525,275,525,275,561,244,561,情
﻿205,12,238,12,238,47,205,47,𢪀
﻿205,47,238,47,238,83,205,83,朱
﻿205,83,238,83,238,118,205,118,欺
﻿205,118,238,118,238,154,205,154,阁
﻿205,154,238,154,238,189,205,189,曰
﻿205,189,238,189,238,225,205,225,經
﻿207,278,242,278,242,313,207,313,貝
﻿207,313,242,313,242,348,207,348,欺
﻿207,348,242,348,242,383,207,383,塊
﻿207,383,242,383,242,419,207,419,㪯
﻿207,419,242,419,242,454,207,454,𢴑
﻿207,454,242,454,242,489,207,489,情
﻿207,489,242,489,242,524,207,524,󰝸
﻿207,524,242,524,242,560,207,560,蹺
﻿171,13,201,13,201,48,171,48,𢚸
﻿171,48,201,48,201,83,171,83,貞
﻿171,83,201,83,201,118,171,118,貞
﻿171,118,201,118,201,153,171,153,拱
﻿171,153,201,153,201,188,171,188,敬
﻿171,188,201,188,201,223,171,223,腰
﻿171,277,205,277,205,312,171,312,𫯳
﻿171,312,205,312,205,348,171,348,鍾
﻿171,348,205,348,205,383,171,383,渚
﻿171,383,205,383,205,419,171,419,易
﻿171,419,205,419,205,454,171,454,埃
﻿171,454,205,454,205,490,171,490,朝
﻿171,490,205,490,205,525,171,525,朱
﻿171,525,205,525,205,561,171,561,埃
﻿135,11,163,11,163,46,135,46,律
﻿135,46,163,46,163,82,135,82,𢚸
﻿135,82,163,82,163,118,135,118,𨠳
﻿135,118,163,118,163,153,135,153,役
﻿135,153,163,153,163,189,135,189,蔠
﻿135,189,163,189,163,225,135,225,荄
﻿136,277,165,277,165,312,136,312,群
﻿136,312,165,312,165,347,136,347,𢘾
﻿136,347,165,347,165,382,136,382,量
﻿136,382,165,382,165,418,136,418,𣷭
﻿136,418,165,418,165,453,136,453,傷
﻿136,453,165,453,165,488,136,488,排
﻿136,488,165,488,165,523,136,523,芇
﻿136,523,165,523,165,559,136,559,庄
﻿100,9,130,9,130,44,100,44,𠸦
﻿100,44,130,44,130,80,100,80,朱
﻿100,80,130,80,130,115,100,115,实
﻿100,115,130,115,130,151,100,151,㐌
﻿100,151,130,151,130,186,100,186,𢧚
﻿100,186,130,186,130,222,100,222,浪
﻿101,279,130,279,130,313,101,313,坤
﻿101,313,130,313,130,348,101,348,頑
﻿101,348,130,348,130,383,101,383,旦
﻿101,383,130,383,130,418,101,418,墨
﻿101,418,130,418,130,452,101,452,呐
﻿101,452,130,452,130,487,101,487,能
﻿101,487,130,487,130,522,101,522,沛
﻿101,522,130,522,130,557,101,557,𠳒
﻿65,13,95,13,95,48,65,48,他
﻿65,48,95,48,95,83,65,83,𦋦
﻿65,83,95,83,95,119,65,119,時
﻿65,119,95,119,95,154,65,154,拱
﻿65,154,95,154,95,189,65,189,理
﻿65,189,95,189,95,225,65,225,𠁀
﻿65,278,97,278,97,313,65,313,爫
﻿65,313,97,313,97,348,65,348,𦋦
﻿65,348,97,348,97,383,65,383,時
﻿65,383,97,383,97,418,65,418,拱
﻿65,418,97,418,97,453,65,453,𦋦
﻿65,453,97,453,97,488,65,488,㝵
﻿65,488,97,488,97,523,65,523,𡮈
﻿65,523,97,523,97,558,65,558,然
﻿26,16,61,16,61,51,26,51,㐌
﻿26,51,61,51,61,86,26,86,𢚸
﻿26,86,61,86,61,121,26,121,知
﻿26,121,61,121,61,156,26,156,過
﻿26,156,61,156,61,191,26,191,時
﻿26,191,61,191,61,226,26,226,𢧚
﻿28,278,60,278,60,312,28,312,傳
﻿28,312,60,312,60,347,28,347,軍
﻿28,347,60,347,60,381,28,381,令
﻿28,381,60,381,60,416,28,416,𬺗
﻿28,416,60,416,60,450,28,450,帳
﻿28,450,60,450,60,485,28,485,前
﻿28,485,60,485,60,519,28,519,他
﻿28,519,60,519,60,554,28,554,𣦍
