349,14,378,14,378,48,349,48,几
﻿349,48,378,48,378,83,349,83,湯
﻿349,83,378,83,378,118,349,118,㝵
﻿349,118,378,118,378,153,349,153,𬟥
﻿349,153,378,153,378,188,349,188,排
﻿349,188,378,188,378,223,349,223,排
﻿347,281,376,281,376,315,347,315,買
﻿347,315,376,315,376,350,347,350,油
﻿347,350,376,350,376,385,347,385,千
﻿347,385,376,385,376,420,347,420,彙
﻿347,420,376,420,376,455,347,455,渚
﻿347,455,376,455,376,490,347,490,泒
﻿347,490,376,490,376,525,347,525,湥
﻿347,525,376,525,376,560,347,560,紅
﻿311,13,343,13,343,48,311,48,𠳨
﻿311,48,343,48,343,83,311,83,牢
﻿311,83,343,83,343,118,311,118,𦋦
﻿311,118,343,118,343,153,311,153,事
﻿311,153,343,153,343,188,311,188,𨔍
﻿311,188,343,188,343,224,311,224,𨓡
﻿311,280,342,280,342,315,311,315,翹
﻿311,315,342,315,342,350,311,350,強
﻿311,350,342,350,342,385,311,385,慝
﻿311,385,342,385,342,420,311,420,𦬑
﻿311,420,342,420,342,455,311,455,𩦓
﻿311,455,342,455,342,490,311,490,空
﻿311,490,342,490,342,525,311,525,𦋦
﻿311,525,342,525,342,560,311,560,𠳒
﻿275,11,308,11,308,46,275,46,挼
﻿275,46,308,46,308,81,275,81,娘
﻿275,81,308,81,308,116,275,116,雲
﻿275,116,308,116,308,151,275,151,買
﻿275,151,308,151,308,186,275,186,𠯇
﻿275,186,308,186,308,222,275,222,𦖻
﻿274,279,306,279,306,314,274,314,隻
﻿274,314,306,314,306,349,274,349,㮠
﻿274,349,306,349,306,384,274,384,低
﻿274,384,306,384,306,420,274,420,貝
﻿274,420,306,420,306,455,274,455,詞
﻿274,455,306,455,306,490,274,490,掊
﻿274,490,306,490,306,525,274,525,扵
﻿274,525,306,525,306,561,274,561,低
﻿238,12,271,12,271,47,238,47,𪽝
﻿238,47,271,47,271,83,238,83,吒
﻿238,83,271,83,271,119,238,119,爫
﻿238,119,271,119,271,155,238,155,𰦫
﻿238,155,271,155,271,191,238,191,綠
﻿238,191,271,191,271,227,238,227,眉
﻿239,280,270,280,270,314,239,314,催
﻿239,314,270,314,270,349,239,349,時
﻿239,349,270,349,270,384,239,384,挼
﻿239,384,270,384,270,419,239,419,󰀎
﻿239,419,270,419,270,454,239,454,娄
﻿239,454,270,454,270,489,239,489,尼
﻿239,489,270,489,270,524,239,524,㐌
﻿239,524,270,524,270,559,239,559,㛪
﻿205,8,236,8,236,43,205,43,爲
﻿205,43,236,43,236,79,205,79,埃
﻿205,79,236,79,236,115,205,115,𣳔
﻿205,115,236,115,236,151,205,151,改
﻿205,151,236,151,236,187,205,187,淶
﻿205,187,236,187,236,223,205,223,金
﻿203,279,236,279,236,314,203,314,底
﻿203,314,236,314,236,349,203,349,昆
﻿203,349,236,349,236,385,203,385,䕯
﻿203,385,236,385,236,420,203,420,浽
﻿203,420,236,420,236,455,203,455,𫡮
﻿203,455,236,455,236,491,203,491,沉
﻿203,491,236,491,236,526,203,526,爲
﻿203,526,236,526,236,562,203,562,埃
﻿169,13,202,13,202,48,169,48,𠳒
﻿169,48,202,48,202,84,169,84,昆
﻿169,84,202,84,202,119,169,119,𠸕
﻿169,119,202,119,202,155,169,155,吏
﻿169,155,202,155,202,190,169,190,𠬠
﻿169,190,202,190,202,226,169,226,𠄩
﻿168,281,199,281,199,316,168,316,油
﻿168,316,199,316,199,351,168,351,𤷱
﻿168,351,199,351,199,386,168,386,銀
﻿168,386,199,386,199,421,168,421,𥒥
﻿168,421,199,421,199,456,168,456,敢
﻿168,456,199,456,199,491,168,491,差
﻿168,491,199,491,199,526,168,526,𡬷
﻿168,526,199,526,199,562,168,562,鐄
﻿134,12,165,12,165,46,134,46,𥛉
﻿134,46,165,46,165,81,134,81,催
﻿134,81,165,81,165,116,134,116,娘
﻿134,116,165,116,165,151,134,151,吏
﻿134,151,165,151,165,186,134,186,鍊
﻿134,186,165,186,165,221,134,221,呈
﻿134,279,164,279,164,314,134,314,𢘾
﻿134,314,164,314,164,349,134,349,吒
﻿134,349,164,349,164,384,134,384,者
﻿134,384,164,384,164,419,134,419,特
﻿134,419,164,419,164,454,134,454,󰒂
﻿134,454,164,454,164,489,134,489,払
﻿134,489,164,489,164,524,134,524,朱
﻿134,524,164,524,164,559,134,559,吹
﻿100,11,129,11,129,46,100,46,説
﻿100,46,129,46,129,81,100,81,之
﻿100,81,129,81,129,117,100,117,身
﻿100,117,129,117,129,152,100,152,分
﻿100,152,129,152,129,187,100,187,碎
﻿100,187,129,187,129,223,100,223,隊
﻿97,279,128,279,128,314,97,314,酉
﻿97,314,128,314,128,349,97,349,浪
﻿97,349,128,349,128,384,97,384,昌
﻿97,384,128,384,128,420,97,420,𤽸
﻿97,420,128,420,128,455,97,455,闺
﻿97,455,128,455,128,490,97,490,㝵
﻿97,490,128,490,128,525,97,525,爱
﻿97,525,128,525,128,561,97,561,兜
﻿62,8,96,8,96,44,62,44,掣
﻿62,44,96,44,96,80,62,80,兜
﻿62,80,96,80,96,116,62,116,𥪝
﻿62,116,96,116,96,152,62,152,浽
﻿62,152,96,152,96,188,62,188,󰌺
﻿62,188,96,188,96,224,62,224,愁
﻿62,278,92,278,92,312,62,312,刻
﻿62,312,92,312,92,347,62,347,更
﻿62,347,92,347,92,382,62,382,㐌
﻿62,382,92,382,92,417,62,417,𠽖
﻿62,417,92,417,92,451,62,451,南
﻿62,451,92,451,92,486,62,486,楼
﻿62,486,92,486,92,521,62,521,󰋇
﻿62,521,92,521,92,556,62,556,囘
﻿24,8,59,8,59,43,24,43,轎
﻿24,43,59,43,59,78,24,78,花
﻿24,78,59,78,59,114,24,114,󰠲
﻿24,114,59,114,59,149,24,149,㐌
﻿24,149,59,149,59,184,24,184,旦
﻿24,184,59,184,59,220,24,220,外
﻿25,274,56,274,56,309,25,309,管
﻿25,309,56,309,56,345,25,345,絃
﻿25,345,56,345,56,380,25,380,󰠲
﻿25,380,56,380,56,416,25,416,㐌
﻿25,416,56,416,56,451,25,451,𠽖
﻿25,451,56,451,56,487,25,487,𣈜
﻿25,487,56,487,56,522,25,522,生
﻿25,522,56,522,56,558,25,558,漓
