375,16,403,16,403,47,375,47,楚
﻿375,47,403,47,403,79,375,79,卿
﻿375,79,403,79,403,111,375,111,咕
﻿375,111,403,111,403,142,375,142,噒
﻿375,142,403,142,403,174,375,174,同
﻿375,174,403,174,403,206,375,206,同
﻿374,251,406,251,406,283,374,283,𨀈
﻿374,283,406,283,406,316,374,316,𠓨
﻿374,316,406,316,406,348,374,348,皮
﻿374,348,406,348,406,381,374,381,立
﻿374,381,406,381,406,413,374,413,恃
﻿374,413,406,413,406,446,374,446,䧺
﻿374,446,406,446,406,478,374,478,𦋦
﻿374,478,406,478,406,511,374,511,𢬣
﻿340,16,370,16,370,47,340,47,娘
﻿340,47,370,47,370,78,340,78,浪
﻿340,78,370,78,370,110,340,110,𡗶
﻿340,110,370,110,370,141,340,141,尔
﻿340,141,370,141,370,172,340,172,固
﻿340,172,370,172,370,204,340,204,咍
﻿339,249,370,249,370,282,339,282,眷
﻿339,282,370,282,370,315,339,315,鸚
﻿339,315,370,315,370,348,339,348,𢷀
﻿339,348,370,348,370,381,339,381,燕
﻿339,381,370,381,370,414,339,414,事
﻿339,414,370,414,370,447,339,447,尼
﻿339,447,370,447,370,480,339,480,在
﻿339,480,370,480,370,513,339,513,埃
﻿308,15,337,15,337,46,308,46,󰝡
﻿308,46,337,46,337,78,308,78,𠊛
﻿308,78,337,78,337,110,308,110,𢩽
﻿308,110,337,110,337,141,308,141,𫴋
﻿308,141,337,141,337,173,308,173,汫
﻿308,173,337,173,337,205,308,205,台
﻿308,250,338,250,338,282,308,282,呐
﻿308,282,338,282,338,315,308,315,耒
﻿308,315,338,315,338,348,308,348,耒
﻿308,348,338,348,338,381,308,381,吏
﻿308,381,338,381,338,414,308,414,咹
﻿308,414,338,414,338,447,308,447,𠳒
﻿308,447,338,447,338,480,308,480,特
﻿308,480,338,480,338,513,308,513,𣦍
﻿275,13,306,13,306,45,275,45,群
﻿275,45,306,45,306,77,275,77,箋
﻿275,77,306,77,306,109,275,109,昔
﻿275,109,306,109,306,141,275,141,越
﻿275,141,306,141,306,173,275,173,於
﻿275,173,306,173,306,205,275,205,𢬣
﻿274,248,306,248,306,281,274,281,𤑟
﻿274,281,306,281,306,314,274,314,𤉜
﻿274,314,306,314,306,347,274,347,󰘚
﻿274,347,306,347,306,380,274,380,󰀎
﻿274,380,306,380,306,413,274,413,󰘚
﻿274,413,306,413,306,446,274,446,尼
﻿274,446,306,446,306,479,274,479,渚
﻿274,479,306,479,306,513,274,513,埃
﻿243,16,273,16,273,47,243,47,𠳒
﻿243,47,273,47,273,78,243,78,𣦍
﻿243,78,273,78,273,110,243,110,東
﻿243,110,273,110,273,141,243,141,󰘚
﻿243,141,273,141,273,172,243,172,𥪞
﻿243,172,273,172,273,204,243,204,外
﻿242,253,273,253,273,285,242,285,几
﻿242,285,273,285,273,318,242,318,吱
﻿242,318,273,318,273,350,242,350,不
﻿242,350,273,350,273,383,242,383,󰒂
﻿242,383,273,383,273,415,242,415,𠊛
﻿242,415,273,415,273,448,242,448,唭
﻿242,448,273,448,273,480,242,480,󰟁
﻿242,480,273,480,273,513,242,513,良
﻿213,13,242,13,242,45,213,45,負
﻿213,45,242,45,242,77,213,77,情
﻿213,77,242,77,242,109,213,109,案
﻿213,109,242,109,242,141,213,141,㐌
﻿213,141,242,141,242,173,213,173,𤑟
﻿213,173,242,173,242,206,213,206,𤉜
﻿210,251,240,251,240,283,210,283,除
﻿210,283,240,283,240,316,210,316,衝
﻿210,316,240,316,240,348,210,348,擬
﻿210,348,240,348,240,381,210,381,買
﻿210,381,240,381,240,414,210,414,劍
﻿210,414,240,414,240,446,210,446,塘
﻿210,446,240,446,240,479,210,479,操
﻿210,479,240,479,240,512,210,512,𨆢
﻿176,13,209,13,209,45,176,45,房
﻿176,45,209,45,209,77,176,77,𥢆
﻿176,77,209,77,209,109,176,109,𥢆
﻿176,109,209,109,209,141,176,141,仍
﻿176,141,209,141,209,173,176,173,湥
﻿176,173,209,173,209,205,176,205,洡
﻿178,248,209,248,209,281,178,281,擬
﻿178,281,209,281,209,314,178,314,身
﻿178,314,209,314,209,347,178,347,麻
﻿178,347,209,347,209,380,178,380,吏
﻿178,380,209,380,209,413,178,413,唅
﻿178,413,209,413,209,446,178,446,𠿯
﻿178,446,209,446,209,479,178,479,朱
﻿178,479,209,479,209,512,178,512,身
﻿145,12,175,12,175,43,145,43,惜
﻿145,43,175,43,175,75,145,75,台
﻿145,75,175,75,175,107,145,107,𥪞
﻿145,107,175,107,175,139,145,139,價
﻿145,139,175,139,175,171,145,171,𤽸
﻿145,171,175,171,175,203,145,203,銀
﻿142,248,174,248,174,281,142,281,典
﻿142,281,174,281,174,314,142,314,風
﻿142,314,174,314,174,347,142,347,塵
﻿142,347,174,347,174,380,142,380,拱
﻿142,380,174,380,174,413,142,413,風
﻿142,413,174,413,174,446,142,446,塵
﻿142,446,174,446,174,479,142,479,如
﻿142,479,174,479,174,512,142,512,唉
﻿113,15,143,15,143,46,113,46,粃
﻿113,46,143,46,143,78,113,78,𢝙
﻿113,78,143,78,143,109,113,109,拱
﻿113,109,143,109,143,141,113,141,󰜋
﻿113,141,143,141,143,172,113,172,刼
﻿113,172,143,172,143,204,113,204,𠊛
﻿108,250,140,250,140,282,108,282,紅
﻿108,282,140,282,140,315,108,315,顔
﻿108,315,140,315,140,347,108,347,沛
﻿108,347,140,347,140,380,108,380,眾
﻿108,380,140,380,140,412,108,412,於
﻿108,412,140,412,140,445,108,445,𠁀
﻿108,445,140,445,140,477,108,477,買
﻿108,477,140,477,140,510,108,510,油
﻿80,15,110,15,110,46,80,46,刼
﻿80,46,110,46,110,77,80,77,初
﻿80,77,110,77,110,109,80,109,㐌
﻿80,109,110,109,110,140,80,140,唪
﻿80,140,110,140,110,171,80,171,塘
﻿80,171,110,171,110,203,80,203,修
﻿76,248,107,248,107,280,76,280,刼
﻿76,280,107,280,107,313,76,313,尼
﻿76,313,107,313,107,345,76,345,拯
﻿76,345,107,345,107,378,76,378,矯
﻿76,378,107,378,107,411,76,411,填
﻿76,411,107,411,107,443,76,443,蒲
﻿76,443,107,443,107,476,76,476,買
﻿76,476,107,476,107,509,76,509,吹
﻿44,12,78,12,78,43,44,43,油
﻿44,43,78,43,78,75,44,75,𫳵
﻿44,75,78,75,78,107,44,107,󰜍
﻿44,107,78,107,78,139,44,139,㐌
﻿44,139,78,139,78,171,44,171,捛
﻿44,171,78,171,78,203,44,203,淶
﻿43,246,74,246,74,279,43,279,𥙩
﻿43,279,74,279,74,312,43,312,身
﻿43,312,74,312,74,345,43,345,麻
﻿43,345,74,345,74,379,43,379,者
﻿43,379,74,379,74,412,43,412,𡢻
﻿43,412,74,412,74,445,43,445,𠁀
﻿43,445,74,445,74,478,43,478,朱
﻿43,478,74,478,74,512,43,512,衝
﻿12,16,42,16,42,46,12,46,皮
﻿12,46,42,46,42,77,12,77,旬
﻿12,77,42,77,42,108,12,108,月
﻿12,108,42,108,42,138,12,138,𤎜
﻿12,138,42,138,42,169,12,169,𦎛
﻿12,169,42,169,42,200,12,200,冲
﻿8,247,40,247,40,279,8,279,秀
﻿8,279,40,279,40,312,8,312,󰜏
﻿8,312,40,312,40,345,8,345,𥊘
﻿8,345,40,345,40,378,8,378,吏
﻿8,378,40,378,40,410,8,410,從
﻿8,410,40,410,40,443,8,443,容
﻿8,443,40,443,40,476,8,476,吲
﻿8,476,40,476,40,509,8,509,𠻀
