387,17,417,17,417,49,387,49,沛
﻿387,49,417,49,417,81,387,81,從
﻿387,81,417,81,417,113,387,113,𦝄
﻿387,113,417,113,417,145,387,145,󰊄
﻿387,145,417,145,417,177,387,177,咍
﻿387,177,417,177,417,210,387,210,牢
﻿391,252,422,252,422,285,391,285,事
﻿391,285,422,285,422,318,391,318,尼
﻿391,318,422,318,422,351,391,351,別
﻿391,351,422,351,422,385,391,385,併
﻿391,385,422,385,422,418,391,418,世
﻿391,418,422,418,422,451,391,451,芇
﻿391,451,422,451,422,484,391,484,特
﻿391,484,422,484,422,518,391,518,低
﻿353,15,385,15,385,47,353,47,早
﻿353,47,385,47,385,79,353,79,衙
﻿353,79,385,79,385,111,353,111,皮
﻿353,111,385,111,385,143,353,143,𣇜
﻿353,143,385,143,385,175,353,175,𠓇
﻿353,175,385,175,385,208,353,208,𣈜
﻿356,253,390,253,390,286,356,286,决
﻿356,286,390,286,390,319,356,319,情
﻿356,319,390,319,390,352,356,352,公
﻿356,352,390,352,390,385,356,385,買
﻿356,385,390,385,390,418,356,418,󰠣
﻿356,418,390,418,390,451,356,451,𣦍
﻿356,451,390,451,390,484,356,484,󰜋
﻿356,484,390,484,390,518,356,518,排
﻿321,13,353,13,353,45,321,45,令
﻿321,45,353,45,353,77,321,77,官
﻿321,77,353,77,353,110,321,110,埃
﻿321,110,353,110,353,142,321,142,敢
﻿321,142,353,142,353,174,321,174,󰠤
﻿321,174,353,174,353,207,321,207,𠳒
﻿326,253,354,253,354,286,326,286,押
﻿326,286,354,286,354,319,326,319,情
﻿326,319,354,319,354,352,326,352,買
﻿326,352,354,352,354,386,326,386,擀
﻿326,386,354,386,354,419,326,419,朱
﻿326,419,354,419,354,452,326,452,𠊛
﻿326,452,354,452,354,485,326,485,士
﻿326,485,354,485,354,519,326,519,官
﻿289,14,319,14,319,46,289,46,翁
﻿289,46,319,46,319,79,289,79,絲
﻿289,79,319,79,319,112,289,112,寔
﻿289,112,319,112,319,144,289,144,𠰚
﻿289,144,319,144,319,177,289,177,多
﻿289,177,319,177,319,210,289,210,端
﻿289,252,324,252,324,285,289,285,車
﻿289,285,324,285,324,318,289,318,絲
﻿289,318,324,318,324,351,289,351,牢
﻿289,351,324,351,324,385,289,385,窖
﻿289,385,324,385,324,418,289,418,爲
﻿289,418,324,418,324,451,289,451,乾
﻿289,451,324,451,324,484,289,484,爲
﻿289,484,324,484,324,518,289,518,吀
﻿255,13,288,13,288,46,255,46,轿
﻿255,46,288,46,288,79,255,79,花
﻿255,79,288,79,288,112,255,112,押
﻿255,112,288,112,288,145,255,145,𥊢
﻿255,145,288,145,288,178,255,178,𫴋
﻿255,178,288,178,288,211,255,211,船
﻿256,253,288,253,288,286,256,286,𦲿
﻿256,286,288,286,288,320,256,320,幔
﻿256,320,288,320,288,353,256,353,𢷀
﻿256,353,288,353,288,387,256,387,隰
﻿256,387,288,387,288,420,256,420,𦰟
﻿256,420,288,420,288,454,256,454,畑
﻿256,454,288,454,288,487,256,487,挑
﻿256,487,288,487,288,521,256,521,高
﻿222,15,253,15,253,47,222,47,娘
﻿222,47,253,47,253,80,222,80,強
﻿222,80,253,80,253,112,222,112,塢
﻿222,112,253,112,253,145,222,145,柳
﻿222,145,253,145,253,177,222,177,派
﻿222,177,253,177,253,210,222,210,桃
﻿224,255,254,255,254,288,224,288,𤾓
﻿224,288,254,288,254,321,224,321,分
﻿224,321,254,321,254,354,224,354,芇
﻿224,354,254,354,254,387,224,387,固
﻿224,387,254,387,254,420,224,420,分
﻿224,420,254,420,254,453,224,453,芇
﻿224,453,254,453,254,486,224,486,分
﻿224,486,254,486,254,520,224,520,鮮
﻿190,14,220,14,220,46,190,46,仃
﻿190,46,220,46,220,79,190,79,身
﻿190,79,220,79,220,112,190,112,吉
﻿190,112,220,112,220,144,190,144,垃
﻿190,144,220,144,220,177,190,177,㳥
﻿190,177,220,177,220,210,190,210,𡏧
﻿190,255,222,255,222,288,190,288,刼
﻿190,288,222,288,222,321,190,321,功
﻿190,321,222,321,222,354,190,354,吒
﻿190,354,222,354,222,387,190,387,媄
﻿190,387,222,387,222,420,190,420,舌
﻿190,420,222,420,222,453,190,453,𠁀
﻿190,453,222,453,222,486,190,486,聰
﻿190,486,222,486,222,520,190,520,明
﻿157,12,188,12,188,45,157,45,蹎
﻿157,45,188,45,188,78,157,78,𡗶
﻿157,78,188,78,188,111,157,111,󰘚
﻿157,111,188,111,188,144,157,144,彼
﻿157,144,188,144,188,177,157,177,泠
﻿157,177,188,177,188,210,157,210,汀
﻿159,254,188,254,188,287,159,287,捻
﻿159,287,188,287,188,320,159,320,昌
﻿159,320,188,320,188,353,159,353,別
﻿159,353,188,353,188,387,159,387,𢭮
﻿159,387,188,387,188,420,159,420,死
﻿159,420,188,420,188,453,159,453,生
﻿159,453,188,453,188,486,159,486,准
﻿159,486,188,486,188,520,159,520,芇
﻿123,11,155,11,155,44,123,44,緣
﻿123,44,155,44,155,77,123,77,兜
﻿123,77,155,77,155,110,123,110,埃
﻿123,110,155,110,155,143,123,143,󰠥
﻿123,143,155,143,155,176,123,176,絲
﻿123,176,155,176,155,209,123,209,桃
﻿127,253,158,253,158,286,127,286,女
﻿127,286,158,286,158,319,127,319,兜
﻿127,319,158,319,158,352,127,352,埃
﻿127,352,158,352,158,386,127,386,㐌
﻿127,386,158,386,158,419,127,419,𢴑
﻿127,419,158,419,158,452,127,452,𠓨
﻿127,452,158,452,158,485,127,485,羡
﻿127,485,158,485,158,519,127,519,𢬣
﻿92,10,121,10,121,43,92,43,身
﻿92,43,121,43,121,76,92,76,牢
﻿92,76,121,76,121,110,92,110,身
﻿92,110,121,110,121,143,92,143,旦
﻿92,143,121,143,121,176,92,176,世
﻿92,176,121,176,121,210,92,210,尼
﻿91,254,125,254,125,287,91,287,群
﻿91,287,125,287,125,321,91,321,𣈜
﻿91,321,125,321,125,354,91,354,芇
﻿91,354,125,354,125,388,91,388,拱
﻿91,388,125,388,125,421,91,421,餘
﻿91,421,125,421,125,455,91,455,𣈜
﻿91,455,125,455,125,488,91,488,󰀎
﻿91,488,125,488,125,522,91,522,催
﻿58,10,89,10,89,43,58,43,㐌
﻿58,43,89,43,89,76,58,76,空
﻿58,76,89,76,89,110,58,110,別
﻿58,110,89,110,89,143,58,143,𤯩
﻿58,143,89,143,89,176,58,176,󰑼
﻿58,176,89,176,89,210,58,210,𫽗
﻿60,252,92,252,92,285,60,285,𬌓
﻿60,285,92,285,92,319,60,319,身
﻿60,319,92,319,92,353,60,353,芇
﻿60,353,92,353,92,387,60,387,別
﻿60,387,92,387,92,420,60,420,舌
﻿60,420,92,420,92,454,60,454,耒
﻿60,454,92,454,92,488,60,488,󰑼
﻿60,488,92,488,92,522,60,522,傷
﻿25,16,57,16,57,48,25,48,󰜋
﻿25,48,57,48,57,80,25,80,命
﻿25,80,57,80,57,113,25,113,荄
﻿25,113,57,113,57,145,25,145,䔲
﻿25,145,57,145,57,177,25,177,𤾓
﻿25,177,57,177,57,210,25,210,塘
﻿22,253,59,253,59,286,22,286,催
﻿22,286,59,286,59,320,22,320,時
﻿22,320,59,320,59,353,22,353,󰞺
﻿22,353,59,353,59,387,22,387,玉
﻿22,387,59,387,59,420,22,420,散
﻿22,420,59,420,59,454,22,454,鐄
﻿22,454,59,454,59,487,22,487,時
﻿22,487,59,487,59,521,22,521,催
