345,10,381,10,381,45,345,45,竹
﻿345,45,381,45,381,81,345,81,棍
﻿345,81,381,81,381,117,345,117,𦋦
﻿345,117,381,117,381,153,345,153,飭
﻿345,153,381,153,381,189,345,189,拉
﻿345,189,381,189,381,225,345,225,𠓨
﻿345,283,378,283,378,318,345,318,𦧘
﻿345,318,378,318,378,354,345,354,芇
﻿345,354,378,354,378,390,345,390,庄
﻿345,390,378,390,378,426,345,426,󰞺
﻿345,426,378,426,378,462,345,462,肝
﻿345,462,378,462,378,498,345,498,芇
﻿345,498,378,498,378,534,345,534,庄
﻿345,534,378,534,378,570,345,570,󰟹
﻿307,10,341,10,341,46,307,46,㤕
﻿307,46,341,46,341,82,307,82,台
﻿307,82,341,82,341,118,307,118,桃
﻿307,118,341,118,341,154,307,154,李
﻿307,154,341,154,341,190,307,190,𠬠
﻿307,190,341,190,341,226,307,226,梗
﻿310,280,340,280,340,315,310,315,𠬠
﻿310,315,340,315,340,351,310,351,畨
﻿310,351,340,351,340,387,310,387,湄
﻿310,387,340,387,340,423,310,423,𫗄
﻿310,423,340,423,340,459,310,459,散
﻿310,459,340,459,340,495,310,495,情
﻿310,495,340,495,340,531,310,531,𠬠
﻿310,531,340,531,340,567,310,567,畨
﻿274,8,304,8,304,44,274,44,花
﻿274,44,304,44,304,80,274,80,奴
﻿274,80,304,80,304,117,274,117,傳
﻿274,117,304,117,304,153,274,153,𠰺
﻿274,153,304,153,304,189,274,189,対
﻿274,189,304,189,304,226,274,226,𠸜
﻿274,281,305,281,305,316,274,316,房
﻿274,316,305,316,305,352,274,352,絩
﻿274,352,305,352,305,387,274,387,𠰺
﻿274,387,305,387,305,423,274,423,押
﻿274,423,305,423,305,458,274,458,𠓨
﻿274,458,305,458,305,494,274,494,番
﻿274,494,305,494,305,529,274,529,侍
﻿274,529,305,529,305,565,274,565,牌
﻿237,11,270,11,270,47,237,47,𦋦
﻿237,47,270,47,270,83,237,83,𠓨
﻿237,83,270,83,270,119,237,119,蹺
﻿237,119,270,119,270,155,237,155,𠎪
﻿237,155,270,155,270,191,237,191,青
﻿237,191,270,191,270,227,237,227,衣
﻿238,282,269,282,269,317,238,317,𣹘
﻿238,317,269,317,269,353,238,353,油
﻿238,353,269,353,269,388,238,388,𫡮
﻿238,388,269,388,269,424,238,424,𰦫
﻿238,424,269,424,269,459,238,459,䏧
﻿238,459,269,459,269,495,238,495,𨨲
﻿238,495,269,495,269,530,238,530,管
﻿238,530,269,530,269,566,238,566,包
﻿202,9,232,9,232,45,202,45,管
﻿202,45,232,45,232,82,202,82,家
﻿202,82,232,82,232,119,202,119,󰡏
﻿202,119,232,119,232,155,202,155,𠬠
﻿202,155,232,155,232,192,202,192,媒
﻿202,192,232,192,232,229,202,229,芇
﻿201,281,233,281,233,316,201,316,体
﻿201,316,233,316,233,352,201,352,㝵
﻿201,352,233,352,233,388,201,388,体
﻿201,388,233,388,233,424,201,424,󰞺
﻿201,424,233,424,233,460,201,460,𦋦
﻿201,460,233,460,233,496,201,496,𠓨
﻿201,496,233,496,233,532,201,532,麻
﻿201,532,233,532,233,568,201,568,傷
﻿163,9,194,9,194,45,163,45,欺
﻿163,45,194,45,194,82,163,82,茶
﻿163,82,194,82,194,118,163,118,󱋓
﻿163,118,194,118,194,155,163,155,欺
﻿163,155,194,155,194,191,163,191,𬟥
﻿163,191,194,191,194,228,163,228,易
﻿165,280,197,280,197,315,165,315,󰝂
﻿165,315,197,315,197,351,165,351,𠳒
﻿165,351,197,351,197,387,165,387,方
﻿165,387,197,387,197,423,165,423,便
﻿165,423,197,423,197,458,165,458,𨷑
﻿165,458,197,458,197,494,165,494,塘
﻿165,494,197,494,197,530,165,530,好
﻿165,530,197,530,197,566,165,566,生
﻿129,9,160,9,160,45,129,45,𠰺
﻿129,45,160,45,160,81,129,81,浪
﻿129,81,160,81,160,117,129,117,埋
﻿129,117,160,117,160,153,129,153,𰦫
﻿129,153,160,153,160,189,129,189,㐌
﻿129,189,160,189,160,226,129,226,停
﻿128,280,161,280,161,315,128,315,柳
﻿128,315,161,315,161,351,128,351,蒲
﻿128,351,161,351,161,387,128,387,𠇮
﻿128,387,161,387,161,423,128,423,𪧚
﻿128,423,161,423,161,459,128,459,𥙩
﻿128,459,161,459,161,495,128,495,𠇮
﻿128,495,161,495,161,531,128,531,朱
﻿128,531,161,531,161,567,128,567,台
﻿92,11,124,11,124,46,92,46,拱
﻿92,46,124,46,124,82,92,82,󰑼
﻿92,82,124,82,124,118,92,118,寃
﻿92,118,124,118,124,153,92,153,業
﻿92,153,124,153,124,189,92,189,之
﻿92,189,124,189,124,225,92,225,低
﻿91,281,124,281,124,316,91,316,沙
﻿91,316,124,316,124,351,91,351,机
﻿91,351,124,351,124,387,91,387,買
﻿91,387,124,387,124,422,91,422,旦
﻿91,422,124,422,124,457,91,457,势
﻿91,457,124,457,124,493,91,493,尼
﻿91,493,124,493,124,528,91,528,𫽄
﻿91,528,124,528,124,564,91,564,仍
﻿54,9,87,9,87,45,54,45,扵
﻿54,45,87,45,87,82,54,82,低
﻿54,82,87,82,87,119,54,119,𦖻
﻿54,119,87,119,87,155,54,155,壁
﻿54,155,87,155,87,192,54,192,脉
﻿54,192,87,192,87,229,54,229,棱
﻿54,280,86,280,86,315,54,315,𧡊
﻿54,315,86,315,86,351,54,351,埃
﻿54,351,86,351,86,386,54,386,㝵
﻿54,386,86,386,86,422,54,422,𫇰
﻿54,422,86,422,86,458,54,458,拱
﻿54,458,86,458,86,493,54,493,停
﻿54,493,86,493,86,529,54,529,𥚆
﻿54,529,86,529,86,565,54,565,之
﻿15,12,49,12,49,48,15,48,矯
﻿15,48,49,48,49,84,15,84,欺
﻿15,84,49,84,49,120,15,120,𩆐
﻿15,120,49,120,49,156,15,156,𩄰
﻿15,156,49,156,49,192,15,192,不
﻿15,192,49,192,49,228,15,228,期
﻿19,283,49,283,49,318,19,318,昆
﻿19,318,49,318,49,353,19,353,蜂
﻿19,353,49,353,49,389,19,389,丐
﻿19,389,49,389,49,424,19,424,蜆
﻿19,424,49,424,49,459,19,459,呌
﻿19,459,49,459,49,495,19,495,之
﻿19,495,49,495,49,530,19,530,特
﻿19,530,49,530,49,566,19,566,寃
