337,12,374,12,374,46,337,46,謝
﻿337,46,374,46,374,81,337,81,𢚸
﻿337,81,374,81,374,116,337,116,𥛉
﻿337,116,374,116,374,151,337,151,畧
﻿337,151,374,151,374,186,337,186,𡑝
﻿337,186,374,186,374,221,337,221,𫡮
﻿339,278,371,278,371,313,339,313,㪯
﻿339,313,371,313,371,348,339,348,辕
﻿339,348,371,348,371,383,339,383,吏
﻿339,383,371,383,371,419,339,419,𢴑
﻿339,419,371,419,371,454,339,454,𠬠
﻿339,454,371,454,371,489,339,489,𦀊
﻿339,489,371,489,371,524,339,524,引
﻿339,524,371,524,371,560,339,560,𠓨
﻿301,13,333,13,333,48,301,48,娘
﻿301,48,333,48,333,83,301,83,浪
﻿301,83,333,83,333,119,301,119,弄
﻿301,119,333,119,333,154,301,154,弄
﻿301,154,333,154,333,189,301,189,𡗶
﻿301,189,333,189,333,225,301,225,高
﻿304,278,335,278,335,312,304,312,害
﻿304,312,335,312,335,347,304,347,人
﻿304,347,335,347,335,382,304,382,人
﻿304,382,335,382,335,417,304,417,害
﻿304,417,335,417,335,452,304,452,事
﻿304,452,335,452,335,487,304,487,芇
﻿304,487,335,487,335,522,304,522,在
﻿304,522,335,522,335,557,304,557,些
﻿267,11,299,11,299,46,267,46,畧
﻿267,46,299,46,299,81,267,81,󰑼
﻿267,81,299,81,299,116,267,116,泊
﻿267,116,299,116,299,151,267,151,倖
﻿267,151,299,151,299,186,267,186,泊
﻿267,186,299,186,299,222,267,222,󰜏
﻿268,279,300,279,300,314,268,314,边
﻿268,314,300,314,300,349,268,349,󰑼
﻿268,349,300,349,300,384,268,384,鷹
﻿268,384,300,384,300,419,268,419,犬
﻿268,419,300,419,300,454,268,454,边
﻿268,454,300,454,300,489,268,489,󰑼
﻿268,489,300,489,300,524,268,524,楚
﻿268,524,300,524,300,559,268,559,卿
﻿231,14,264,14,264,48,231,48,秀
﻿231,48,264,48,264,83,231,83,󰜏
﻿231,83,264,83,264,117,231,117,拱
﻿231,117,264,117,264,152,231,152,馬
﻿231,152,264,152,264,186,231,186,监
﻿231,186,264,186,264,221,231,221,生
﻿232,278,263,278,263,313,232,313,各
﻿232,313,263,313,263,348,232,348,𠸜
﻿232,348,263,348,263,383,232,383,罪
﻿232,383,263,383,263,419,232,419,󰀎
﻿232,419,263,419,263,454,232,454,登
﻿232,454,263,454,263,489,232,489,情
﻿232,489,263,489,263,524,232,524,群
﻿232,524,263,524,263,560,232,560,牢
﻿196,13,226,13,226,48,196,48,令
﻿196,48,226,48,226,83,196,83,軍
﻿196,83,226,83,226,118,196,118,传
﻿196,118,226,118,226,153,196,153,𫴋
﻿196,153,226,153,226,188,196,188,内
﻿196,188,226,188,226,224,196,224,力
﻿198,276,228,276,228,311,198,311,誓
﻿198,311,228,311,228,347,198,347,牢
﻿198,347,228,347,228,382,198,382,時
﻿198,382,228,382,228,418,198,418,吏
﻿198,418,228,418,228,453,198,453,拠
﻿198,453,228,453,228,489,198,489,牢
﻿198,489,228,489,228,524,198,524,加
﻿198,524,228,524,228,560,198,560,刑
﻿163,13,191,13,191,47,163,47,𧖱
﻿163,47,191,47,191,82,163,82,淶
﻿163,82,191,82,191,117,163,117,𦧘
﻿163,117,191,117,191,152,163,152,󰞺
﻿163,152,191,152,191,187,163,187,散
﻿163,187,191,187,191,222,163,222,情
﻿161,279,192,279,192,313,161,313,埃
﻿161,313,192,313,192,348,161,348,埃
﻿161,348,192,348,192,382,161,382,𬂙
﻿161,382,192,382,192,417,161,417,体
﻿161,417,192,417,192,452,161,452,魂
﻿161,452,192,452,192,486,161,486,󰟹
﻿161,486,192,486,192,521,161,521,魄
﻿161,521,192,521,192,556,161,556,涞
﻿128,14,158,14,158,48,128,48,朱
﻿128,48,158,48,158,83,128,83,台
﻿128,83,158,83,158,118,128,118,𬮙
﻿128,118,158,118,158,152,128,152,事
﻿128,152,158,152,158,187,128,187,在
﻿128,187,158,187,158,222,128,222,𡗶
﻿128,278,158,278,158,312,128,312,負
﻿128,312,158,312,158,347,128,347,㝵
﻿128,347,158,347,158,382,128,382,拯
﻿128,382,158,382,158,417,128,417,補
﻿128,417,158,417,158,451,128,451,欺
﻿128,451,158,451,158,486,128,486,㝵
﻿128,486,158,486,158,521,128,521,負
﻿128,521,158,521,158,556,128,556,些
﻿92,14,124,14,124,49,92,49,󰋇
﻿92,49,124,49,124,85,92,85,㝵
﻿92,85,124,85,124,121,92,121,萡
﻿92,121,124,121,124,156,92,156,惡
﻿92,156,124,156,124,192,92,192,精
﻿92,192,124,192,124,228,92,228,魔
﻿92,278,122,278,122,313,92,313,𠇮
﻿92,313,122,313,122,348,92,348,爫
﻿92,348,122,348,122,383,92,383,𠇮
﻿92,383,122,383,122,418,92,418,𠹾
﻿92,418,122,418,122,453,92,453,呌
﻿92,453,122,453,122,488,92,488,麻
﻿92,488,122,488,122,523,92,523,埃
﻿92,523,122,523,122,559,92,559,傷
﻿56,15,89,15,89,50,56,50,𠀧
﻿56,50,89,50,89,86,56,86,軍
﻿56,86,89,86,89,121,56,121,冬
﻿56,121,89,121,89,157,56,157,󰘚
﻿56,157,89,157,89,192,56,192,法
﻿56,192,89,192,89,228,56,228,場
﻿56,276,89,276,89,311,56,311,青
﻿56,311,89,311,89,346,56,346,天
﻿56,346,89,346,89,381,56,381,白
﻿56,381,89,381,89,416,56,416,日
﻿56,416,89,416,89,451,56,451,𤑟
﻿56,451,89,451,89,486,56,486,𤉜
﻿56,486,89,486,89,521,56,521,朱
﻿56,521,89,521,89,557,56,557,𫀢
﻿16,12,51,12,51,47,16,47,𭛣
﻿16,47,51,47,51,83,16,83,娘
﻿16,83,51,83,51,119,16,119,报
﻿16,119,51,119,51,154,16,154,復
﻿16,154,51,154,51,190,16,190,皮
﻿16,190,51,190,51,226,16,226,耒
﻿20,275,52,275,52,310,20,310,𮗓
﻿20,310,52,310,52,346,20,346,緣
﻿20,346,52,346,52,381,20,381,倍
﻿20,381,52,381,52,417,20,417,㐌
﻿20,417,52,417,52,452,20,452,𠳚
﻿20,452,52,452,52,488,20,488,𠳒
﻿20,488,52,488,52,523,20,523,辞
﻿20,523,52,523,52,559,20,559,󰆕
