359,12,391,12,391,48,359,48,穹
﻿359,48,391,48,391,85,359,85,塘
﻿359,85,391,85,391,121,359,121,油
﻿359,121,391,121,391,158,359,158,併
﻿359,158,391,158,391,194,359,194,𡦂
﻿359,194,391,194,391,231,359,231,從
﻿359,288,392,288,392,323,359,323,別
﻿359,323,392,323,392,358,359,358,㝵
﻿359,358,392,358,392,394,359,394,別
﻿359,394,392,394,392,429,359,429,󰘚
﻿359,429,392,429,392,464,359,464,別
﻿359,464,392,464,392,500,359,500,𢚸
﻿359,500,392,500,392,535,359,535,爫
﻿359,535,392,535,392,571,359,571,牢
﻿324,14,354,14,354,49,324,49,女
﻿324,49,354,49,354,85,324,85,欺
﻿324,85,354,85,354,121,324,121,𬮙
﻿324,121,354,121,354,157,324,157,𠬠
﻿324,157,354,157,354,193,324,193,世
﻿324,193,354,193,354,229,324,229,芇
﻿324,284,355,284,355,320,324,320,半
﻿324,320,355,320,355,356,324,356,𤞻
﻿324,356,355,356,355,392,324,392,奔
﻿324,392,355,392,355,428,324,428,鬼
﻿324,428,355,428,355,464,324,464,聀
﻿324,464,355,464,355,500,324,500,𠓨
﻿324,500,355,500,355,536,324,536,𦝄
﻿324,536,355,536,355,572,324,572,󰠲
﻿288,14,317,14,317,49,288,49,油
﻿288,49,317,49,317,85,288,85,埃
﻿288,85,317,85,317,120,288,120,𢚸
﻿288,120,317,120,317,156,288,156,固
﻿288,156,317,156,317,191,288,191,所
﻿288,191,317,191,317,227,288,227,求
﻿289,286,320,286,320,321,289,321,心
﻿289,321,320,321,320,357,289,357,盟
﻿289,357,320,357,320,392,289,392,嗔
﻿289,392,320,392,320,428,289,428,决
﻿289,428,320,428,320,463,289,463,貝
﻿289,463,320,463,320,499,289,499,僥
﻿289,499,320,499,320,534,289,534,𠬠
﻿289,534,320,534,320,570,289,570,𠳒
﻿251,12,281,12,281,48,251,48,証
﻿251,48,281,48,281,84,251,84,明
﻿251,84,281,84,281,120,251,120,固
﻿251,120,281,120,281,156,251,156,坦
﻿251,156,281,156,281,192,251,192,固
﻿251,192,281,192,281,228,251,228,𡗶
﻿253,284,283,284,283,319,253,319,闭
﻿253,319,283,319,283,355,253,355,除
﻿253,355,283,355,283,391,253,391,𣾼
﻿253,391,283,391,283,427,253,427,𣷭
﻿253,427,283,427,283,462,253,462,𦋦
﻿253,462,283,462,283,498,253,498,𣾺
﻿253,498,283,498,283,534,253,534,管
﻿253,534,283,534,283,570,253,570,之
﻿214,12,248,12,248,48,214,48,特
﻿214,48,248,48,248,84,214,84,𡗶
﻿214,84,248,84,248,121,214,121,媒
﻿214,121,248,121,248,157,214,157,買
﻿214,157,248,157,248,193,214,193,𦋦
﻿214,193,248,193,248,230,214,230,𠫾
﻿213,283,247,283,247,318,213,318,𫫗
﻿213,318,247,318,247,354,213,354,信
﻿213,354,247,354,247,390,213,390,户
﻿213,390,247,390,247,426,213,426,泊
﻿213,426,247,426,247,461,213,461,卽
﻿213,461,247,461,247,497,213,497,時
﻿213,497,247,497,247,533,213,533,怩
﻿213,533,247,533,247,569,213,569,生
﻿176,12,207,12,207,48,176,48,𠬠
﻿176,48,207,48,207,84,176,84,茹
﻿176,84,207,84,207,120,176,120,扽
﻿176,120,207,120,207,156,176,156,擛
﻿176,156,207,156,207,192,176,192,令
﻿176,192,207,192,207,228,176,228,庭
﻿176,281,208,281,208,317,176,317,抉
﻿176,317,208,317,208,353,176,353,𡑝
﻿176,353,208,353,208,389,176,389,達
﻿176,389,208,389,208,425,176,425,逴
﻿176,425,208,425,208,461,176,461,𣳮
﻿176,461,208,461,208,497,176,497,󰜍
﻿176,497,208,497,208,533,176,533,𤏧
﻿176,533,208,533,208,569,176,569,香
﻿142,14,173,14,173,49,142,49,泊
﻿142,49,173,49,173,85,142,85,生
﻿142,85,173,85,173,120,142,120,跪
﻿142,120,173,120,173,156,142,156,𫴋
﻿142,156,173,156,173,191,142,191,倍
﻿142,191,173,191,173,227,142,227,傍
﻿142,283,172,283,172,318,142,318,過
﻿142,318,172,318,172,353,142,353,𠳒
﻿142,353,172,353,172,388,142,388,願
﻿142,388,172,388,172,424,142,424,歇
﻿142,424,172,424,172,459,142,459,城
﻿142,459,172,459,172,494,142,494,隍
﻿142,494,172,494,172,529,142,529,士
﻿142,529,172,529,172,565,142,565,公
﻿107,11,139,11,139,46,107,46,畧
﻿107,46,139,46,139,82,107,82,𡑝
﻿107,82,139,82,139,118,107,118,𢚸
﻿107,118,139,118,139,153,107,153,㐌
﻿107,153,139,153,139,189,107,189,𤋵
﻿107,189,139,189,139,225,107,225,𢚸
﻿102,278,138,278,138,314,102,314,𥪝
﻿102,314,138,314,138,351,102,351,幔
﻿102,351,138,351,138,387,102,387,爫
﻿102,387,138,387,138,424,102,424,礼
﻿102,424,138,424,138,460,102,460,絲
﻿102,460,138,460,138,497,102,497,紅
﻿102,497,138,497,138,533,102,533,結
﻿102,533,138,533,138,570,102,570,緣
﻿69,10,103,10,103,45,69,45,成
﻿69,45,103,45,103,81,69,81,親
﻿69,81,103,81,103,117,69,117,買
﻿69,117,103,117,103,152,69,152,逴
﻿69,152,103,152,103,188,69,188,𫴋
﻿69,188,103,188,103,224,69,224,船
﻿67,281,100,281,100,316,67,316,順
﻿67,316,100,316,100,352,67,352,󱏹
﻿67,352,100,352,100,387,67,387,𠬠
﻿67,387,100,387,100,423,67,423,𦲿
﻿67,423,100,423,100,459,67,459,吹
﻿67,459,100,459,100,494,67,494,沔
﻿67,494,100,494,100,530,67,530,州
﻿67,530,100,530,100,566,67,566,台
﻿28,10,65,10,65,45,28,45,船
﻿28,45,65,45,65,81,28,81,皮
﻿28,81,65,81,65,117,28,117,杜
﻿28,117,65,117,65,153,28,153,𣷷
﻿28,153,65,153,65,189,28,189,清
﻿28,189,65,189,65,225,28,225,台
﻿28,280,63,280,63,315,28,315,泊
﻿28,315,63,315,63,351,28,351,生
﻿28,351,63,351,63,387,28,387,𨖲
﻿28,387,63,387,63,423,28,423,畧
﻿28,423,63,423,63,459,28,459,尋
﻿28,459,63,459,63,495,28,495,尼
﻿28,495,63,495,63,531,28,531,每
﻿28,531,63,531,63,567,28,567,㝵
