341,12,374,12,374,48,341,48,仍
﻿341,48,374,48,374,84,341,84,󰑼
﻿341,84,374,84,374,120,341,120,𠲖
﻿341,120,374,120,374,156,341,156,邑
﻿341,156,374,156,374,192,341,192,用
﻿341,192,374,192,374,228,341,228,孕
﻿343,280,377,280,377,316,343,316,捽
﻿343,316,377,316,377,352,343,352,𦀊
﻿343,352,377,352,377,388,343,388,𢜝
﻿343,388,377,388,377,425,343,425,女
﻿343,425,377,425,377,461,343,461,動
﻿343,461,377,461,377,497,343,497,棱
﻿343,497,377,497,377,533,343,533,吏
﻿343,533,377,533,377,570,343,570,催
﻿303,10,338,10,338,45,303,45,󰡏
﻿303,45,338,45,338,81,303,81,欺
﻿303,81,338,81,338,117,303,117,盃
﻿303,117,338,117,338,153,303,153,傳
﻿303,153,338,153,338,189,303,189,摸
﻿303,189,338,189,338,225,303,225,唭
﻿306,280,338,280,338,315,306,315,小
﻿306,315,338,315,338,350,306,350,姐
﻿306,350,338,350,338,385,306,385,吏
﻿306,385,338,385,338,421,306,421,󰇥
﻿306,421,338,421,338,456,306,456,仍
﻿306,456,338,456,338,491,306,491,調
﻿306,491,338,491,338,526,306,526,󰠳
﻿306,526,338,526,338,562,306,562,󰠳
﻿267,11,301,11,301,46,267,46,浪
﻿267,46,301,46,301,82,267,82,冲
﻿267,82,301,82,301,118,267,118,玉
﻿267,118,301,118,301,154,267,154,𥒥
﻿267,154,301,154,301,190,267,190,鐄
﻿267,190,301,190,301,226,267,226,鍮
﻿270,282,303,282,303,317,270,317,𨑮
﻿270,317,303,317,303,353,270,353,分
﻿270,353,303,353,303,389,270,389,些
﻿270,389,303,389,303,425,270,425,㐌
﻿270,425,303,425,303,460,270,460,信
﻿270,460,303,460,303,496,270,496,饒
﻿270,496,303,496,303,532,270,532,奇
﻿270,532,303,532,303,568,270,568,𨑮
﻿231,10,265,10,265,45,231,45,𠸦
﻿231,45,265,45,265,81,231,81,朱
﻿231,81,265,81,265,117,231,117,仍
﻿231,117,265,117,265,152,231,152,𠰘
﻿231,152,265,152,265,188,231,188,容
﻿231,188,265,188,265,224,231,224,𨱽
﻿233,284,267,284,267,319,233,319,𧊉
﻿233,319,267,319,267,355,233,355,蜂
﻿233,355,267,355,267,391,233,391,吏
﻿233,391,267,391,267,427,233,427,達
﻿233,427,267,427,267,463,233,463,仍
﻿233,463,267,463,267,499,233,499,調
﻿233,499,267,499,267,535,233,535,󰣁
﻿233,535,267,535,267,571,233,571,箕
﻿196,9,229,9,229,45,196,45,妾
﻿196,45,229,45,229,82,196,82,油
﻿196,82,229,82,229,118,196,118,䏾
﻿196,118,229,118,229,155,196,155,庄
﻿196,155,229,155,229,191,196,191,咍
﻿196,191,229,191,229,228,196,228,推
﻿199,281,231,281,231,317,199,317,㐌
﻿199,317,231,317,231,353,199,353,涂
﻿199,353,231,353,231,390,199,390,䏾
﻿199,390,231,390,231,426,199,426,󰆹
﻿199,426,231,426,231,462,199,462,吏
﻿199,462,231,462,231,499,199,499,碑
﻿199,499,231,499,231,535,199,535,𠰘
﻿199,535,231,535,231,572,199,572,唭
﻿159,11,194,11,194,47,159,47,体
﻿159,47,194,47,194,83,159,83,𠳒
﻿159,83,194,83,194,119,159,119,統
﻿159,119,194,119,194,155,159,155,請
﻿159,155,194,155,194,191,159,191,如
﻿159,191,194,191,194,227,159,227,󱉁
﻿161,283,197,283,197,318,161,318,順
﻿161,318,197,318,197,354,161,354,𠳒
﻿161,354,197,354,197,390,161,390,払
﻿161,390,197,390,197,426,161,426,拱
﻿161,426,197,426,197,461,161,461,呐
﻿161,461,197,461,197,497,161,497,吹
﻿161,497,197,497,197,533,161,533,扡
﻿161,533,197,533,197,569,161,569,扽
﻿124,12,157,12,157,48,124,48,仍
﻿124,48,157,48,157,84,124,84,󰑼
﻿124,84,157,84,157,120,124,120,唭
﻿124,120,157,120,157,156,124,156,粉
﻿124,156,157,156,157,192,124,192,𠹳
﻿124,192,157,192,157,229,124,229,𣘈
﻿125,282,158,282,158,317,125,317,畑
﻿125,317,158,317,158,353,125,353,𣅘
﻿125,353,158,353,158,389,125,389,鍾
﻿125,389,158,389,158,425,125,425,䏾
﻿125,425,158,425,158,461,125,461,𦝄
﻿125,461,158,461,158,497,125,497,𧷺
﻿125,497,158,497,158,533,125,533,聘
﻿125,533,158,533,158,569,125,569,𦠘
﻿86,9,120,9,120,45,86,45,𡽫
﻿86,45,120,45,120,82,86,82,春
﻿86,82,120,82,120,119,86,119,蓴
﻿86,119,120,119,120,156,86,156,䱛
﻿86,156,120,156,120,193,86,193,变
﻿86,193,120,193,120,230,86,230,味
﻿89,284,121,284,121,319,89,319,汫
﻿89,319,121,319,121,355,89,355,鐄
﻿89,355,121,355,121,391,89,391,㐌
﻿89,391,121,391,121,427,89,427,扔
﻿89,427,121,427,121,462,89,462,𠬠
﻿89,462,121,462,121,498,89,498,𠄽
﻿89,498,121,498,121,534,89,534,信
﻿89,534,121,534,121,570,89,570,梧
﻿49,10,84,10,84,46,49,46,鄭
﻿49,46,84,46,84,83,49,83,念
﻿49,83,84,83,84,120,49,120,𠯆
﻿49,120,84,120,84,156,49,156,景
﻿49,156,84,156,84,193,49,193,江
﻿49,193,84,193,84,230,49,230,湖
﻿51,283,85,283,85,318,51,318,𠬠
﻿51,318,85,318,85,354,51,354,念
﻿51,354,85,354,85,389,51,389,䦕
﻿51,389,85,389,85,425,51,425,塞
﻿51,425,85,425,85,461,51,461,󰋇
﻿51,461,85,461,85,496,51,496,務
﻿51,496,85,496,85,532,51,532,𫗄
﻿51,532,85,532,85,568,51,568,𦝄
﻿14,9,43,9,43,45,14,45,情
﻿14,45,43,45,43,81,14,81,貞
﻿14,81,43,81,43,118,14,118,渚
﻿14,118,43,118,43,154,14,154,敢
﻿14,154,43,154,43,190,14,190,𠯇
﻿14,190,43,190,43,227,14,227,𪘵
﻿16,286,47,286,47,321,16,321,小
﻿16,321,47,321,47,356,16,356,姐
﻿16,356,47,356,47,391,16,391,畧
﻿16,391,47,391,47,427,16,427,㐌
﻿16,427,47,427,47,462,16,462,料
﻿16,462,47,462,47,497,16,497,澄
﻿16,497,47,497,47,532,16,532,乳
﻿16,532,47,532,47,568,16,568,戈
