359,15,390,15,390,47,359,47,󰡈
﻿359,47,390,47,390,80,359,80,溪
﻿359,80,390,80,390,113,359,113,渃
﻿359,113,390,113,390,145,359,145,沚
﻿359,145,390,145,390,178,359,178,𤄯
﻿359,178,390,178,390,211,359,211,漂
﻿362,250,392,250,392,283,362,283,邊
﻿362,283,392,283,392,316,362,316,求
﻿362,316,392,316,392,349,362,349,絲
﻿362,349,392,349,392,382,362,382,柳
﻿362,382,392,382,392,415,362,415,䏾
﻿362,415,392,415,392,448,362,448,朝
﻿362,448,392,448,392,481,362,481,㐌
﻿362,481,392,481,392,515,362,515,𦋦
﻿327,16,357,16,357,48,327,48,翹
﻿327,48,357,48,357,81,327,81,自
﻿327,81,357,81,357,113,327,113,𧿨
﻿327,113,357,113,357,146,327,146,𨃴
﻿327,146,357,146,357,178,327,178,帳
﻿327,178,357,178,357,211,327,211,花
﻿328,251,360,251,360,284,328,284,󰘚
﻿328,284,360,284,360,317,328,317,𡗶
﻿328,317,360,317,360,350,328,350,典
﻿328,350,360,350,360,384,328,384,坦
﻿328,384,360,384,360,417,328,417,鉦
﻿328,417,360,417,360,450,328,450,陀
﻿328,450,360,450,360,483,328,483,收
﻿328,483,360,483,360,517,328,517,空
﻿296,17,325,17,325,49,296,49,𦎛
﻿296,49,325,49,325,81,296,81,娥
﻿296,81,325,81,325,114,296,114,永
﻿296,114,325,114,325,146,296,146,永
﻿296,146,325,146,325,178,296,178,慈
﻿296,178,325,178,325,211,296,211,窻
﻿298,251,327,251,327,284,298,284,鐄
﻿298,284,327,284,327,317,298,317,招
﻿298,317,327,317,327,350,298,350,痕
﻿298,350,327,350,327,383,298,383,渃
﻿298,383,327,383,327,416,298,416,核
﻿298,416,327,416,327,449,298,449,𪱨
﻿298,449,327,449,327,482,298,482,䏾
﻿298,482,327,482,327,515,298,515,𡑝
﻿266,15,294,15,294,47,266,47,海
﻿266,47,294,47,294,79,266,79,棠
﻿266,79,294,79,294,111,266,111,扡
﻿266,111,294,111,294,143,266,143,𦰟
﻿266,143,294,143,294,175,266,175,東
﻿266,175,294,175,294,207,266,207,鄰
﻿268,251,296,251,296,283,268,283,湥
﻿268,283,296,283,296,316,268,316,霜
﻿268,316,296,316,296,349,268,349,撩
﻿268,349,296,349,296,382,268,382,𥘀
﻿268,382,296,382,296,415,268,415,梗
﻿268,415,296,415,296,448,268,448,春
﻿268,448,296,448,296,481,268,481,󰑼
﻿268,481,296,481,296,514,268,514,陀
﻿235,15,263,15,263,47,235,47,没
﻿235,47,263,47,263,79,235,79,命
﻿235,79,263,79,263,111,235,111,𤎜
﻿235,111,263,111,263,143,235,143,𥋴
﻿235,143,263,143,263,175,235,175,素
﻿235,175,263,175,263,207,235,207,娥
﻿236,249,266,249,266,282,236,282,遁
﻿236,282,266,282,266,316,236,316,塘
﻿236,316,266,316,266,349,236,349,賒
﻿236,349,266,349,266,383,236,383,買
﻿236,383,266,383,266,417,236,417,浽
﻿236,417,266,417,266,450,236,450,賒
﻿236,450,266,450,266,484,236,484,排
﻿236,484,266,484,266,518,236,518,排
﻿205,13,232,13,232,45,205,45,𠊛
﻿205,45,232,45,232,77,205,77,麻
﻿205,77,232,77,232,109,205,109,典
﻿205,109,232,109,232,141,205,141,世
﻿205,141,232,141,232,173,205,173,時
﻿205,173,232,173,232,206,205,206,催
﻿204,247,235,247,235,280,204,280,𠁀
﻿204,280,235,280,235,314,204,314,繁
﻿204,314,235,314,235,347,204,347,花
﻿204,347,235,347,235,381,204,381,拱
﻿204,381,235,381,235,415,204,415,󰑼
﻿204,415,235,415,235,448,204,448,𠁀
﻿204,448,235,448,235,482,204,482,補
﻿204,482,235,482,235,516,204,516,𠫾
﻿173,14,200,14,200,45,173,45,𠊛
﻿173,45,200,45,200,77,173,77,󰠳
﻿173,77,200,77,200,109,173,109,﨤
﻿173,109,200,109,200,140,173,140,𫽻
﻿173,140,200,140,200,172,173,172,爫
﻿173,172,200,172,200,204,173,204,之
﻿174,249,203,249,203,282,174,282,𤾓
﻿174,282,203,282,203,316,174,316,𢆥
﻿174,316,203,316,203,350,174,350,別
﻿174,350,203,350,203,384,174,384,固
﻿174,384,203,384,203,418,174,418,緣
﻿174,418,203,418,203,452,174,452,之
﻿174,452,203,452,203,486,174,486,台
﻿174,486,203,486,203,520,174,520,空
﻿141,9,168,9,168,42,141,42,衮
﻿141,42,168,42,168,75,141,75,昂
﻿141,75,168,75,168,109,141,109,𤾓
﻿141,109,168,109,168,142,141,142,䋦
﻿141,142,168,142,168,175,141,175,邊
﻿141,175,168,175,168,209,141,209,𢚸
﻿140,247,172,247,172,281,140,281,𢧚
﻿140,281,172,281,172,315,140,315,勾
﻿140,315,172,315,172,349,140,349,絶
﻿140,349,172,349,172,383,140,383,妙
﻿140,383,172,383,172,417,140,417,寓
﻿140,417,172,417,172,451,140,451,𥪞
﻿140,451,172,451,172,485,140,485,性
﻿140,485,172,485,172,519,140,519,情
﻿109,15,137,15,137,47,109,47,征
﻿109,47,137,47,137,79,109,79,征
﻿109,79,137,79,137,111,109,111,䏾
﻿109,111,137,111,137,143,109,143,月
﻿109,143,137,143,137,175,109,175,熾
﻿109,175,137,175,137,208,109,208,萌
﻿107,248,139,248,139,281,107,281,𢭸
﻿107,281,139,281,139,315,107,315,𡎢
﻿107,315,139,315,139,349,107,349,邊
﻿107,349,139,349,139,383,107,383,󰡂
﻿107,383,139,383,139,416,107,416,没
﻿107,416,139,416,139,450,107,450,命
﻿107,450,139,450,139,484,107,484,燒
﻿107,484,139,484,139,518,107,518,燒
﻿73,10,106,10,106,43,73,43,率
﻿73,43,106,43,106,76,73,76,󰠳
﻿73,76,106,76,106,110,73,110,𧡊
﻿73,110,106,110,106,143,73,143,没
﻿73,143,106,143,106,176,73,176,小
﻿73,176,106,176,106,210,73,210,嬌
﻿76,251,105,251,105,284,76,284,固
﻿76,284,105,284,105,318,76,318,朝
﻿76,318,105,318,105,351,76,351,風
﻿76,351,105,351,105,385,76,385,韻
﻿76,385,105,385,105,419,76,419,固
﻿76,419,105,419,105,452,76,452,朝
﻿76,452,105,452,105,486,76,486,清
﻿76,486,105,486,105,520,76,520,新
﻿42,13,72,13,72,45,42,45,霜
﻿42,45,72,45,72,77,42,77,印
﻿42,77,72,77,72,109,42,109,󰘚
﻿42,109,72,109,72,141,42,141,雪
﻿42,141,72,141,72,173,42,173,坡
﻿42,173,72,173,72,206,42,206,身
﻿45,245,74,245,74,279,45,279,樂
﻿45,279,74,279,74,313,45,313,鐄
﻿45,313,74,313,74,347,45,347,蕩
﻿45,347,74,347,74,381,45,381,蕩
﻿45,381,74,381,74,415,45,415,如
﻿45,415,74,415,74,449,45,449,𧵆
﻿45,449,74,449,74,483,45,483,如
﻿45,483,74,483,74,517,45,517,賒
﻿12,12,41,12,41,44,12,44,連
﻿12,44,41,44,41,77,12,77,𢜠
﻿12,77,41,77,41,109,12,109,噋
﻿12,109,41,109,41,142,12,142,𠳨
﻿12,142,41,142,41,174,12,174,𠻀
﻿12,174,41,174,41,207,12,207,󰑼
﻿12,247,43,247,43,280,12,280,桃
﻿12,280,43,280,43,314,12,314,源
﻿12,314,43,314,43,347,12,347,落
﻿12,347,43,347,43,381,12,381,𡓃
﻿12,381,43,381,43,415,12,415,󰠳
﻿12,415,43,415,43,448,12,448,麻
﻿12,448,43,448,43,482,12,482,典
﻿12,482,43,482,43,516,12,516,低
