340,11,376,11,376,46,340,46,𢚸
﻿340,46,376,46,376,82,340,82,貞
﻿340,82,376,82,376,118,340,118,𢜠
﻿340,118,376,118,376,154,340,154,𢜝
﻿340,154,376,154,376,190,340,190,坤
﻿340,190,376,190,376,226,340,226,扲
﻿344,282,375,282,375,318,344,318,𢜝
﻿344,318,375,318,375,354,344,354,台
﻿344,354,375,354,375,390,344,390,麻
﻿344,390,375,390,375,426,344,426,吏
﻿344,426,375,426,375,462,344,462,𢜠
﻿344,462,375,462,375,498,344,498,󰠐
﻿344,498,375,498,375,534,344,534,朱
﻿344,534,375,534,375,570,344,570,埃
﻿304,9,337,9,337,45,304,45,媒
﻿304,45,337,45,337,81,304,81,𫅷
﻿304,81,337,81,337,118,304,118,師
﻿304,118,337,118,337,154,304,154,長
﻿304,154,337,154,337,190,304,190,次
﻿304,190,337,190,337,227,304,227,𠄩
﻿307,282,339,282,339,318,307,318,脱
﻿307,318,339,318,339,354,307,354,迻
﻿307,354,339,354,339,390,307,390,且
﻿307,390,339,390,339,426,307,426,畧
﻿307,426,339,426,339,462,307,462,倍
﻿307,462,339,462,339,498,307,498,𨑮
﻿307,498,339,498,339,534,307,534,逴
﻿307,534,339,534,339,570,307,570,蓮
﻿266,10,301,10,301,45,266,45,𢴑
﻿266,45,301,45,301,81,266,81,𢬣
﻿266,81,301,81,301,117,266,117,𨷑
﻿266,117,301,117,301,152,266,152,󰘚
﻿266,152,301,152,301,188,266,188,朱
﻿266,188,301,188,301,224,266,224,𥚆
﻿272,283,302,283,302,318,272,318,花
﻿272,318,302,318,302,354,272,354,怒
﻿272,354,302,354,302,390,272,390,箕
﻿272,390,302,390,302,426,272,426,貝
﻿272,426,302,426,302,462,272,462,濯
﻿272,462,302,462,302,498,272,498,泉
﻿272,498,302,498,302,534,272,534,拱
﻿272,534,302,534,302,570,272,570,碎
﻿232,10,264,10,264,45,232,45,𢖵
﻿232,45,264,45,264,81,232,81,欺
﻿232,81,264,81,264,117,232,117,侶
﻿232,117,264,117,264,152,232,152,𨀈
﻿232,152,264,152,264,188,232,188,仕
﻿232,188,264,188,264,224,232,224,潙
﻿236,282,265,282,265,318,236,318,𡽫
﻿236,318,265,318,265,354,236,354,鐄
﻿236,354,265,354,265,391,236,391,渚
﻿236,391,265,391,265,427,236,427,易
﻿236,427,265,427,265,463,236,463,填
﻿236,463,265,463,265,500,236,500,倍
﻿236,500,265,500,265,536,236,536,󰌺
﻿236,536,265,536,265,573,236,573,傷
﻿196,8,228,8,228,44,196,44,𠦳
﻿196,44,228,44,228,81,196,81,鐄
﻿196,81,228,81,228,117,196,117,哙
﻿196,117,228,117,228,154,196,154,㤕
﻿196,154,228,154,228,190,196,190,礼
﻿196,190,228,190,228,227,196,227,常
﻿200,283,228,283,228,319,200,319,媒
﻿200,319,228,319,228,355,200,355,𢚸
﻿200,355,228,355,228,391,200,391,漂
﻿200,391,228,391,228,427,200,427,母
﻿200,427,228,427,228,463,200,463,󰋇
﻿200,463,228,463,228,499,200,499,鐄
﻿200,499,228,499,228,535,200,535,朱
﻿200,535,228,535,228,571,200,571,斤
﻿163,11,193,11,193,46,163,46,𠄩
﻿163,46,193,46,193,81,163,81,㝵
﻿163,81,193,81,193,117,163,117,𬂙
﻿163,117,193,117,193,152,163,152,󰘚
﻿163,152,193,152,193,187,163,187,秦
﻿163,187,193,187,193,223,163,223,銀
﻿163,282,195,282,195,317,163,317,姅
﻿163,317,195,317,195,353,163,353,分
﻿163,353,195,353,195,389,163,389,怯
﻿163,389,195,389,195,425,163,425,𢜝
﻿163,425,195,425,195,460,163,460,姅
﻿163,460,195,460,195,496,163,496,分
﻿163,496,195,496,195,532,163,532,𢜠
﻿163,532,195,532,195,568,163,568,盃
﻿125,14,159,14,159,49,125,49,娘
﻿125,49,159,49,159,84,125,84,浪
﻿125,84,159,84,159,119,125,119,嗔
﻿125,119,159,119,159,154,125,154,唉
﻿125,154,159,154,159,189,125,189,󰟱
﻿125,189,159,189,159,224,125,224,𡎢
﻿127,283,159,283,159,319,127,319,袩
﻿127,319,159,319,159,355,127,355,朱
﻿127,355,159,355,159,391,127,391,𤑟
﻿127,391,159,391,159,428,127,428,󰘚
﻿127,428,159,428,159,464,127,464,別
﻿127,464,159,464,159,500,127,500,碎
﻿127,500,159,500,159,536,127,536,报
﻿127,536,159,536,159,573,127,573,𫌵
﻿89,11,121,11,121,47,89,47,急
﻿89,47,121,47,121,83,89,83,傳
﻿89,83,121,83,121,120,89,120,諸
﻿89,120,121,120,121,156,89,156,將
﻿89,156,121,156,121,192,89,192,献
﻿89,192,121,192,121,229,89,229,俘
﻿92,283,124,283,124,319,92,319,吏
﻿92,319,124,319,124,355,92,355,󰝂
﻿92,355,124,355,124,391,92,391,各
﻿92,391,124,391,124,427,92,427,跡
﻿92,427,124,427,124,463,92,463,犯
﻿92,463,124,463,124,499,92,499,囚
﻿92,499,124,499,124,535,92,535,候
﻿92,535,124,535,124,571,92,571,查
﻿51,12,85,12,85,48,51,48,󰡎
﻿51,48,85,48,85,84,51,84,旗
﻿51,84,85,84,85,120,51,120,鎌
﻿51,120,85,120,85,156,51,156,捽
﻿51,156,85,156,85,192,51,192,埋
﻿51,192,85,192,85,228,51,228,𦋦
﻿54,287,86,287,86,322,54,322,正
﻿54,322,86,322,86,357,54,357,名
﻿54,357,86,357,86,393,54,393,首
﻿54,393,86,393,86,428,54,428,犯
﻿54,428,86,428,86,463,54,463,𠸜
﻿54,463,86,463,86,499,54,499,󰑼
﻿54,499,86,499,86,534,54,534,宦
﻿54,534,86,534,86,570,54,570,姐
﻿12,14,46,14,46,50,12,50,賒
﻿12,50,46,50,46,86,12,86,𬂙
﻿12,86,46,86,46,122,12,122,娘
﻿12,122,46,122,46,158,12,158,㐌
﻿12,158,46,158,46,194,12,194,嘲
﻿12,194,46,194,46,231,12,231,初
﻿15,287,48,287,48,322,15,322,小
﻿15,322,48,322,48,358,15,358,姐
﻿15,358,48,358,48,394,15,394,拱
﻿15,394,48,394,48,430,15,430,󰡏
﻿15,430,48,430,48,465,15,465,碑
﻿15,465,48,465,48,501,15,501,徐
﻿15,501,48,501,48,537,15,537,旦
﻿15,537,48,537,48,573,15,573,低
