365,13,396,13,396,45,365,45,拱
﻿365,45,396,45,396,78,365,78,󰑼
﻿365,78,396,78,396,110,365,110,寃
﻿365,110,396,110,396,143,365,143,業
﻿365,143,396,143,396,175,365,175,之
﻿365,175,396,175,396,208,365,208,低
﻿369,247,401,247,401,280,369,280,沙
﻿369,280,401,280,401,313,369,313,機
﻿369,313,401,313,401,346,369,346,買
﻿369,346,401,346,401,379,369,379,典
﻿369,379,401,379,401,412,369,412,世
﻿369,412,401,412,401,445,369,445,尼
﻿369,445,401,445,401,478,369,478,庄
﻿369,478,401,478,401,512,369,512,仍
﻿332,15,364,15,364,47,332,47,於
﻿332,47,364,47,364,79,332,79,低
﻿332,79,364,79,364,111,332,111,𦖻
﻿332,111,364,111,364,143,332,143,壁
﻿332,143,364,143,364,175,332,175,脉
﻿332,175,364,175,364,207,332,207,棱
﻿335,249,368,249,368,281,335,281,体
﻿335,281,368,281,368,314,335,314,埃
﻿335,314,368,314,368,346,335,346,涓
﻿335,346,368,346,368,379,335,379,属
﻿335,379,368,379,368,411,335,411,拱
﻿335,411,368,411,368,444,335,444,停
﻿335,444,368,444,368,476,335,476,𥆾
﻿335,476,368,476,368,509,335,509,之
﻿300,16,331,16,331,47,300,47,矯
﻿300,47,331,47,331,79,300,79,欺
﻿300,79,331,79,331,111,300,111,𩆐
﻿300,111,331,111,331,142,300,142,𩄰
﻿300,142,331,142,331,174,300,174,不
﻿300,174,331,174,331,206,300,206,期
﻿304,248,334,248,334,281,304,281,昆
﻿304,281,334,281,334,314,304,314,蜂
﻿304,314,334,314,334,347,304,347,丐
﻿304,347,334,347,334,380,304,380,蜆
﻿304,380,334,380,334,413,304,413,呌
﻿304,413,334,413,334,446,304,446,之
﻿304,446,334,446,334,479,304,479,特
﻿304,479,334,479,334,512,304,512,寃
﻿266,16,299,16,299,48,266,48,娘
﻿266,48,299,48,299,80,266,80,強
﻿266,80,299,80,299,112,266,112,湥
﻿266,112,299,112,299,144,266,144,玉
﻿266,144,299,144,299,176,266,176,如
﻿266,176,299,176,299,209,266,209,滇
﻿273,250,303,250,303,282,273,282,浽
﻿273,282,303,282,303,315,273,315,𢚸
﻿273,315,303,315,303,348,273,348,𩛂
﻿273,348,303,348,303,381,273,381,仍
﻿273,381,303,381,303,414,273,414,盘
﻿273,414,303,414,303,447,273,447,桓
﻿273,447,303,447,303,480,273,480,念
﻿273,480,303,480,303,513,273,513,西
﻿236,13,265,13,265,44,236,44,風
﻿236,44,265,44,265,76,236,76,陳
﻿236,76,265,76,265,108,236,108,刼
﻿236,108,265,108,265,140,236,140,㐌
﻿236,140,265,140,265,172,236,172,𠹾
﻿236,172,265,172,265,204,236,204,苔
﻿241,248,272,248,272,281,241,281,淋
﻿241,281,272,281,272,314,241,314,炭
﻿241,314,272,314,272,347,241,347,吏
﻿241,347,272,347,272,381,241,381,固
﻿241,381,272,381,272,414,241,414,次
﻿241,414,272,414,272,447,241,447,尼
﻿241,447,272,447,272,480,241,480,平
﻿241,480,272,480,272,514,241,514,𠄩
﻿204,14,235,14,235,46,204,46,爫
﻿204,46,235,46,235,79,204,79,牢
﻿204,79,235,79,235,111,204,111,鉑
﻿204,111,235,111,235,144,204,144,𫽄
﻿204,144,235,144,235,176,204,176,皮
﻿204,176,235,176,235,209,204,209,催
﻿209,248,240,248,240,281,209,281,󰇿
﻿209,281,240,281,240,315,209,315,󰇿
﻿209,315,240,315,240,348,209,348,𫃚
﻿209,348,240,348,240,382,209,382,買
﻿209,382,240,382,240,416,209,416,𥙩
﻿209,416,240,416,240,449,209,449,𠊛
﻿209,449,240,449,240,483,209,483,紅
﻿209,483,240,483,240,517,209,517,顔
﻿172,12,202,12,202,45,172,45,㐌
﻿172,45,202,45,202,78,172,78,停
﻿172,78,202,78,202,111,172,111,夙
﻿172,111,202,111,202,144,172,144,債
﻿172,144,202,144,202,177,172,177,前
﻿172,177,202,177,202,211,172,211,寃
﻿176,248,208,248,208,280,176,280,拱
﻿176,280,208,280,208,313,176,313,料
﻿176,313,208,313,208,345,176,345,玉
﻿176,345,208,345,208,378,176,378,󰞺
﻿176,378,208,378,208,411,176,411,花
﻿176,411,208,411,208,443,176,443,殘
﻿176,443,208,443,208,476,176,476,麻
﻿176,476,208,476,208,509,176,509,之
﻿139,11,171,11,171,44,139,44,仍
﻿139,44,171,44,171,77,139,77,󰑼
﻿139,77,171,77,171,110,139,110,娘
﻿139,110,171,110,171,143,139,143,耨
﻿139,143,171,143,171,176,139,176,戈
﻿139,176,171,176,171,209,139,209,時
﻿144,249,175,249,175,282,144,282,小
﻿144,282,175,282,175,315,144,315,姐
﻿144,315,175,315,175,349,144,349,沛
﻿144,349,175,349,175,382,144,382,𣇜
﻿144,382,175,382,175,415,144,415,買
﻿144,415,175,415,175,449,144,449,𧗱
﻿144,449,175,449,175,482,144,482,寧
﻿144,482,175,482,175,516,144,516,家
﻿106,11,137,11,137,44,106,44,媄
﻿106,44,137,44,137,78,106,78,𡥵
﻿106,78,137,78,137,112,106,112,路
﻿106,112,137,112,137,145,106,145,傳
﻿106,145,137,145,137,179,106,179,隣
﻿106,179,137,179,137,213,106,213,󰑼
﻿112,248,143,248,143,281,112,281,夫
﻿112,281,143,281,143,315,112,315,人
﻿112,315,143,315,143,349,112,349,買
﻿112,349,143,349,143,383,112,383,哙
﻿112,383,143,383,143,417,112,417,娘
﻿112,417,143,417,143,451,112,451,𦋦
﻿112,451,143,451,143,485,112,485,𠰺
﻿112,485,143,485,143,519,112,519,𠳒
﻿74,11,104,11,104,44,74,44,小
﻿74,44,104,44,104,78,74,78,姐
﻿74,78,104,78,104,111,74,111,𠁑
﻿74,111,104,111,104,145,74,145,帳
﻿74,145,104,145,104,178,74,178,少
﻿74,178,104,178,104,212,74,212,𠊛
﻿79,250,111,250,111,284,79,284,朱
﻿79,284,111,284,111,318,79,318,𧗱
﻿79,318,111,318,111,352,79,352,边
﻿79,352,111,352,111,386,79,386,󰀎
﻿79,386,111,386,111,420,79,420,蹺
﻿79,420,111,420,111,454,79,454,隊
﻿79,454,111,454,111,488,79,488,楼
﻿79,488,111,488,111,522,79,522,粧
﻿43,11,73,11,73,43,43,43,領
﻿43,43,73,43,73,76,43,76,𠳒
﻿43,76,73,76,73,109,43,109,娘
﻿43,109,73,109,73,141,43,141,買
﻿43,141,73,141,73,174,43,174,蹺
﻿43,174,73,174,73,207,43,207,𨖅
﻿45,248,78,248,78,282,45,282,別
﻿45,282,78,282,78,316,45,316,󰠲
﻿45,316,78,316,78,350,45,350,地
﻿45,350,78,350,78,384,45,384,獄
﻿45,384,78,384,78,418,45,418,天
﻿45,418,78,418,78,452,45,452,堂
﻿45,452,78,452,78,486,45,486,󰑼
﻿45,486,78,486,78,521,45,521,󰠲
﻿9,11,41,11,41,44,9,44,󰉺
﻿9,44,41,44,41,77,9,77,𣌉
﻿9,77,41,77,41,110,9,110,巾
﻿9,110,41,110,41,143,9,143,󰘚
﻿9,143,41,143,41,176,9,176,备
﻿9,176,41,176,41,209,9,209,頭
﻿16,248,44,248,44,282,16,282,分
﻿16,282,44,282,44,316,16,316,𡥵
﻿16,316,44,316,44,350,16,350,候
﻿16,350,44,350,44,384,16,384,㑏
﻿16,384,44,384,44,418,16,418,𡥵
﻿16,418,44,418,44,452,16,452,候
﻿16,452,44,452,44,486,16,486,敢
﻿16,486,44,486,44,520,16,520,差
