371,13,399,13,399,44,371,44,𠊛
﻿371,44,399,44,399,75,371,75,腋
﻿371,75,399,75,399,106,371,106,𡱩
﻿371,106,399,106,399,137,371,137,几
﻿371,137,399,137,399,168,371,168,𢬣
﻿371,168,399,168,399,200,371,200,刀
﻿375,247,401,247,401,280,375,280,頭
﻿375,280,401,280,401,313,375,313,𬌥
﻿375,313,401,313,401,347,375,347,𩈘
﻿375,347,401,347,401,380,375,380,馭
﻿375,380,401,380,401,413,375,413,呦
﻿375,413,401,413,401,447,375,447,呦
﻿375,447,401,447,401,480,375,480,如
﻿375,480,401,480,401,514,375,514,雷
﻿341,16,369,16,369,47,341,47,拁
﻿341,47,369,47,369,79,341,79,扛
﻿341,79,369,79,369,110,341,110,󰜋
﻿341,110,369,110,369,142,341,142,老
﻿341,142,369,142,369,173,341,173,󰜋
﻿341,173,369,173,369,205,341,205,𫦻
﻿341,249,373,249,373,282,341,282,󰜋
﻿341,282,373,282,373,315,341,315,𦀊
﻿341,315,373,315,373,349,341,349,󰟁
﻿341,349,373,349,373,382,341,382,類
﻿341,382,373,382,373,415,341,415,纀
﻿341,415,373,415,373,449,341,449,𠄩
﻿341,449,373,449,373,482,341,482,󰋟
﻿341,482,373,482,373,516,341,516,情
﻿306,13,339,13,339,44,306,44,苔
﻿306,44,339,44,339,76,306,76,茹
﻿306,76,339,76,339,108,306,108,㘇
﻿306,108,339,108,339,140,306,140,㗂
﻿306,140,339,140,339,172,306,172,𧋆
﻿306,172,339,172,339,204,306,204,撑
﻿308,251,339,251,339,284,308,284,用
﻿308,284,339,284,339,317,308,317,淶
﻿308,317,339,317,339,350,308,350,湥
﻿308,350,339,350,339,383,308,383,柳
﻿308,383,339,383,339,416,308,416,散
﻿308,416,339,416,339,449,308,449,情
﻿308,449,339,449,339,482,308,482,檜
﻿308,482,339,482,339,516,308,516,枚
﻿276,13,305,13,305,44,276,44,圖
﻿276,44,305,44,305,76,276,76,細
﻿276,76,305,76,305,107,276,107,軟
﻿276,107,305,107,305,139,276,139,𧵑
﻿276,139,305,139,305,170,276,170,𥢆
﻿276,170,305,170,305,202,276,202,𢬣
﻿277,249,306,249,306,282,277,282,沚
﻿277,282,306,282,306,316,277,316,𥑥
﻿277,316,306,316,306,349,277,349,生
﻿277,349,306,349,306,383,277,383,𭎑
﻿277,383,306,383,306,417,277,417,朱
﻿277,417,306,417,306,450,277,450,苔
﻿277,450,306,450,306,484,277,484,襊
﻿277,484,306,484,306,518,277,518,貪
﻿242,12,275,12,275,43,242,43,調
﻿242,43,275,43,275,75,242,75,󰠳
﻿242,75,275,75,275,107,242,107,𠖤
﻿242,107,275,107,275,139,242,139,纀
﻿242,139,275,139,275,171,242,171,埃
﻿242,171,275,171,275,203,242,203,爫
﻿242,250,276,250,276,283,242,283,尼
﻿242,283,276,283,276,316,242,316,埃
﻿242,316,276,316,276,349,242,349,單
﻿242,349,276,349,276,383,242,383,泣
﻿242,383,276,383,276,416,242,416,秩
﻿242,416,276,416,276,449,242,449,緘
﻿242,449,276,449,276,482,242,482,俸
﻿242,482,276,482,276,516,242,516,仍
﻿211,13,241,13,241,45,211,45,𠳨
﻿211,45,241,45,241,77,211,77,𦋦
﻿211,77,241,77,241,109,211,109,𡢐
﻿211,109,241,109,241,141,211,141,買
﻿211,141,241,141,241,173,211,173,别
﻿211,173,241,173,241,205,211,205,浪
﻿209,252,240,252,240,284,209,284,沛
﻿209,284,240,284,240,317,209,317,𠸜
﻿209,317,240,317,240,349,209,349,称
﻿209,349,240,349,240,382,209,382,率
﻿209,382,240,382,240,415,209,415,在
﻿209,415,240,415,240,447,209,447,𠊟
﻿209,447,240,447,240,480,209,480,半
﻿209,480,240,480,240,513,209,513,絲
﻿180,11,210,11,210,43,180,43,󰜋
﻿180,43,210,43,210,75,180,75,茹
﻿180,75,210,75,210,107,180,107,恍
﻿180,107,210,107,210,139,180,139,惚
﻿180,139,210,139,210,171,180,171,謹
﻿180,171,210,171,210,204,180,204,魚
﻿181,245,208,245,208,278,181,278,㗂
﻿181,278,208,278,208,311,181,311,寃
﻿181,311,208,311,208,344,181,344,𠰺
﻿181,344,208,344,208,377,181,377,保
﻿181,377,208,377,208,410,181,410,案
﻿181,410,208,410,208,443,181,443,疑
﻿181,443,208,443,208,476,181,476,𫭧
﻿181,476,208,476,208,510,181,510,𩄲
﻿147,15,179,15,179,46,147,46,下
﻿147,46,179,46,179,78,147,78,辞
﻿147,78,179,78,179,109,147,109,𠹚
﻿147,109,179,109,179,141,147,141,𥛉
﻿147,141,179,141,179,172,147,172,卒
﻿147,172,179,172,179,204,147,204,𣈜
﻿149,249,180,249,180,282,149,282,的
﻿149,282,180,282,180,315,149,315,𦖻
﻿149,315,180,315,180,348,149,348,憐
﻿149,348,180,348,180,381,149,381,恤
﻿149,381,180,381,180,414,149,414,負
﻿149,414,180,414,180,447,149,447,𢬣
﻿149,447,180,447,180,480,149,480,摧
﻿149,480,180,480,180,514,149,514,殘
﻿117,13,146,13,146,44,117,44,󰟌
﻿117,44,146,44,146,76,117,76,高
﻿117,76,146,76,146,108,117,108,𢫫
﻿117,108,146,108,146,140,117,140,虐
﻿117,140,146,140,146,172,117,172,𦀊
﻿117,172,146,172,146,204,117,204,寃
﻿117,249,146,249,146,281,117,281,酉
﻿117,281,146,281,146,314,117,314,𠊛
﻿117,314,146,314,146,347,117,347,𥒥
﻿117,347,146,347,146,380,117,380,拱
﻿117,380,146,380,146,412,117,412,󰞺
﻿117,412,146,412,146,445,117,445,肝
﻿117,445,146,445,146,478,117,478,路
﻿117,478,146,478,146,511,117,511,𠊛
﻿83,13,115,13,115,44,83,44,𩈘
﻿83,44,115,44,115,76,83,76,𬖉
﻿83,76,115,76,115,108,83,108,𤴬
﻿83,108,115,108,115,140,83,140,疸
﻿83,140,115,140,115,172,83,172,用
﻿83,172,115,172,115,204,83,204,移
﻿84,247,116,247,116,279,84,279,寃
﻿84,279,116,279,116,312,84,312,尼
﻿84,312,116,312,116,344,84,344,群
﻿84,344,116,344,116,377,84,377,󰜋
﻿84,377,116,377,116,409,84,409,呌
﻿84,409,116,409,116,442,84,442,𡗶
﻿84,442,116,442,116,474,84,474,仍
﻿84,474,116,474,116,507,84,507,賒
﻿53,12,82,12,82,43,53,43,󰜋
﻿53,43,82,43,82,75,53,75,𣈜
﻿53,75,82,75,82,107,53,107,𨔍
﻿53,107,82,107,82,138,53,138,𫗁
﻿53,138,82,138,82,170,53,170,差
﻿53,170,82,170,82,202,53,202,衙
﻿54,247,82,247,82,280,54,280,爫
﻿54,280,82,280,82,313,54,313,朱
﻿54,313,82,313,82,346,54,346,酷
﻿54,346,82,346,82,379,54,379,害
﻿54,379,82,379,82,412,54,412,𫽄
﻿54,412,82,412,82,445,54,445,戈
﻿54,445,82,445,82,478,54,478,爲
﻿54,478,82,478,82,511,54,511,錢
﻿21,10,51,10,51,41,21,41,𫳵
﻿21,41,51,41,51,73,21,73,朱
﻿21,73,51,73,51,105,21,105,骨
﻿21,105,51,105,51,136,21,136,肉
﻿21,136,51,136,51,168,21,168,院
﻿21,168,51,168,51,200,21,200,全
﻿19,246,52,246,52,279,19,279,𥪞
﻿19,279,52,279,52,312,19,312,欺
﻿19,312,52,312,52,345,19,345,遇
﻿19,345,52,345,52,379,19,379,变
﻿19,379,52,379,52,412,19,412,從
﻿19,412,52,412,52,445,19,445,權
﻿19,445,52,445,52,478,19,478,别
﻿19,478,52,478,52,512,19,512,𫳵
