377,11,409,11,409,42,377,42,󰘇
﻿377,42,409,42,409,74,377,74,柴
﻿377,74,409,74,409,106,377,106,皮
﻿377,106,409,106,409,137,377,137,吘
﻿377,137,409,137,409,169,377,169,杄
﻿377,169,409,169,409,201,377,201,花
﻿377,242,412,242,412,275,377,275,家
﻿377,275,412,275,412,308,377,308,童
﻿377,308,412,308,412,341,377,341,𠓨
﻿377,341,412,341,412,374,377,374,𠳚
﻿377,374,412,374,412,407,377,407,書
﻿377,407,412,407,412,440,377,440,茹
﻿377,440,412,440,412,473,377,473,買
﻿377,473,412,473,412,506,377,506,𢀨
﻿343,11,375,11,375,42,343,42,󰠐
﻿343,42,375,42,375,74,343,74,信
﻿343,74,375,74,375,106,343,106,叔
﻿343,106,375,106,375,137,343,137,父
﻿343,137,375,137,375,169,343,169,辤
﻿343,169,375,169,375,201,343,201,堂
﻿345,243,376,243,376,276,345,276,巴
﻿345,276,376,276,376,309,345,309,爲
﻿345,309,376,309,376,342,345,342,旅
﻿345,342,376,342,376,375,345,375,󰊽
﻿345,375,376,375,376,408,345,408,他
﻿345,408,376,408,376,441,345,441,鄕
﻿345,441,376,441,376,474,345,474,提
﻿345,474,376,474,376,508,345,508,攜
﻿311,9,341,9,341,41,311,41,遼
﻿311,41,341,41,341,73,311,73,陽
﻿311,73,341,73,341,105,311,105,隔
﻿311,105,341,105,341,137,311,137,阻
﻿311,137,341,137,341,169,311,169,山
﻿311,169,341,169,341,202,311,202,溪
﻿313,242,342,242,342,275,313,275,椿
﻿313,275,342,275,342,308,313,308,堂
﻿313,308,342,308,342,341,313,341,急
﻿313,341,342,341,342,375,313,375,噲
﻿313,375,342,375,342,408,313,408,生
﻿313,408,342,408,342,441,313,441,𧗱
﻿313,441,342,441,342,474,313,474,𧦈
﻿313,474,342,474,342,508,313,508,䘮
﻿279,10,310,10,310,42,279,42,𠻵
﻿279,42,310,42,310,74,279,74,信
﻿279,74,310,74,310,106,279,106,掣
﻿279,106,310,106,310,138,279,138,浽
﻿279,138,310,138,310,170,279,170,驚
﻿279,170,310,170,310,202,279,202,惶
﻿279,245,312,245,312,277,279,277,氷
﻿279,277,312,277,312,310,279,310,命
﻿279,310,312,310,312,343,279,343,輦
﻿279,343,312,343,312,376,279,376,𠓀
﻿279,376,312,376,312,408,279,408,臺
﻿279,408,312,408,312,441,279,441,粧
﻿279,441,312,441,312,474,279,474,叙
﻿279,474,312,474,312,507,279,507,情
﻿246,9,277,9,277,41,246,41,𨃴
﻿246,41,277,41,277,73,246,73,頭
﻿246,73,277,73,277,105,246,105,每
﻿246,105,277,105,277,137,246,137,浽
﻿246,137,277,137,277,169,246,169,丁
﻿246,169,277,169,277,201,246,201,寧
﻿245,247,278,247,278,279,245,279,浽
﻿245,279,278,279,278,311,245,311,茹
﻿245,311,278,311,278,343,245,343,䘮
﻿245,343,278,343,278,376,245,376,𩯀
﻿245,376,278,376,278,408,245,408,浽
﻿245,408,278,408,278,440,245,440,命
﻿245,440,278,440,278,472,245,472,賒
﻿245,472,278,472,278,505,245,505,吹
﻿216,7,245,7,245,38,216,38,事
﻿216,38,245,38,245,70,216,70,󰠳
﻿216,70,245,70,245,102,216,102,渚
﻿216,102,245,102,245,134,216,134,及
﻿216,134,245,134,245,166,216,166,堆
﻿216,166,245,166,245,198,216,198,囬
﻿215,244,244,244,244,276,215,276,緣
﻿215,276,244,276,244,309,215,309,󰠳
﻿215,309,244,309,244,341,215,341,渚
﻿215,341,244,341,244,374,215,374,及
﻿215,374,244,374,244,406,215,406,󰜋
﻿215,406,244,406,244,439,215,439,𠳒
﻿215,439,244,439,244,471,215,471,𢭂
﻿215,471,244,471,244,504,215,504,絲
﻿182,9,215,9,215,40,182,40,𦝄
﻿182,40,215,40,215,72,182,72,誓
﻿182,72,215,72,215,104,182,104,群
﻿182,104,215,104,215,135,182,135,妬
﻿182,135,215,135,215,167,182,167,猪
﻿182,167,215,167,215,199,182,199,猪
﻿182,241,212,241,212,273,182,273,敢
﻿182,273,212,273,212,306,182,306,賒
﻿182,306,212,306,212,339,182,339,吹
﻿182,339,212,339,212,372,182,372,𩈘
﻿182,372,212,372,212,405,182,405,麻
﻿182,405,212,405,212,438,182,438,䜹
﻿182,438,212,438,212,471,182,471,撻
﻿182,471,212,471,212,504,182,504,𢚸
﻿152,11,181,11,181,42,152,42,外
﻿152,42,181,42,181,73,152,73,𠦳
﻿152,73,181,73,181,105,152,105,𨤮
﻿152,105,181,105,181,136,152,136,祝
﻿152,136,181,136,181,167,152,167,𠀧
﻿152,167,181,167,181,199,152,199,冬
﻿150,241,180,241,180,273,150,273,䋦
﻿150,273,180,273,180,306,150,306,愁
﻿150,306,180,306,180,339,150,339,欺
﻿150,339,180,339,180,372,150,372,𫽻
﻿150,372,180,372,180,404,150,404,朱
﻿150,404,180,404,180,437,150,437,衝
﻿150,437,180,437,180,470,150,470,群
﻿150,470,180,470,180,503,150,503,迡
﻿121,12,150,12,150,43,121,43,廛
﻿121,43,150,43,150,74,121,74,鐄
﻿121,74,150,74,150,105,121,105,𡨹
﻿121,105,150,105,150,136,121,136,玉
﻿121,136,150,136,150,167,121,167,朱
﻿121,167,150,167,150,199,121,199,𫨩
﻿119,240,149,240,149,272,119,272,朱
﻿119,272,149,272,149,305,119,305,停
﻿119,305,149,305,149,338,119,338,𢚸
﻿119,338,149,338,149,371,119,371,几
﻿119,371,149,371,149,403,119,403,蹎
﻿119,403,149,403,149,436,119,436,𩄲
﻿119,436,149,436,149,469,119,469,𨤔
﻿119,469,149,469,149,502,119,502,𡗶
﻿88,14,119,14,119,44,88,44,𦖻
﻿88,44,119,44,119,74,88,74,𦖑
﻿88,74,119,74,119,105,88,105,𫆧
﻿88,105,119,105,119,135,88,135,綏
﻿88,135,119,135,119,165,88,165,排
﻿88,165,119,165,119,196,88,196,排
﻿85,242,117,242,117,274,85,274,忍
﻿85,274,117,274,117,307,85,307,如
﻿85,307,117,307,117,339,85,339,娘
﻿85,339,117,339,117,372,85,372,買
﻿85,372,117,372,117,404,85,404,𤋵
﻿85,404,117,404,117,437,85,437,𠳒
﻿85,437,117,437,117,469,85,469,𠓀
﻿85,469,117,469,117,502,85,502,𡢐
﻿55,12,87,12,87,43,55,43,翁
﻿55,43,87,43,87,74,55,74,絲
﻿55,74,87,74,87,105,55,105,恄
﻿55,105,87,105,87,136,55,136,補
﻿55,136,87,136,87,167,55,167,之
﻿55,167,87,167,87,199,55,199,饒
﻿54,241,84,241,84,273,54,273,渚
﻿54,273,84,273,84,305,54,305,𢝙
﻿54,305,84,305,84,337,54,337,森
﻿54,337,84,337,84,370,54,370,合
﻿54,370,84,370,84,402,54,402,㐌
﻿54,402,84,402,84,434,54,434,愁
﻿54,434,84,434,84,466,54,466,坡
﻿54,466,84,466,84,499,54,499,配
﻿24,12,54,12,54,43,24,43,共
﻿24,43,54,43,54,74,24,74,饒
﻿24,74,54,74,54,105,24,105,卒
﻿24,105,54,105,54,136,24,136,㐌
﻿24,136,54,136,54,167,24,167,𥘀
﻿24,167,54,167,54,199,24,199,𠳒
﻿24,241,53,241,53,273,24,273,酉
﻿24,273,53,273,53,305,24,305,台
﻿24,305,53,305,53,337,24,337,𠃅
﻿24,337,53,337,53,369,24,369,𩯀
﻿24,369,53,369,53,401,24,401,敢
﻿24,401,53,401,53,433,24,433,移
﻿24,433,53,433,53,465,24,465,𢚸
﻿24,465,53,465,53,498,24,498,絲
