332,11,366,11,366,45,332,45,𦖑
﻿332,45,366,45,366,80,332,80,信
﻿332,80,366,80,366,114,332,114,如
﻿332,114,366,114,366,149,332,149,楽
﻿332,149,366,149,366,183,332,183,𣳔
﻿332,183,366,183,366,218,332,218,涞
﻿333,274,366,274,366,308,333,308,森
﻿333,308,366,308,366,343,333,343,觥
﻿333,343,366,343,366,378,333,378,計
﻿333,378,366,378,366,413,333,413,户
﻿333,413,366,413,366,448,333,448,遁
﻿333,448,366,448,366,483,333,483,𠳒
﻿333,483,366,483,366,518,333,518,𠳨
﻿333,518,366,518,366,553,333,553,查
﻿295,11,329,11,329,45,295,45,尼
﻿295,45,329,45,329,79,295,79,𫯳
﻿295,79,329,79,329,113,295,113,尼
﻿295,113,329,113,329,147,295,147,媄
﻿295,147,329,147,329,181,295,181,尼
﻿295,181,329,181,329,215,295,215,吒
﻿298,273,331,273,331,308,298,308,尼
﻿298,308,331,308,331,343,298,343,󰑼
﻿298,343,331,343,331,379,298,379,㛪
﻿298,379,331,379,331,414,298,414,𫆧
﻿298,414,331,414,331,449,298,449,尼
﻿298,449,331,449,331,485,298,485,󰑼
﻿298,485,331,485,331,520,298,520,㛪
﻿298,520,331,520,331,556,298,556,妯
﻿263,10,293,10,293,44,263,44,实
﻿263,44,293,44,293,78,263,78,信
﻿263,78,293,78,293,113,263,113,𦖑
﻿263,113,293,113,293,147,263,147,㐌
﻿263,147,293,147,293,181,263,181,闭
﻿263,181,293,181,293,216,263,216,𥹰
﻿262,271,294,271,294,306,262,306,法
﻿262,306,294,306,294,342,262,342,師
﻿262,342,294,342,294,378,262,378,𠰺
﻿262,378,294,378,294,414,262,414,世
﻿262,414,294,414,294,449,262,449,事
﻿262,449,294,449,294,485,262,485,󰠲
﻿262,485,294,485,294,521,262,521,𨔍
﻿262,521,294,521,294,557,262,557,󰟯
﻿229,10,259,10,259,44,229,44,師
﻿229,44,259,44,259,79,229,79,浪
﻿229,79,259,79,259,114,229,114,固
﻿229,114,259,114,259,148,229,148,果
﻿229,148,259,148,259,183,229,183,貝
﻿229,183,259,183,259,218,229,218,娘
﻿229,273,259,273,259,308,229,308,臨
﻿229,308,259,308,259,343,229,343,淄
﻿229,343,259,343,259,378,229,378,𣇜
﻿229,378,259,378,259,414,229,414,畧
﻿229,414,259,414,259,449,229,449,錢
﻿229,449,259,449,259,484,229,484,塘
﻿229,484,259,484,259,519,229,519,𣇜
﻿229,519,259,519,259,555,229,555,娄
﻿193,9,224,9,224,43,193,43,欺
﻿193,43,224,43,224,78,193,78,娘
﻿193,78,224,78,224,113,193,113,招
﻿193,113,224,113,224,148,193,148,玉
﻿193,148,224,148,224,183,193,183,底
﻿193,183,224,183,224,218,193,218,溇
﻿193,273,225,273,225,308,193,308,迍
﻿193,308,225,308,225,344,193,344,蹺
﻿193,344,225,344,225,379,193,379,碎
﻿193,379,225,379,225,415,193,415,㐌
﻿193,415,225,415,225,450,193,450,及
﻿193,450,225,450,225,486,193,486,僥
﻿193,486,225,486,225,521,193,521,逴
﻿193,521,225,521,225,557,193,557,𧗱
﻿159,8,191,8,191,42,159,42,共
﻿159,42,191,42,191,77,159,77,僥
﻿159,77,191,77,191,112,159,112,娘
﻿159,112,191,112,191,146,159,146,𫔳
﻿159,146,191,146,191,181,159,181,菩
﻿159,181,191,181,191,216,159,216,提
﻿157,272,190,272,190,307,157,307,草
﻿157,307,190,307,190,342,157,342,庵
﻿157,342,190,342,190,377,157,377,妬
﻿157,377,190,377,190,413,157,413,拱
﻿157,413,190,413,190,448,157,448,𧵆
﻿157,448,190,448,190,483,157,483,掑
﻿157,483,190,483,190,518,157,518,庄
﻿157,518,190,518,190,554,157,554,賒
﻿126,11,155,11,155,45,126,45,𫢋
﻿126,45,155,45,155,80,126,80,前
﻿126,80,155,80,155,115,126,115,㝵
﻿126,115,155,115,155,149,126,149,泊
﻿126,149,155,149,155,184,126,184,鄰
﻿126,184,155,184,155,219,126,219,󰑼
﻿120,273,153,273,153,308,120,308,󰠐
﻿120,308,153,308,153,343,120,343,󰠐
﻿120,343,153,343,153,378,120,378,娘
﻿120,378,153,378,153,413,120,413,共
﻿120,413,153,413,153,448,120,448,𢖵
﻿120,448,153,448,153,483,120,483,茹
﻿120,483,153,483,153,518,120,518,坤
﻿120,518,153,518,153,554,120,554,亏
﻿89,12,122,12,122,46,89,46,𦖑
﻿89,46,122,46,122,80,89,80,信
﻿89,80,122,80,122,115,89,115,𦬑
﻿89,115,122,115,122,149,89,149,𩈘
﻿89,149,122,149,122,183,89,183,󰘉
﻿89,183,122,183,122,218,89,218,眉
﻿87,275,117,275,117,309,87,309,𢜠
﻿87,309,117,309,117,344,87,344,芇
﻿87,344,117,344,117,379,87,379,吏
﻿87,379,117,379,117,414,87,414,过
﻿87,414,117,414,117,448,87,448,𢜠
﻿87,448,117,448,117,483,87,483,尼
﻿87,483,117,483,117,518,87,518,女
﻿87,518,117,518,117,553,87,553,庄
﻿51,9,83,9,83,43,51,43,自
﻿51,43,83,43,83,78,51,78,番
﻿51,78,83,78,83,113,51,113,隻
﻿51,113,83,113,83,148,51,148,𦲿
﻿51,148,83,148,83,183,51,183,󰡞
﻿51,183,83,183,83,218,51,218,棱
﻿48,275,82,275,82,310,48,310,𠽄
﻿48,310,82,310,82,345,48,345,尋
﻿48,345,82,345,82,380,48,380,𨻫
﻿48,380,82,380,82,415,48,415,仍
﻿48,415,82,415,82,450,48,450,料
﻿48,450,82,450,82,485,48,485,澄
﻿48,485,82,485,82,520,48,520,渃
﻿48,520,82,520,82,555,48,555,𩄲
﻿17,9,47,9,47,43,17,43,𤑟
﻿17,43,47,43,47,77,17,77,𤉜
﻿17,77,47,77,47,112,17,112,花
﻿17,112,47,112,47,146,17,146,拥
﻿17,146,47,146,47,180,17,180,香
﻿17,180,47,180,47,215,17,215,𠖤
﻿14,274,45,274,45,309,14,309,刼
﻿14,309,45,309,45,344,14,344,娄
﻿14,344,45,344,45,379,14,379,和
﻿14,379,45,379,45,414,14,414,体
﻿14,414,45,414,45,449,14,449,刼
﻿14,449,45,449,45,484,14,484,尼
﻿14,484,45,484,45,519,14,519,罕
﻿14,519,45,519,45,554,14,554,催
