371,12,400,12,400,42,371,42,𤄯
﻿371,42,400,42,400,73,371,73,如
﻿371,73,400,73,400,104,371,104,㗂
﻿371,104,400,104,400,135,371,135,䳽
﻿371,135,400,135,400,166,371,166,𠖤
﻿371,166,400,166,400,197,371,197,戈
﻿374,244,403,244,403,276,374,276,濁
﻿374,276,403,276,403,308,374,308,如
﻿374,308,403,308,403,340,374,340,渃
﻿374,340,403,340,403,372,374,372,󰋞
﻿374,372,403,372,403,404,374,404,買
﻿374,404,403,404,403,436,374,436,沙
﻿374,436,403,436,403,468,374,468,姅
﻿374,468,403,468,403,500,374,500,潙
﻿339,12,369,12,369,43,339,43,㗂
﻿339,43,369,43,369,74,339,74,寬
﻿339,74,369,74,369,105,339,105,如
﻿339,105,369,105,369,136,339,136,𩙌
﻿339,136,369,136,369,167,339,167,倘
﻿339,167,369,167,369,198,339,198,外
﻿340,244,371,244,371,276,340,276,㗂
﻿340,276,371,276,371,308,340,308,牟
﻿340,308,371,308,371,340,340,340,派
﻿340,340,371,340,371,372,340,372,派
﻿340,372,371,372,371,404,340,404,如
﻿340,404,371,404,371,436,340,436,𡗶
﻿340,436,371,436,371,468,340,468,覩
﻿340,468,371,468,371,501,340,501,湄
﻿306,11,337,11,337,42,306,42,𦰟
﻿306,42,337,42,337,74,306,74,畑
﻿306,74,337,74,337,106,306,106,欺
﻿306,106,337,106,337,138,306,138,𤏣
﻿306,138,337,138,337,170,306,170,欺
﻿306,170,337,170,337,202,306,202,𤎎
﻿305,239,339,239,339,271,305,271,󱂚
﻿305,271,339,271,339,304,305,304,𠊛
﻿305,304,339,304,339,337,305,337,𡎦
﻿305,337,339,337,339,370,305,370,帝
﻿305,370,339,370,339,402,305,402,麻
﻿305,402,339,402,339,435,305,435,魚
﻿305,435,339,435,339,468,305,468,謹
﻿305,468,339,468,339,501,305,501,愁
﻿271,10,302,10,302,42,271,42,欺
﻿271,42,302,42,302,74,271,74,𢭸
﻿271,74,302,74,302,106,271,106,𨆝
﻿271,106,302,106,302,138,271,138,欺
﻿271,138,302,138,302,170,271,170,儈
﻿271,170,302,170,302,203,271,203,頭
﻿275,242,303,242,303,274,275,274,欺
﻿275,274,303,274,303,307,275,307,紆
﻿275,307,303,307,303,340,275,340,𠃩
﻿275,340,303,340,303,373,275,373,曲
﻿275,373,303,373,303,405,275,405,欺
﻿275,405,303,405,303,438,275,438,珠
﻿275,438,303,438,303,471,275,471,堆
﻿275,471,303,471,303,504,275,504,眉
﻿239,12,268,12,268,43,239,43,浪
﻿239,43,268,43,268,74,239,74,𫨩
﻿239,74,268,74,268,106,239,106,時
﻿239,106,268,106,268,137,239,137,寔
﻿239,137,268,137,268,168,239,168,󰑼
﻿239,168,268,168,268,200,239,200,𫨩
﻿241,245,270,245,270,277,241,277,𦖑
﻿241,277,270,277,270,309,241,309,𦋦
﻿241,309,270,309,270,341,241,341,吟
﻿241,341,270,341,270,374,241,374,䔲
﻿241,374,270,374,270,406,241,406,呐
﻿241,406,270,406,270,438,241,438,荄
﻿241,438,270,438,270,470,241,470,世
﻿241,470,270,470,270,503,241,503,芇
﻿204,9,238,9,238,40,204,40,搊
﻿204,40,238,40,238,72,204,72,之
﻿204,72,238,72,238,104,204,104,仍
﻿204,104,238,104,238,136,204,136,堛
﻿204,136,238,136,238,168,204,168,清
﻿204,168,238,168,238,200,204,200,騷
﻿207,242,238,242,238,274,207,274,寔
﻿207,274,238,274,238,307,207,307,𢚸
﻿207,307,238,307,238,339,207,339,命
﻿207,339,238,339,238,372,207,372,拱
﻿207,372,238,372,238,404,207,404,耗
﻿207,404,238,404,238,437,207,437,耗
﻿207,437,238,437,238,469,207,469,𢚸
﻿207,469,238,469,238,502,207,502,𠊛
﻿172,13,200,13,200,43,172,43,浪
﻿172,43,200,43,200,74,172,74,悁
﻿172,74,200,74,200,105,172,105,秩
﻿172,105,200,105,200,135,172,135,󰞺
﻿172,135,200,135,200,166,172,166,𠫾
﻿172,166,200,166,200,197,172,197,耒
﻿173,244,204,244,204,276,173,276,粃
﻿173,276,204,276,204,308,173,308,𢝙
﻿173,308,204,308,204,340,173,340,催
﻿173,340,204,340,204,373,173,373,拱
﻿173,373,204,373,204,405,173,405,性
﻿173,405,204,405,204,437,173,437,𡗶
﻿173,437,204,437,204,469,173,469,别
﻿173,469,204,469,204,502,173,502,𫳵
﻿140,12,170,12,170,43,140,43,𠳒
﻿140,43,170,43,170,74,140,74,鐄
﻿140,74,170,74,170,106,140,106,𠳐
﻿140,106,170,106,170,137,140,137,領
﻿140,137,170,137,170,168,140,168,意
﻿140,168,170,168,170,200,140,200,高
﻿141,245,171,245,171,276,141,276,和
﻿141,276,171,276,171,308,141,308,寅
﻿141,308,171,308,171,340,141,340,寅
﻿141,340,171,340,171,372,141,372,扒
﻿141,372,171,372,171,403,141,403,𡭧
﻿141,403,171,403,171,435,141,435,芇
﻿141,435,171,435,171,467,141,467,特
﻿141,467,171,467,171,499,141,499,空
﻿106,10,137,10,137,41,106,41,花
﻿106,41,137,41,137,73,106,73,香
﻿106,73,137,73,137,104,106,104,強
﻿106,104,137,104,137,136,106,136,𤏣
﻿106,136,137,136,137,167,106,167,式
﻿106,167,137,167,137,199,106,199,紅
﻿108,244,140,244,140,276,108,276,頭
﻿108,276,140,276,140,308,108,308,眉
﻿108,308,140,308,140,340,108,340,𡳃
﻿108,340,140,340,140,373,108,373,󰘚
﻿108,373,140,373,140,405,108,405,強
﻿108,405,140,405,140,437,108,437,濃
﻿108,437,140,437,140,469,108,469,𬌓
﻿108,469,140,469,140,502,108,502,腰
﻿75,13,102,13,102,43,75,43,㳥
﻿75,43,102,43,102,74,75,74,情
﻿75,74,102,74,102,105,75,105,羕
﻿75,105,102,105,102,136,75,136,㐌
﻿75,136,102,136,102,167,75,167,漂
﻿75,167,102,167,102,198,75,198,漂
﻿74,244,107,244,107,276,74,276,󰏙
﻿74,276,107,276,107,308,74,308,𥪞
﻿74,308,107,308,107,341,74,341,歐
﻿74,341,107,341,107,373,74,373,厭
﻿74,373,107,373,107,405,74,405,固
﻿74,405,107,405,107,438,74,438,朝
﻿74,438,107,438,107,470,74,470,𣳮
﻿74,470,107,470,107,503,74,503,淶
﻿39,11,72,11,72,42,39,42,䜹
﻿39,42,72,42,72,74,39,74,浪
﻿39,74,72,74,72,105,39,105,停
﻿39,105,72,105,72,137,39,137,𥙩
﻿39,137,72,137,72,168,39,168,爫
﻿39,168,72,168,72,200,39,200,制
﻿43,245,72,245,72,277,43,277,𠯇
﻿43,277,72,277,72,309,43,309,朱
﻿43,309,72,309,72,342,43,342,䜹
﻿43,342,72,342,72,374,43,374,歇
﻿43,374,72,374,72,406,43,406,󰜋
﻿43,406,72,406,72,439,43,439,𠳒
﻿43,439,72,439,72,471,43,471,㐌
﻿43,471,72,471,72,504,43,504,㝹
﻿6,10,36,10,36,41,6,41,尾
﻿6,41,36,41,36,73,6,73,之
﻿6,73,36,73,36,105,6,105,󰜋
﻿6,105,36,105,36,136,6,136,朶
﻿6,136,36,136,36,168,6,168,桃
﻿6,168,36,168,36,200,6,200,夭
﻿8,244,40,244,40,276,8,276,園
﻿8,276,40,276,40,308,8,308,紅
﻿8,308,40,308,40,341,8,341,之
﻿8,341,40,341,40,373,8,373,敢
﻿8,373,40,373,40,405,8,405,垠
﻿8,405,40,405,40,438,8,438,巢
﻿8,438,40,438,40,470,8,470,𫚳
﻿8,470,40,470,40,503,8,503,撑
