375,15,407,15,407,47,375,47,沖
﻿375,47,407,47,407,79,375,79,𢬣
﻿375,79,407,79,407,111,375,111,𰿘
﻿375,111,407,111,407,143,375,143,萬
﻿375,143,407,143,407,175,375,175,精
﻿375,175,407,175,407,207,375,207,兵
﻿375,249,406,249,406,281,375,281,捁
﻿375,281,406,281,406,313,375,313,𧗱
﻿375,313,406,313,406,346,375,346,㨂
﻿375,346,406,346,406,378,375,378,秩
﻿375,378,406,378,406,410,375,410,󰜋
﻿375,410,406,410,406,443,375,443,城
﻿375,443,406,443,406,475,375,475,臨
﻿375,475,406,475,406,508,375,508,淄
﻿342,12,373,12,373,44,342,44,𩯀
﻿342,44,373,44,373,76,342,76,絲
﻿342,76,373,76,373,109,342,109,各
﻿342,109,373,109,373,141,342,141,跡
﻿342,141,373,141,373,173,342,173,每
﻿342,173,373,173,373,206,342,206,期
﻿343,251,373,251,373,283,343,283,怨
﻿343,283,373,283,373,315,343,315,時
﻿343,315,373,315,373,347,343,347,者
﻿343,347,373,347,373,380,343,380,怨
﻿343,380,373,380,373,412,343,412,恩
﻿343,412,373,412,373,444,343,444,時
﻿343,444,373,444,373,476,343,476,者
﻿343,476,373,476,373,509,343,509,恩
﻿311,11,341,11,341,43,311,43,㐌
﻿311,43,341,43,341,75,311,75,𢧚
﻿311,75,341,75,341,107,311,107,固
﻿311,107,341,107,341,139,311,139,義
﻿311,139,341,139,341,171,311,171,固
﻿311,171,341,171,341,203,311,203,人
﻿309,248,341,248,341,280,309,280,畧
﻿309,280,341,280,341,313,309,313,𡢐
﻿309,313,341,313,341,346,309,346,論
﻿309,346,341,346,341,379,309,379,院
﻿309,379,341,379,341,411,309,411,賒
﻿309,411,341,411,341,444,309,444,𧵆
﻿309,444,341,444,341,477,309,477,誼
﻿309,477,341,477,341,510,309,510,𠸦
﻿278,10,308,10,308,42,278,42,渚
﻿278,42,308,42,308,74,278,74,詳
﻿278,74,308,74,308,106,278,106,特
﻿278,106,308,106,308,138,278,138,户
﻿278,138,308,138,308,170,278,170,特
﻿278,170,308,170,308,203,278,203,𠸜
﻿278,247,308,247,308,279,278,279,事
﻿278,279,308,279,308,312,278,312,尼
﻿278,312,308,312,308,345,278,345,𠳨
﻿278,345,308,345,308,378,278,378,束
﻿278,378,308,378,308,411,278,411,生
﻿278,411,308,411,308,444,278,444,員
﻿278,444,308,444,308,477,278,477,買
﻿278,477,308,477,308,510,278,510,詳
﻿245,9,277,9,277,41,245,41,𦖑
﻿245,41,277,41,277,74,245,74,𠳒
﻿245,74,277,74,277,107,245,107,都
﻿245,107,277,107,277,139,245,139,呐
﻿245,139,277,139,277,172,245,172,𤑟
﻿245,172,277,172,277,205,245,205,𤉜
﻿244,247,276,247,276,280,244,280,卽
﻿244,280,276,280,276,313,244,313,時
﻿244,313,276,313,276,346,244,346,迎
﻿244,346,276,346,276,379,244,379,帖
﻿244,379,276,379,276,412,244,412,𠶆
﻿244,412,276,412,276,445,244,445,払
﻿244,445,276,445,276,478,244,478,東
﻿244,478,276,478,276,511,244,511,生
﻿211,10,243,10,243,42,211,42,浽
﻿211,42,243,42,243,74,211,74,娘
﻿211,74,243,74,243,106,211,106,𠳨
﻿211,106,243,106,243,138,211,138,歇
﻿211,138,243,138,243,170,211,170,分
﻿211,170,243,170,243,203,211,203,明
﻿210,248,243,248,243,280,210,280,𫯳
﻿210,280,243,280,243,312,210,312,𡥵
﻿210,312,243,312,243,344,210,344,兜
﻿210,344,243,344,243,377,210,377,些
﻿210,377,243,377,243,409,210,409,性
﻿210,409,243,409,243,441,210,441,名
﻿210,441,243,441,243,473,210,473,󰑼
﻿210,473,243,473,243,506,210,506,之
﻿180,12,209,12,209,43,180,43,束
﻿180,43,209,43,209,75,180,75,浪
﻿180,75,209,75,209,107,180,107,﨤
﻿180,107,209,107,209,139,180,139,𣅶
﻿180,139,209,139,209,171,180,171,流
﻿180,171,209,171,209,203,180,203,離
﻿178,248,208,248,208,280,178,280,冲
﻿178,280,208,280,208,313,178,313,軍
﻿178,313,208,313,208,346,178,346,碎
﻿178,346,208,346,208,379,178,379,𠳨
﻿178,379,208,379,208,412,178,412,少
﻿178,412,208,412,208,445,178,445,之
﻿178,445,208,445,208,478,178,478,𩯀
﻿178,478,208,478,208,511,178,511,絲
﻿145,11,176,11,176,42,145,42,大
﻿145,42,176,42,176,74,145,74,王
﻿145,74,176,74,176,106,145,106,𠸜
﻿145,106,176,106,176,138,145,138,海
﻿145,138,176,138,176,170,145,170,户
﻿145,170,176,170,176,202,145,202,徐
﻿145,246,178,246,178,279,145,279,打
﻿145,279,178,279,178,312,145,312,悁
﻿145,312,178,312,178,345,145,345,𤾓
﻿145,345,178,345,178,379,145,379,陣
﻿145,379,178,379,178,412,145,412,飭
﻿145,412,178,412,178,445,145,445,餘
﻿145,445,178,445,178,478,145,478,𰿘
﻿145,478,178,478,178,512,145,512,𠊛
﻿113,10,143,10,143,41,113,41,﨤
﻿113,41,143,41,143,73,113,73,娘
﻿113,73,143,73,143,105,113,105,時
﻿113,105,143,105,143,137,113,137,於
﻿113,137,143,137,143,169,113,169,台
﻿113,169,143,169,143,201,113,201,州
﻿109,246,143,246,143,279,109,279,𨔍
﻿109,279,143,279,143,312,109,312,之
﻿109,312,143,312,143,345,109,345,國
﻿109,345,143,345,143,378,109,378,色
﻿109,378,143,378,143,411,109,411,天
﻿109,411,143,411,143,444,109,444,才
﻿109,444,143,444,143,477,109,477,沛
﻿109,477,143,477,143,511,109,511,緣
﻿78,11,111,11,111,43,78,43,浘
﻿78,43,111,43,111,75,78,75,漨
﻿78,75,111,75,111,107,78,107,冲
﻿78,107,111,107,111,139,78,139,閉
﻿78,139,111,139,111,171,78,171,饒
﻿78,171,111,171,111,203,78,203,年
﻿78,247,108,247,108,279,78,279,爫
﻿78,279,108,279,108,312,78,312,𢧚
﻿78,312,108,312,108,344,78,344,動
﻿78,344,108,344,108,377,78,377,地
﻿78,377,108,377,108,409,78,409,󰟹
﻿78,409,108,409,108,442,78,442,天
﻿78,442,108,442,108,474,78,474,同
﻿78,474,108,474,108,507,78,507,同
﻿46,10,77,10,77,42,46,42,大
﻿46,42,77,42,77,74,46,74,軍
﻿46,74,77,74,77,107,46,107,屯
﻿46,107,77,107,77,139,46,139,㨂
﻿46,139,77,139,77,171,46,171,𡎝
﻿46,171,77,171,77,204,46,204,東
﻿43,244,77,244,77,277,43,277,𧗱
﻿43,277,77,277,77,310,43,310,𡢐
﻿43,310,77,310,77,343,43,343,𫽄
﻿43,343,77,343,77,377,43,377,別
﻿43,377,77,377,77,410,43,410,雲
﻿43,410,77,410,77,443,43,443,夢
﻿43,443,77,443,77,476,43,476,爫
﻿43,476,77,476,77,510,43,510,牢
﻿12,11,45,11,45,42,12,42,𦖑
﻿12,42,45,42,45,74,12,74,詳
﻿12,74,45,74,45,105,12,105,梗
﻿12,105,45,105,45,137,12,137,𦰟
﻿12,137,45,137,45,168,12,168,消
﻿12,168,45,168,45,200,12,200,耗
﻿9,244,42,244,42,277,9,277,𢚸
﻿9,277,42,277,42,310,9,310,𥢆
﻿9,310,42,310,42,343,9,343,払
﻿9,343,42,343,42,376,9,376,𨻫
﻿9,376,42,376,42,409,9,409,劳
﻿9,409,42,409,42,442,9,442,刀
﻿9,442,42,442,42,475,9,475,矧
﻿9,475,42,475,42,508,9,508,蜍
