377,13,407,13,407,45,377,45,葦
﻿377,45,407,45,407,77,377,77,𦰤
﻿377,77,407,77,407,109,377,109,察
﻿377,109,407,109,407,141,377,141,察
﻿377,141,407,141,407,173,377,173,唏
﻿377,173,407,173,407,205,377,205,枚
﻿381,247,411,247,411,279,381,279,󰜋
﻿381,279,411,279,411,312,381,312,𡗶
﻿381,312,411,312,411,345,381,345,秋
﻿381,345,411,345,411,378,381,378,底
﻿381,378,411,378,411,411,381,411,𬓲
﻿381,411,411,411,411,444,381,444,埃
﻿381,444,411,444,411,477,381,477,󰜋
﻿381,477,411,477,411,510,381,510,𠊛
﻿346,14,374,14,374,45,346,45,𨤮
﻿346,45,374,45,374,77,346,77,𣌉
﻿346,77,374,77,374,109,346,109,岌
﻿346,109,374,109,374,141,346,141,淨
﻿346,141,374,141,374,173,346,173,𩂟
﻿346,173,374,173,374,205,346,205,𣾺
﻿347,245,379,245,379,277,347,277,𧡊
﻿347,277,379,277,379,310,347,310,𦝄
﻿347,310,379,310,379,343,347,343,𦓡
﻿347,343,379,343,379,376,347,376,𢢆
﻿347,376,379,376,379,409,347,409,仍
﻿347,409,379,409,379,442,347,442,𠳒
﻿347,442,379,442,379,475,347,475,𡽫
﻿347,475,379,475,379,508,347,508,滝
﻿313,13,344,13,344,44,313,44,楼
﻿313,44,344,44,344,76,313,76,秋
﻿313,76,344,76,344,108,313,108,層
﻿313,108,344,108,344,139,313,139,碧
﻿313,139,344,139,344,171,313,171,杆
﻿313,171,344,171,344,203,313,203,紅
﻿315,245,344,245,344,277,315,277,𦖑
﻿315,277,344,277,344,310,315,310,𫚳
﻿315,310,344,310,344,343,315,343,如
﻿315,343,344,343,344,376,315,376,弋
﻿315,376,344,376,344,409,315,409,󰌵
﻿315,409,344,409,344,442,315,442,𢚸
﻿315,442,344,442,344,475,315,475,晨
﻿315,475,344,475,344,508,315,508,昏
﻿281,17,309,17,309,47,281,47,仍
﻿281,47,309,47,309,78,281,78,󰑼
﻿281,78,309,78,309,109,281,109,𨔍
﻿281,109,309,109,309,140,281,140,渃
﻿281,140,309,140,309,171,281,171,𨔍
﻿281,171,309,171,309,202,281,202,𡽫
﻿283,246,314,246,314,278,283,278,臨
﻿283,278,314,278,314,311,283,311,淄
﻿283,311,314,311,314,343,283,343,皮
﻿283,343,314,343,314,376,283,376,󰜋
﻿283,376,314,376,314,409,283,409,𣎃
﻿283,409,314,409,314,441,283,441,𧷺
﻿283,441,314,441,314,474,283,474,典
﻿283,474,314,474,314,507,283,507,尼
﻿249,13,279,13,279,44,249,44,車
﻿249,44,279,44,279,76,249,76,珠
﻿249,76,279,76,279,107,249,107,停
﻿249,107,279,107,279,139,249,139,𨋣
﻿249,139,279,139,279,170,249,170,󰘇
﻿249,170,279,170,279,202,249,202,外
﻿249,246,281,246,281,279,249,279,簾
﻿249,279,281,279,281,312,249,312,𥪞
﻿249,312,281,312,281,345,249,345,㐌
﻿249,345,281,345,281,379,249,379,𧡊
﻿249,379,281,379,281,412,249,412,󰜋
﻿249,412,281,412,281,445,249,445,𠊛
﻿249,445,281,445,281,478,249,478,𨀈
﻿249,478,281,478,281,512,249,512,𦋦
﻿217,8,248,8,248,40,217,40,脱
﻿217,40,248,40,248,73,217,73,𬖉
﻿217,73,248,73,248,106,217,106,𤁕
﻿217,106,248,106,248,138,217,138,𤁕
﻿217,138,248,138,248,171,217,171,牟
﻿217,171,248,171,248,204,217,204,皮
﻿217,249,247,249,247,281,217,281,咹
﻿217,281,247,281,247,314,217,314,之
﻿217,314,247,314,247,346,217,346,高
﻿217,346,247,346,247,379,217,379,𢀲
﻿217,379,247,379,247,412,217,412,悌
﻿217,412,247,412,247,444,217,444,陀
﻿217,444,247,444,247,477,217,477,爫
﻿217,477,247,477,247,510,217,510,𫳵
﻿185,10,214,10,214,42,185,42,𠓀
﻿185,42,214,42,214,74,185,74,車
﻿185,74,214,74,214,107,185,107,雷
﻿185,107,214,107,214,139,185,139,呂
﻿185,139,214,139,214,171,185,171,嘆
﻿185,171,214,171,214,204,185,204,嘲
﻿185,246,215,246,215,278,185,278,𠳐
﻿185,278,215,278,215,311,185,311,𠳒
﻿185,311,215,311,215,344,185,344,娘
﻿185,344,215,344,215,377,185,377,買
﻿185,377,215,377,215,410,185,410,𨀈
﻿185,410,215,410,215,443,185,443,𠓨
﻿185,443,215,443,215,476,185,476,羡
﻿185,476,215,476,215,509,185,509,尼
﻿153,9,183,9,183,41,153,41,邊
﻿153,41,183,41,183,73,153,73,時
﻿153,73,183,73,183,105,153,105,󰋇
﻿153,105,183,105,183,137,153,137,妸
﻿153,137,183,137,183,169,153,169,𪵟
﻿153,169,183,169,183,202,153,202,𧍋
﻿153,246,184,246,184,278,153,278,邊
﻿153,278,184,278,184,310,153,310,時
﻿153,310,184,310,184,343,153,343,𡎥
﻿153,343,184,343,184,375,153,375,𦊚
﻿153,375,184,375,184,407,153,407,𢆥
﻿153,407,184,407,184,440,153,440,𠊛
﻿153,440,184,440,184,472,153,472,廊
﻿153,472,184,472,184,505,153,505,制
﻿122,10,151,10,151,42,122,42,𡧲
﻿122,42,151,42,151,74,122,74,時
﻿122,74,151,74,151,106,122,106,香
﻿122,106,151,106,151,138,122,138,焒
﻿122,138,151,138,151,170,122,170,罕
﻿122,170,151,170,151,202,122,202,灰
﻿123,245,152,245,152,277,123,277,𨕭
﻿123,277,152,277,152,309,123,309,撩
﻿123,309,152,309,152,342,123,342,󰜋
﻿123,342,152,342,152,374,123,374,象
﻿123,374,152,374,152,406,123,406,𤽸
﻿123,406,152,406,152,439,123,439,堆
﻿123,439,152,439,152,471,123,471,󰋃
﻿123,471,152,471,152,504,123,504,𪵟
﻿90,11,121,11,121,43,90,43,楼
﻿90,43,121,43,121,75,90,75,青
﻿90,75,121,75,121,108,90,108,捐
﻿90,108,121,108,121,140,90,140,𡓃
﻿90,140,121,140,121,172,90,172,初
﻿90,172,121,172,121,205,90,205,󰅒
﻿92,243,120,243,120,275,92,275,藝
﻿92,275,120,275,120,308,92,308,尼
﻿92,308,120,308,120,340,92,340,時
﻿92,340,120,340,120,373,92,373,𥙩
﻿92,373,120,373,120,406,92,406,翁
﻿92,406,120,406,120,438,92,438,尼
﻿92,438,120,438,120,471,92,471,先
﻿92,471,120,471,120,504,92,504,師
﻿58,16,88,16,88,47,58,47,香
﻿58,47,88,47,88,79,58,79,𣋚
﻿58,79,88,79,88,111,58,111,花
﻿58,111,88,111,88,142,58,142,󰉲
﻿58,142,88,142,88,174,58,174,奉
﻿58,174,88,174,88,206,58,206,蜍
﻿59,243,91,243,91,275,59,275,姑
﻿59,275,91,275,91,308,59,308,芇
﻿59,308,91,308,91,341,59,341,醜
﻿59,341,91,341,91,374,59,374,𩴬
﻿59,374,91,374,91,406,59,406,朱
﻿59,406,91,406,91,439,59,439,䜹
﻿59,439,91,439,91,472,59,472,䋦
﻿59,472,91,472,91,505,59,505,行
﻿26,11,57,11,57,43,26,43,𢶒
﻿26,43,57,43,57,75,26,75,襜
﻿26,75,57,75,57,107,26,107,𢯰
﻿26,107,57,107,57,139,26,139,襖
﻿26,139,57,139,57,171,26,171,󱋓
﻿26,171,57,171,57,203,26,203,𠴔
﻿22,244,57,244,57,276,22,276,𠓀
﻿22,276,57,276,57,308,22,308,晨
﻿22,308,57,308,57,340,22,340,仕
﻿22,340,57,340,57,373,22,373,願
﻿22,373,57,373,57,405,22,405,𤗖
﻿22,405,57,405,57,437,22,437,香
﻿22,437,57,437,57,469,22,469,淋
﻿22,469,57,469,57,502,22,502,滛
