334,9,366,9,366,43,334,43,践
﻿334,43,366,43,366,78,334,78,迻
﻿334,78,366,78,366,113,334,113,𠬠
﻿334,113,366,113,366,148,334,148,󱋓
﻿334,148,366,148,366,183,334,183,𬮦
﻿334,183,366,183,366,218,334,218,河
﻿338,276,373,276,373,311,338,311,春
﻿338,311,373,311,373,347,338,347,亭
﻿338,347,373,347,373,382,338,382,脱
﻿338,382,373,382,373,418,338,418,㐌
﻿338,418,373,418,373,454,338,454,遁
﻿338,454,373,454,373,489,338,489,𦋦
﻿338,489,373,489,373,525,338,525,臯
﻿338,525,373,525,373,561,338,561,亭
﻿299,9,330,9,330,43,299,43,秦
﻿299,43,330,43,330,77,299,77,滝
﻿299,77,330,77,330,111,299,111,𠬠
﻿299,111,330,111,330,145,299,145,带
﻿299,145,330,145,330,179,299,179,撑
﻿299,179,330,179,330,213,299,213,撑
﻿302,278,331,278,331,312,302,312,雷
﻿302,312,331,312,331,347,302,347,催
﻿302,347,331,347,331,382,302,382,坡
﻿302,382,331,382,331,417,302,417,柳
﻿302,417,331,417,331,451,302,451,󰋇
﻿302,451,331,451,331,486,302,486,梗
﻿302,486,331,486,331,521,302,521,楊
﻿302,521,331,521,331,556,302,556,䦕
﻿265,8,296,8,296,42,265,42,扲
﻿265,42,296,42,296,77,265,77,𢬣
﻿265,77,296,77,296,112,265,112,𨱽
﻿265,112,296,112,296,147,265,147,咀
﻿265,147,296,147,296,182,265,182,𥐆
﻿265,182,296,182,296,217,265,217,嘆
﻿268,276,298,276,298,311,268,311,支
﻿268,311,298,311,298,346,268,346,配
﻿268,346,298,346,298,381,268,381,𪟽
﻿268,381,298,381,298,417,268,417,戰
﻿268,417,298,417,298,452,268,452,合
﻿268,452,298,452,298,487,268,487,散
﻿268,487,298,487,298,522,268,522,喭
﻿268,522,298,522,298,558,268,558,𠳒
﻿229,9,261,9,261,43,229,43,娘
﻿229,43,261,43,261,78,229,78,浪
﻿229,78,261,78,261,113,229,113,𡽫
﻿229,113,261,113,261,147,229,147,渃
﻿229,147,261,147,261,182,229,182,賒
﻿229,182,261,182,261,217,229,217,𣾺
﻿232,275,261,275,261,310,232,310,牢
﻿232,310,261,310,261,346,232,346,朱
﻿232,346,261,346,261,381,232,381,冲
﻿232,381,261,381,261,417,232,417,蔭
﻿232,417,261,417,261,453,232,453,時
﻿232,453,261,453,261,488,232,488,外
﻿232,488,261,488,261,524,232,524,買
﻿232,524,261,524,261,560,232,560,淹
﻿195,8,226,8,226,42,195,42,易
﻿195,42,226,42,226,77,195,77,𤍶
﻿195,77,226,77,226,112,195,112,𦀫
﻿195,112,226,112,226,147,195,147,𧺁
﻿195,147,226,147,226,182,195,182,侖
﻿195,182,226,182,226,217,195,217,金
﻿198,275,226,275,226,310,198,310,爫
﻿198,310,226,310,226,346,198,346,之
﻿198,346,226,346,226,382,198,382,氷
﻿198,382,226,382,226,418,198,418,󰘚
﻿198,418,226,418,226,453,198,453,扒
﻿198,453,226,453,226,489,198,489,𪀄
﻿198,489,226,489,226,525,198,525,苦
﻿198,525,226,525,226,561,198,561,𢚸
﻿160,9,189,9,189,44,160,44,堆
﻿160,44,189,44,189,79,160,79,些
﻿160,79,189,79,189,114,160,114,拙
﻿160,114,189,114,189,149,160,149,󰒂
﻿160,149,189,149,189,184,160,184,刀
﻿160,184,189,184,189,220,160,220,蓬
﻿161,277,192,277,192,370,161,370,#
﻿161,370,192,370,192,463,161,463,#
﻿161,463,192,463,192,556,161,556,#
﻿125,9,154,9,154,44,125,44,油
﻿125,44,154,44,154,79,125,79,欺
﻿125,79,154,79,154,114,125,114,湄
﻿125,114,154,114,154,149,125,149,𫗄
﻿125,149,154,149,154,184,125,184,不
﻿125,184,154,184,154,219,125,219,平
﻿125,274,155,274,155,309,125,309,𢀲
﻿125,309,155,309,155,345,125,345,停
﻿125,345,155,345,155,380,125,380,威
﻿125,380,155,380,155,416,125,416,𢀲
﻿125,416,155,416,155,451,125,451,碎
﻿125,451,155,451,155,487,125,487,停
﻿125,487,155,487,155,522,125,522,分
﻿125,522,155,522,155,558,125,558,碎
﻿89,9,120,9,120,44,89,44,欣
﻿89,44,120,44,120,79,89,79,調
﻿89,79,120,79,120,114,89,114,𧿫
﻿89,114,120,114,120,149,89,149,虐
﻿89,149,120,149,120,184,89,184,𧿫
﻿89,184,120,184,120,219,89,219,吹
﻿91,274,119,274,119,309,91,309,吏
﻿91,309,119,309,119,344,91,344,恾
﻿91,344,119,344,119,380,91,380,仍
﻿91,380,119,380,119,415,91,415,𭛣
﻿91,415,119,415,119,450,91,450,󰟴
﻿91,450,119,450,119,486,91,486,𡗶
﻿91,486,119,486,119,521,91,521,旦
﻿91,521,119,521,119,557,91,557,𨍦
﻿51,9,84,9,84,44,51,44,傷
﻿51,44,84,44,84,79,51,79,饒
﻿51,79,84,79,84,114,51,114,嗔
﻿51,114,84,114,84,149,51,149,𠯆
﻿51,149,84,149,84,184,51,184,吝
﻿51,184,84,184,84,220,51,220,饒
﻿51,271,83,271,83,306,51,306,𢆥
﻿51,306,83,306,83,342,51,342,迡
﻿51,342,83,342,83,377,51,377,拱
﻿51,377,83,377,83,413,51,413,庄
﻿51,413,83,413,83,449,51,449,𠫾
﻿51,449,83,449,83,484,51,484,󰠳
﻿51,484,83,484,83,520,51,520,麻
﻿51,520,83,520,83,556,51,556,迡
﻿13,6,48,6,48,41,13,41,󱋓
﻿13,41,48,41,48,76,13,76,迻
﻿13,76,48,76,48,112,13,112,𠯆
﻿13,112,48,112,48,147,13,147,𩛷
﻿13,147,48,147,48,182,13,182,吝
﻿13,182,48,182,48,218,13,218,󰅒
﻿17,274,47,274,47,309,17,309,󱋓
﻿17,309,47,309,47,344,17,344,𢜠
﻿17,344,47,344,47,379,17,379,嗔
﻿17,379,47,379,47,415,17,415,待
﻿17,415,47,415,47,450,17,450,店
﻿17,450,47,450,47,485,17,485,尼
﻿17,485,47,485,47,520,17,520,𫷜
﻿17,520,47,520,47,556,17,556,𨍦
