386,13,419,13,419,44,386,44,𠓀
﻿386,44,419,44,419,75,386,75,旗
﻿386,75,419,75,419,106,386,106,埃
﻿386,106,419,106,419,137,386,137,敢
﻿386,137,419,137,419,168,386,168,争
﻿386,168,419,168,419,199,386,199,強
﻿390,242,423,242,423,274,390,274,𠄼
﻿390,274,423,274,423,307,390,307,𢆥
﻿390,307,423,307,423,340,390,340,雄
﻿390,340,423,340,423,373,390,373,據
﻿390,373,423,373,423,405,390,405,󰜋
﻿390,405,423,405,423,438,390,438,方
﻿390,438,423,438,423,471,390,471,海
﻿390,471,423,471,423,504,390,504,瀕
﻿356,17,383,17,383,47,356,47,固
﻿356,47,383,47,383,77,356,77,官
﻿356,77,383,77,383,107,356,107,總
﻿356,107,383,107,383,137,356,137,督
﻿356,137,383,137,383,167,356,167,重
﻿356,167,383,167,383,198,356,198,臣
﻿358,241,388,241,388,273,358,273,󰑼
﻿358,273,388,273,388,306,358,306,胡
﻿358,306,388,306,388,339,358,339,宗
﻿358,339,388,339,388,372,358,372,憲
﻿358,372,388,372,388,405,358,405,經
﻿358,405,388,405,388,438,358,438,綸
﻿358,438,388,438,388,471,358,471,𫡂
﻿358,471,388,471,388,504,358,504,才
﻿322,14,354,14,354,45,322,45,𢩽
﻿322,45,354,45,354,76,322,76,車
﻿322,76,354,76,354,108,322,108,𠳐
﻿322,108,354,108,354,139,322,139,旨
﻿322,139,354,139,354,170,322,170,特
﻿322,170,354,170,354,202,322,202,差
﻿323,244,355,244,355,276,323,276,便
﻿323,276,355,276,355,309,323,309,宜
﻿323,309,355,309,355,341,323,341,八
﻿323,341,355,341,355,374,323,374,勦
﻿323,374,355,374,355,406,323,406,役
﻿323,406,355,406,355,439,323,439,外
﻿323,439,355,439,355,471,323,471,董
﻿323,471,355,471,355,504,323,504,戎
﻿289,15,320,15,320,45,289,45,別
﻿289,45,320,45,320,76,289,76,徐
﻿289,76,320,76,320,107,289,107,󰑼
﻿289,107,320,107,320,138,289,138,等
﻿289,138,320,138,320,169,289,169,𮎦
﻿289,169,320,169,320,200,289,200,雄
﻿291,241,320,241,320,274,291,274,別
﻿291,274,320,274,320,307,291,307,娘
﻿291,307,320,307,320,340,291,340,拱
﻿291,340,320,340,320,373,291,373,預
﻿291,373,320,373,320,406,291,406,軍
﻿291,406,320,406,320,439,291,439,中
﻿291,439,320,439,320,472,291,472,論
﻿291,472,320,472,320,505,291,505,盘
﻿256,14,287,14,287,45,256,45,㨂
﻿256,45,287,45,287,77,256,77,軍
﻿256,77,287,77,287,108,256,108,爫
﻿256,108,287,108,287,140,256,140,斫
﻿256,140,287,140,287,171,256,171,招
﻿256,171,287,171,287,203,256,203,安
﻿255,244,288,244,288,276,255,276,玉
﻿255,276,288,276,288,309,255,309,鐄
﻿255,309,288,309,288,341,255,341,錦
﻿255,341,288,341,288,374,255,374,纀
﻿255,374,288,374,288,406,255,406,差
﻿255,406,288,406,288,439,255,439,官
﻿255,439,288,439,288,471,255,471,説
﻿255,471,288,471,288,504,255,504,降
﻿221,13,254,13,254,44,221,44,吏
﻿221,44,254,44,254,76,221,76,貞
﻿221,76,254,76,254,108,221,108,󰜋
﻿221,108,254,108,254,139,221,139,礼
﻿221,139,254,139,254,171,221,171,貝
﻿221,171,254,171,254,203,221,203,娘
﻿224,244,253,244,253,276,224,276,𠄩
﻿224,276,253,276,253,308,224,308,𠸜
﻿224,308,253,308,253,341,224,341,彩
﻿224,341,253,341,253,373,224,373,女
﻿224,373,253,373,253,405,224,405,玉
﻿224,405,253,405,253,438,224,438,鐄
﻿224,438,253,438,253,470,224,470,𠦳
﻿224,470,253,470,253,503,224,503,斤
﻿191,12,219,12,219,44,191,44,信
﻿191,44,219,44,219,76,191,76,𠓨
﻿191,76,219,76,219,109,191,109,𠳚
﻿191,109,219,109,219,141,191,141,𠸜
﻿191,141,219,141,219,173,191,173,軍
﻿191,173,219,173,219,206,191,206,中
﻿191,244,221,244,221,276,191,276,徐
﻿191,276,221,276,221,308,191,308,公
﻿191,308,221,308,221,341,191,341,貞
﻿191,341,221,341,221,373,191,373,唉
﻿191,373,221,373,221,405,191,405,𨑮
﻿191,405,221,405,221,438,191,438,分
﻿191,438,221,438,221,470,191,470,糊
﻿191,470,221,470,221,503,191,503,塗
﻿159,12,190,12,190,44,159,44,󰜋
﻿159,44,190,44,190,76,159,76,𢬣
﻿159,76,190,76,190,108,159,108,𨠳
﻿159,108,190,108,190,140,159,140,孕
﻿159,140,190,140,190,172,159,172,基
﻿159,172,190,172,190,204,159,204,圖
﻿158,246,189,246,189,278,158,278,閉
﻿158,278,189,278,189,310,158,310,楼
﻿158,310,189,310,189,342,158,342,𣷭
﻿158,342,189,342,189,374,158,374,楚
﻿158,374,189,374,189,406,158,406,滝
﻿158,406,189,406,189,438,158,438,吳
﻿158,438,189,438,189,470,158,470,縱
﻿158,470,189,470,189,503,158,503,横
﻿125,13,157,13,157,44,125,44,抪
﻿125,44,157,44,157,76,125,76,身
﻿125,76,157,76,157,108,125,108,𧗱
﻿125,108,157,108,157,139,125,139,貝
﻿125,139,157,139,157,171,125,171,朝
﻿125,171,157,171,157,203,125,203,廷
﻿126,242,155,242,155,274,126,274,降
﻿126,274,155,274,155,307,126,307,臣
﻿126,307,155,307,155,339,126,339,愚
﻿126,339,155,339,155,372,126,372,老
﻿126,372,155,372,155,404,126,404,分
﻿126,404,155,404,155,437,126,437,命
﻿126,437,155,437,155,469,126,469,𦋦
﻿126,469,155,469,155,502,126,502,兜
﻿91,12,124,12,124,43,91,43,襖
﻿91,43,124,43,124,75,91,75,襜
﻿91,75,124,75,124,107,91,107,纀
﻿91,107,124,107,124,139,91,139,繓
﻿91,139,124,139,124,171,91,171,𥙩
﻿91,171,124,171,124,203,91,203,饒
﻿91,244,124,244,124,276,91,276,𠓨
﻿91,276,124,276,124,308,91,308,𠍓
﻿91,308,124,308,124,340,91,340,𦋦
﻿91,340,124,340,124,372,91,372,儈
﻿91,372,124,372,124,404,91,404,公
﻿91,404,124,404,124,436,91,436,候
﻿91,436,124,436,124,468,91,468,麻
﻿91,468,124,468,124,500,91,500,之
﻿60,13,90,13,90,44,60,44,牢
﻿60,44,90,44,90,76,60,76,朋
﻿60,76,90,76,90,107,60,107,貞
﻿60,107,90,107,90,139,60,139,󰜋
﻿60,139,90,139,90,170,60,170,边
﻿60,170,90,170,90,202,60,202,陲
﻿58,244,89,244,89,276,58,276,飭
﻿58,276,89,276,89,308,58,308,尼
﻿58,308,89,308,89,340,58,340,㐌
﻿58,340,89,340,89,373,58,373,易
﻿58,373,89,373,89,405,58,405,爫
﻿58,405,89,405,89,437,58,437,之
﻿58,437,89,437,89,469,58,469,特
﻿58,469,89,469,89,502,58,502,饒
﻿27,13,57,13,57,44,27,44,濁
﻿27,44,57,44,57,75,27,75,𡗶
﻿27,75,57,75,57,107,27,107,潰
﻿27,107,57,107,57,138,27,138,渃
﻿27,138,57,138,57,169,27,169,默
﻿27,169,57,169,57,201,27,201,油
﻿25,243,56,243,56,275,25,275,育
﻿25,275,56,275,56,308,25,308,昂
﻿25,308,56,308,56,340,25,340,芇
﻿25,340,56,340,56,373,25,373,別
﻿25,373,56,373,56,405,25,405,𨕭
﻿25,405,56,405,56,438,25,438,󰠠
﻿25,438,56,438,56,470,25,470,固
﻿25,470,56,470,56,503,25,503,埃
