369,13,396,13,396,44,369,44,情
﻿369,44,396,44,396,76,369,76,𥢆
﻿369,76,396,76,396,108,369,108,払
﻿369,108,396,108,396,139,369,139,吏
﻿369,139,396,139,396,171,369,171,呐
﻿369,171,396,171,396,203,369,203,󰠃
﻿368,243,394,243,394,276,368,276,󰜋
﻿368,276,394,276,394,309,368,309,茹
﻿368,309,394,309,394,343,368,343,埃
﻿368,343,394,343,394,376,368,376,拱
﻿368,376,394,376,394,409,368,409,𨔍
﻿368,409,394,409,394,443,368,443,𨓡
﻿368,443,394,443,394,476,368,476,𠸦
﻿368,476,394,476,394,510,368,510,劳
﻿339,14,365,14,365,45,339,45,朱
﻿339,45,365,45,365,77,339,77,咍
﻿339,77,365,77,365,108,339,108,淑
﻿339,108,365,108,365,140,339,140,女
﻿339,140,365,140,365,171,339,171,志
﻿339,171,365,171,365,203,339,203,高
﻿338,246,366,246,366,279,338,279,沛
﻿338,279,366,279,366,312,338,312,𠊛
﻿338,312,366,312,366,345,338,345,󰉺
﻿338,345,366,345,366,379,338,379,槾
﻿338,379,366,379,366,412,338,412,最
﻿338,412,366,412,366,445,338,445,桃
﻿338,445,366,445,366,478,338,478,如
﻿338,478,366,478,366,512,338,512,埃
﻿306,13,334,13,334,43,306,43,𠄩
﻿306,43,334,43,334,74,306,74,情
﻿306,74,334,74,334,105,306,105,院
﻿306,105,334,105,334,136,306,136,尾
﻿306,136,334,136,334,167,306,167,和
﻿306,167,334,167,334,198,306,198,𠄩
﻿305,243,334,243,334,276,305,276,𫽄
﻿305,276,334,276,334,309,305,309,𥪞
﻿305,309,334,309,334,342,305,342,𧜖
﻿305,342,334,342,334,376,305,376,𫋻
﻿305,376,334,376,334,409,305,409,拱
﻿305,409,334,409,334,442,305,442,外
﻿305,442,334,442,334,475,305,475,琴
﻿305,475,334,475,334,509,305,509,詩
﻿274,12,304,12,304,43,274,43,欺
﻿274,43,304,43,304,74,274,74,󱋓
﻿274,74,304,74,304,106,274,106,𨢇
﻿274,106,304,106,304,137,274,137,欺
﻿274,137,304,137,304,168,274,168,局
﻿274,168,304,168,304,200,274,200,棋
﻿273,243,302,243,302,276,273,276,欺
﻿273,276,302,276,302,310,273,310,󰏙
﻿273,310,302,310,302,343,273,343,花
﻿273,343,302,343,302,377,273,377,𦬑
﻿273,377,302,377,302,411,273,411,欺
﻿273,411,302,411,302,444,273,444,徐
﻿273,444,302,444,302,478,273,478,𦝄
﻿273,478,302,478,302,512,273,512,𨖲
﻿241,14,270,14,270,45,241,45,𠀧
﻿241,45,270,45,270,76,241,76,生
﻿241,76,270,76,270,107,241,107,㐌
﻿241,107,270,107,270,138,241,138,菲
﻿241,138,270,138,270,169,241,169,𨑮
﻿241,169,270,169,270,200,241,200,願
﻿240,241,269,241,269,274,240,274,緣
﻿240,274,269,274,269,308,240,308,堆
﻿240,308,269,308,269,342,240,342,𡋿
﻿240,342,269,342,269,376,240,376,拱
﻿240,376,269,376,269,409,240,409,󰑼
﻿240,409,269,409,269,443,240,443,緣
﻿240,443,269,443,269,477,240,477,伴
﻿240,477,269,477,269,511,240,511,排
﻿209,12,239,12,239,43,209,43,𢖵
﻿209,43,239,43,239,75,209,75,𠳒
﻿209,75,239,75,239,107,209,107,立
﻿209,107,239,107,239,138,209,138,󰜋
﻿209,138,239,138,239,170,209,170,庵
﻿209,170,239,170,239,202,209,202,𩄲
﻿208,242,236,242,236,275,208,275,遣
﻿208,275,236,275,236,308,208,308,𠊛
﻿208,308,236,308,236,342,208,342,親
﻿208,342,236,342,236,375,208,375,戚
﻿208,375,236,375,236,408,208,408,逴
﻿208,408,236,408,236,442,208,442,柴
﻿208,442,236,442,236,475,208,475,𮗓
﻿208,475,236,475,236,509,208,509,緣
﻿178,15,206,15,206,45,178,45,旦
﻿178,45,206,45,206,76,178,76,尼
﻿178,76,206,76,206,106,178,106,㨂
﻿178,106,206,106,206,137,178,137,󰁮
﻿178,137,206,137,206,167,178,167,掑
﻿178,167,206,167,206,198,178,198,杄
﻿177,243,204,243,204,276,177,276,𦼔
﻿177,276,204,276,204,309,177,309,𠆳
﻿177,309,204,309,204,342,177,342,技
﻿177,342,204,342,204,375,177,375,額
﻿177,375,204,375,204,408,177,408,𦹵
﻿177,408,204,408,204,441,177,441,𨕭
﻿177,441,204,441,204,474,177,474,𠃅
﻿177,474,204,474,204,508,177,508,茹
﻿146,12,176,12,176,43,146,43,師
﻿146,43,176,43,176,74,146,74,它
﻿146,74,176,74,176,106,146,106,󰇼
﻿146,106,176,106,176,137,146,137,𬟥
﻿146,137,176,137,176,168,146,168,方
﻿146,168,176,168,176,200,146,200,賒
﻿144,245,175,245,175,278,144,278,𩄲
﻿144,278,175,278,175,311,144,311,𠖤
﻿144,311,175,311,175,344,144,344,鶴
﻿144,344,175,344,175,377,144,377,另
﻿144,377,175,377,175,410,144,410,別
﻿144,410,175,410,175,443,144,443,󰑼
﻿144,443,175,443,175,476,144,476,尋
﻿144,476,175,476,175,510,144,510,󰠲
﻿113,7,144,7,144,39,113,39,𥘀
﻿113,39,144,39,144,72,113,72,爲
﻿113,72,144,72,144,104,113,104,𡮍
﻿113,104,144,104,144,137,113,137,󰒂
﻿113,137,144,137,144,169,113,169,初
﻿113,169,144,169,144,202,113,202,𡢐
﻿112,239,143,239,143,272,112,272,𨕭
﻿112,272,143,272,143,306,112,306,庵
﻿112,306,143,306,143,339,112,339,據
﻿112,339,143,339,143,373,112,373,𡨹
﻿112,373,143,373,143,406,112,406,香
﻿112,406,143,406,143,440,112,440,油
﻿112,440,143,440,143,473,112,473,𣋚
﻿112,473,143,473,143,507,112,507,枚
﻿82,14,112,14,112,44,82,44,󰜋
﻿82,44,112,44,112,75,82,75,茹
﻿82,75,112,75,112,106,82,106,福
﻿82,106,112,106,112,137,82,137,祿
﻿82,137,112,137,112,168,82,168,𠁟
﻿82,168,112,168,112,199,82,199,𠄩
﻿81,246,108,246,108,277,81,277,千
﻿81,277,108,277,108,309,81,309,年
﻿81,309,108,309,108,340,81,340,弋
﻿81,340,108,340,108,372,81,372,弋
﻿81,372,108,372,108,403,81,403,官
﻿81,403,108,403,108,435,81,435,堦
﻿81,435,108,435,108,466,81,466,吝
﻿81,466,108,466,108,498,81,498,吝
﻿50,12,80,12,80,44,50,44,丞
﻿50,44,80,44,80,76,50,76,家
﻿50,76,80,76,80,108,50,108,𫽄
﻿50,108,80,108,80,140,50,140,歇
﻿50,140,80,140,80,172,50,172,娘
﻿50,172,80,172,80,204,50,204,雲
﻿49,242,79,242,79,274,49,274,󰜋
﻿49,274,79,274,79,307,49,307,核
﻿49,307,79,307,79,339,49,339,樛
﻿49,339,79,339,79,372,49,372,木
﻿49,372,79,372,79,405,49,405,󰜋
﻿49,405,79,405,79,437,49,437,𡑝
﻿49,437,79,437,79,470,49,470,桂
﻿49,470,79,470,79,503,49,503,槐
﻿18,17,48,17,48,48,18,48,風
﻿18,48,48,48,48,79,18,79,流
﻿18,79,48,79,48,110,18,110,富
﻿18,110,48,110,48,141,18,141,貴
﻿18,141,48,141,48,172,18,172,埃
﻿18,172,48,172,48,203,18,203,皮
﻿14,244,46,244,46,276,14,276,圍
﻿14,276,46,276,46,308,14,308,春
﻿14,308,46,308,46,341,14,341,󰜋
﻿14,341,46,341,46,373,14,373,󰘇
﻿14,373,46,373,46,405,14,405,底
﻿14,405,46,405,46,438,14,438,碑
﻿14,438,46,438,46,470,14,470,𰿘
﻿14,470,46,470,46,503,14,503,𠁀
