333,15,367,15,367,49,333,49,𢖵
﻿333,49,367,49,367,83,333,83,𠳒
﻿333,83,367,83,367,117,333,117,願
﻿333,117,367,117,367,151,333,151,約
﻿333,151,367,151,367,185,333,185,三
﻿333,185,367,185,367,220,333,220,生
﻿335,275,367,275,367,310,335,310,賒
﻿335,310,367,310,367,345,335,345,吹
﻿335,345,367,345,367,381,335,381,埃
﻿335,381,367,381,367,416,335,416,󰡏
﻿335,416,367,416,367,451,335,451,別
﻿335,451,367,451,367,487,335,487,情
﻿335,487,367,487,367,522,335,522,庒
﻿335,522,367,522,367,558,335,558,埃
﻿299,12,331,12,331,46,299,46,欺
﻿299,46,331,46,331,81,299,81,󰡲
﻿299,81,331,81,331,116,299,116,𠳨
﻿299,116,331,116,331,151,299,151,柳
﻿299,151,331,151,331,186,299,186,章
﻿299,186,331,186,331,221,299,221,臺
﻿299,275,333,275,333,310,299,310,梗
﻿299,310,333,310,333,345,299,345,春
﻿299,345,333,345,333,380,299,380,㐌
﻿299,380,333,380,333,416,299,416,𢯏
﻿299,416,333,416,333,451,299,451,朱
﻿299,451,333,451,333,486,299,486,㝵
﻿299,486,333,486,333,521,299,521,專
﻿299,521,333,521,333,557,299,557,𢬣
﻿263,13,295,13,295,47,263,47,情
﻿263,47,295,47,295,82,263,82,溇
﻿263,82,295,82,295,117,263,117,蒙
﻿263,117,295,117,295,152,263,152,者
﻿263,152,295,152,295,187,263,187,󰒂
﻿263,187,295,187,295,222,263,222,𠫅
﻿265,274,296,274,296,309,265,309,花
﻿265,309,296,309,296,344,265,344,箕
﻿265,344,296,344,296,379,265,379,㐌
﻿265,379,296,379,296,415,265,415,执
﻿265,415,296,415,296,450,265,450,核
﻿265,450,296,450,296,485,265,485,尼
﻿265,485,296,485,296,520,265,520,朱
﻿265,520,296,520,296,556,265,556,渚
﻿230,12,260,12,260,46,230,46,䋦
﻿230,46,260,46,260,81,230,81,情
﻿230,81,260,81,260,116,230,116,隊
﻿230,116,260,116,260,150,230,150,段
﻿230,150,260,150,260,185,230,185,紆
﻿230,185,260,185,260,220,230,220,絲
﻿230,275,261,275,261,310,230,310,聀
﻿230,310,261,310,261,345,230,345,鄕
﻿230,345,261,345,261,381,230,381,䦕
﻿230,381,261,381,261,416,230,416,𨻫
﻿230,416,261,416,261,451,230,451,仍
﻿230,451,261,451,261,487,230,487,𢠩
﻿230,487,261,487,261,522,230,522,更
﻿230,522,261,522,261,558,230,558,𨱽
﻿194,11,226,11,226,45,194,45,窻
﻿194,45,226,45,226,80,194,80,紗
﻿194,80,226,80,226,115,194,115,宇
﻿194,115,226,115,226,149,194,149,宇
﻿194,149,226,149,226,184,194,184,方
﻿194,184,226,184,226,219,194,219,𡗶
﻿194,274,225,274,225,309,194,309,󰅒
﻿194,309,225,309,225,345,194,345,黄
﻿194,345,225,345,225,380,194,380,昏
﻿194,380,225,380,225,416,194,416,㐌
﻿194,416,225,416,225,451,194,451,吏
﻿194,451,225,451,225,487,194,487,枚
﻿194,487,225,487,225,522,194,522,昏
﻿194,522,225,522,225,558,194,558,黄
﻿159,12,190,12,190,46,159,46,吝
﻿159,46,190,46,190,81,159,81,吝
﻿159,81,190,81,190,116,159,116,兎
﻿159,116,190,116,190,150,159,150,泊
﻿159,150,190,150,190,185,159,185,鵶
﻿159,185,190,185,190,220,159,220,鐄
﻿159,277,191,277,191,312,159,312,拙
﻿159,312,191,312,191,347,159,347,㝵
﻿159,347,191,347,191,382,159,382,𥪝
﻿159,382,191,382,191,417,159,417,会
﻿159,417,191,417,191,452,159,452,断
﻿159,452,191,452,191,487,159,487,膓
﻿159,487,191,487,191,522,159,522,隊
﻿159,522,191,522,191,558,159,558,干
﻿125,11,154,11,154,46,125,46,㐌
﻿125,46,154,46,154,81,125,81,朱
﻿125,81,154,81,154,116,125,116,𥙩
﻿125,116,154,116,154,151,125,151,𡦂
﻿125,151,154,151,154,186,125,186,紅
﻿125,186,154,186,154,222,125,222,顔
﻿124,276,153,276,153,311,124,311,爫
﻿124,311,153,311,153,346,124,346,朱
﻿124,346,153,346,153,381,124,381,朱
﻿124,381,153,381,153,416,124,416,害
﻿124,416,153,416,153,451,124,451,朱
﻿124,451,153,451,153,486,124,486,殘
﻿124,486,153,486,153,521,124,521,朱
﻿124,521,153,521,153,556,124,556,斤
﻿87,11,119,11,119,46,87,46,㐌
﻿87,46,119,46,119,81,87,81,苔
﻿87,81,119,81,119,116,87,116,𠓨
﻿87,116,119,116,119,151,87,151,刼
﻿87,151,119,151,119,186,87,186,󰘩
﻿87,186,119,186,119,222,87,222,塵
﻿86,275,117,275,117,310,86,310,牢
﻿86,310,117,310,117,345,86,345,朱
﻿86,345,117,345,117,380,86,380,叕
﻿86,380,117,380,117,415,86,415,辱
﻿86,415,117,415,117,450,86,450,𠬠
﻿86,450,117,450,117,485,86,485,吝
﻿86,485,117,485,117,520,86,520,買
﻿86,520,117,520,117,556,86,556,傕
﻿51,10,83,10,83,45,51,45,客
﻿51,45,83,45,83,80,51,80,遊
﻿51,80,83,80,83,116,51,116,俸
﻿51,116,83,116,83,151,51,151,固
﻿51,151,83,151,83,186,51,186,𠬠
﻿51,186,83,186,83,222,51,222,㝵
﻿52,274,82,274,82,309,52,309,其
﻿52,309,82,309,82,345,52,345,心
﻿52,345,82,345,82,380,52,380,户
﻿52,380,82,380,82,416,52,416,束
﻿52,416,82,416,82,452,52,452,拱
﻿52,452,82,452,82,487,52,487,𩑛
﻿52,487,82,487,82,523,52,523,書
﻿52,523,82,523,82,559,52,559,香
﻿16,13,46,13,46,48,16,48,本
﻿16,48,46,48,46,83,16,83,㝵
﻿16,83,46,83,46,118,16,118,縣
﻿16,118,46,118,46,153,16,153,錫
﻿16,153,46,153,46,188,16,188,州
﻿16,188,46,188,46,224,16,224,常
﻿13,275,45,275,45,310,13,310,蹺
﻿13,310,45,310,45,345,13,345,嚴
﻿13,345,45,345,45,380,13,380,親
﻿13,380,45,380,45,416,13,416,𨷑
﻿13,416,45,416,45,451,13,451,𡾵
﻿13,451,45,451,45,486,13,486,行
﻿13,486,45,486,45,521,13,521,臨
﻿13,521,45,521,45,557,13,557,淄
