388,14,419,14,419,46,388,46,𠸦
﻿388,46,419,46,419,79,388,79,朱
﻿388,79,419,79,419,112,388,112,仍
﻿388,112,419,112,419,145,388,145,𠰘
﻿388,145,419,145,419,178,388,178,容
﻿388,178,419,178,419,211,388,211,賎
﻿392,257,426,257,426,291,392,291,𧊉
﻿392,291,426,291,426,325,392,325,蜂
﻿392,325,426,325,426,359,392,359,吏
﻿392,359,426,359,426,393,392,393,達
﻿392,393,426,393,426,427,392,427,仍
﻿392,427,426,427,426,461,392,461,𠳒
﻿392,461,426,461,426,495,392,495,怒
﻿392,495,426,495,426,530,392,530,箕
﻿355,18,386,18,386,50,355,50,妾
﻿355,50,386,50,386,83,355,83,油
﻿355,83,386,83,386,116,355,116,䏾
﻿355,116,386,116,386,148,355,148,拯
﻿355,148,386,148,386,181,355,181,咍
﻿355,181,386,181,386,214,355,214,推
﻿359,256,391,256,391,290,359,290,㐌
﻿359,290,391,290,391,324,359,324,洳
﻿359,324,391,324,391,358,359,358,䏾
﻿359,358,391,358,391,392,359,392,𢪀
﻿359,392,391,392,391,426,359,426,吏
﻿359,426,391,426,391,460,359,460,碑
﻿359,460,391,460,391,494,359,494,𠰘
﻿359,494,391,494,391,529,359,529,唭
﻿324,15,353,15,353,47,324,47,𧡊
﻿324,47,353,47,353,79,324,79,𠳒
﻿324,79,353,79,353,112,324,112,統
﻿324,112,353,112,353,144,324,144,請
﻿324,144,353,144,353,176,324,176,如
﻿324,176,353,176,353,209,324,209,制
﻿325,256,358,256,358,289,325,289,順
﻿325,289,358,289,358,323,325,323,𠳒
﻿325,323,358,323,358,357,325,357,払
﻿325,357,358,357,358,391,325,391,拱
﻿325,391,358,391,358,425,325,425,呐
﻿325,425,358,425,358,459,325,459,蒲
﻿325,459,358,459,358,493,325,493,扡
﻿325,493,358,493,358,527,325,527,扽
﻿288,16,321,16,321,48,288,48,仍
﻿288,48,321,48,321,81,288,81,󰑼
﻿288,81,321,81,321,114,288,114,唭
﻿288,114,321,114,321,146,288,146,粉
﻿288,146,321,146,321,179,288,179,𠹳
﻿288,179,321,179,321,212,288,212,𣘈
﻿292,259,324,259,324,293,292,293,畑
﻿292,293,324,293,324,327,292,327,𣌉
﻿292,327,324,327,324,361,292,361,炵
﻿292,361,324,361,324,395,292,395,䏾
﻿292,395,324,395,324,429,292,429,𦝄
﻿292,429,324,429,324,463,292,463,𧷺
﻿292,463,324,463,324,497,292,497,聘
﻿292,497,324,497,324,531,292,531,𦠘
﻿254,13,286,13,286,46,254,46,𡽫
﻿254,46,286,46,286,80,254,80,圭
﻿254,80,286,80,286,114,254,114,蓴
﻿254,114,286,114,286,147,254,147,馘
﻿254,147,286,147,286,181,254,181,𤊰
﻿254,181,286,181,286,215,254,215,味
﻿259,258,291,258,291,291,259,291,汫
﻿259,291,291,291,291,325,259,325,鐄
﻿259,325,291,325,291,359,259,359,㐌
﻿259,359,291,359,291,393,259,393,𢮖
﻿259,393,291,393,291,427,259,427,󰜋
﻿259,427,291,427,291,461,259,461,𠄽
﻿259,461,291,461,291,495,259,495,𦲿
﻿259,495,291,495,291,529,259,529,梧
﻿223,14,253,14,253,47,223,47,鄭
﻿223,47,253,47,253,81,223,81,念
﻿223,81,253,81,253,114,223,114,𢖵
﻿223,114,253,114,253,148,223,148,景
﻿223,148,253,148,253,181,223,181,江
﻿223,181,253,181,253,215,223,215,湖
﻿224,257,257,257,257,291,224,291,󰜋
﻿224,291,257,291,257,325,224,325,念
﻿224,325,257,325,257,359,224,359,関
﻿224,359,257,359,257,393,224,393,塞
﻿224,393,257,393,257,427,224,427,󰋇
﻿224,427,257,427,257,461,224,461,務
﻿224,461,257,461,257,495,224,495,󰊄
﻿224,495,257,495,257,529,224,529,𦝄
﻿190,13,222,13,222,46,190,46,情
﻿190,46,222,46,222,80,190,80,𥢆
﻿190,80,222,80,222,114,190,114,渚
﻿190,114,222,114,222,148,190,148,敢
﻿190,148,222,148,222,182,190,182,𠯇
﻿190,182,222,182,222,216,190,216,𪘵
﻿192,258,223,258,223,291,192,291,小
﻿192,291,223,291,223,325,192,325,姐
﻿192,325,223,325,223,358,192,358,𠓀
﻿192,358,223,358,223,392,192,392,㐌
﻿192,392,223,392,223,426,192,426,料
﻿192,426,223,426,223,459,192,459,澄
﻿192,459,223,459,223,493,192,493,啂
﻿192,493,223,493,223,527,192,527,戈
﻿158,16,188,16,188,48,158,48,隔
﻿158,48,188,48,188,81,158,81,𢆥
﻿158,81,188,81,188,114,158,114,𩄲
﻿158,114,188,114,188,146,158,146,萡
﻿158,146,188,146,188,179,158,179,賒
﻿158,179,188,179,188,212,158,212,賒
﻿160,256,191,256,191,290,160,290,臨
﻿160,290,191,290,191,324,160,324,淄
﻿160,324,191,324,191,359,160,359,拱
﻿160,359,191,359,191,393,160,393,沛
﻿160,393,191,393,191,427,160,427,併
﻿160,427,191,427,191,462,160,462,麻
﻿160,462,191,462,191,496,160,496,晨
﻿160,496,191,496,191,531,160,531,昏
﻿127,14,156,14,156,47,127,47,特
﻿127,47,156,47,156,81,127,81,𠳒
﻿127,81,156,81,156,115,127,115,如
﻿127,115,156,115,156,148,127,148,𨷑
﻿127,148,156,148,156,182,127,182,𡬷
﻿127,182,156,182,156,216,127,216,𣘈
﻿127,258,159,258,159,292,127,292,𨀒
﻿127,292,159,292,159,326,127,326,勾
﻿127,326,159,326,159,360,127,360,𥊢
﻿127,360,159,360,159,394,127,394,𨇒
﻿127,394,159,394,159,428,127,428,渃
﻿127,428,159,428,159,462,127,462,𡽫
﻿127,462,159,462,159,496,127,496,圭
﻿127,496,159,496,159,530,127,530,𠊛
﻿93,14,125,14,125,47,93,47,龍
﻿93,47,125,47,125,81,93,81,玲
﻿93,81,125,81,125,115,93,115,底
﻿93,115,125,115,125,149,93,149,渃
﻿93,149,125,149,125,183,93,183,印
﻿93,183,125,183,125,217,93,217,𡗶
﻿93,259,126,259,126,293,93,293,城
﻿93,293,126,293,126,327,93,327,磋
﻿93,327,126,327,126,361,93,361,𤌋
﻿93,361,126,361,126,395,93,395,碧
﻿93,395,126,395,126,429,93,429,𡽫
﻿93,429,126,429,126,463,93,463,披
﻿93,463,126,463,126,497,93,497,䏾
﻿93,497,126,497,126,531,93,531,鐄
﻿59,16,92,16,92,49,59,49,榑
﻿59,49,92,49,92,82,59,82,勾
﻿59,82,92,82,92,115,59,115,皮
﻿59,115,92,115,92,148,59,148,𢶢
﻿59,148,92,148,92,181,59,181,𨤮
﻿59,181,92,181,92,215,59,215,𨱽
﻿61,259,91,259,91,293,61,293,車
﻿61,293,91,293,91,327,61,327,香
﻿61,327,91,327,91,361,61,361,娘
﻿61,361,91,361,91,395,61,395,㐌
﻿61,395,91,395,91,429,61,429,順
﻿61,429,91,429,91,463,61,463,塘
﻿61,463,91,463,91,497,61,497,󰟽
﻿61,497,91,497,91,531,61,531,寧
﻿27,16,57,16,57,50,27,50,䜹
﻿27,50,57,50,57,84,27,84,茹
﻿27,84,57,84,57,118,27,118,萱
﻿27,118,57,118,57,152,27,152,歇
﻿27,152,57,152,57,186,27,186,每
﻿27,186,57,186,57,220,27,220,情
﻿26,262,59,262,59,295,26,295,浽
﻿26,295,59,295,59,329,26,329,払
﻿26,329,59,329,59,362,26,362,於
﻿26,362,59,362,59,396,26,396,萡
﻿26,396,59,396,59,429,26,429,浽
﻿26,429,59,429,59,463,26,463,命
﻿26,463,59,463,59,496,26,496,𠹾
﻿26,496,59,496,59,530,26,530,顛
