339,8,371,8,371,44,339,44,朱
﻿339,44,371,44,371,81,339,81,咍
﻿339,81,371,81,371,118,339,118,淑
﻿339,118,371,118,371,155,339,155,女
﻿339,155,371,155,371,192,339,192,志
﻿339,192,371,192,371,229,339,229,高
﻿341,280,372,280,372,316,341,316,沛
﻿341,316,372,316,372,353,341,353,㝵
﻿341,353,372,353,372,389,341,389,󰉚
﻿341,389,372,389,372,426,341,426,槾
﻿341,426,372,426,372,463,341,463,最
﻿341,463,372,463,372,499,341,499,桃
﻿341,499,372,499,372,536,341,536,如
﻿341,536,372,536,372,573,341,573,埃
﻿301,8,336,8,336,44,301,44,𠄩
﻿301,44,336,44,336,81,301,81,情
﻿301,81,336,81,336,117,301,117,院
﻿301,117,336,117,336,154,301,154,𡳒
﻿301,154,336,154,336,190,301,190,和
﻿301,190,336,190,336,227,301,227,𠄩
﻿304,281,335,281,335,317,304,317,庄
﻿304,317,335,317,335,354,304,354,冲
﻿304,354,335,354,335,391,304,391,𧜖
﻿304,391,335,391,335,428,304,428,𧛋
﻿304,428,335,428,335,464,304,464,共
﻿304,464,335,464,335,501,304,501,外
﻿304,501,335,501,335,538,304,538,琴
﻿304,538,335,538,335,575,304,575,詩
﻿265,9,298,9,298,45,265,45,欺
﻿265,45,298,45,298,81,265,81,󱋓
﻿265,81,298,81,298,118,265,118,𨢇
﻿265,118,298,118,298,154,265,154,欺
﻿265,154,298,154,298,190,265,190,局
﻿265,190,298,190,298,227,265,227,棋
﻿268,281,300,281,300,317,268,317,欺
﻿268,317,300,317,300,354,268,354,𫀅
﻿268,354,300,354,300,391,268,391,花
﻿268,391,300,391,300,428,268,428,𦬑
﻿268,428,300,428,300,464,268,464,欺
﻿268,464,300,464,300,501,268,501,除
﻿268,501,300,501,300,538,268,538,𦝄
﻿268,538,300,538,300,575,268,575,𨖲
﻿232,10,263,10,263,46,232,46,𠀧
﻿232,46,263,46,263,82,232,82,生
﻿232,82,263,82,263,118,232,118,㐌
﻿232,118,263,118,263,154,232,154,菲
﻿232,154,263,154,263,190,232,190,𨑮
﻿232,190,263,190,263,226,232,226,願
﻿234,281,262,281,262,317,234,317,緣
﻿234,317,262,317,262,353,234,353,堆
﻿234,353,262,353,262,390,234,390,侶
﻿234,390,262,390,262,426,234,426,共
﻿234,426,262,426,262,462,234,462,󰑼
﻿234,462,262,462,262,499,234,499,緣
﻿234,499,262,499,262,535,234,535,伴
﻿234,535,262,535,262,572,234,572,排
﻿197,9,229,9,229,44,197,44,𢖵
﻿197,44,229,44,229,80,197,80,𠳒
﻿197,80,229,80,229,116,197,116,立
﻿197,116,229,116,229,152,197,152,𠬠
﻿197,152,229,152,229,188,197,188,庵
﻿197,188,229,188,229,224,197,224,𫡮
﻿196,278,229,278,229,314,196,314,差
﻿196,314,229,314,229,351,196,351,㝵
﻿196,351,229,351,229,388,196,388,親
﻿196,388,229,388,229,425,196,425,戚
﻿196,425,229,425,229,462,196,462,逴
﻿196,462,229,462,229,499,196,499,柴
﻿196,499,229,499,229,536,196,536,𮗓
﻿196,536,229,536,229,573,196,573,緣
﻿158,8,193,8,193,44,158,44,旦
﻿158,44,193,44,193,81,158,81,時
﻿158,81,193,81,193,118,158,118,㨂
﻿158,118,193,118,193,154,158,154,𫔳
﻿158,154,193,154,193,191,158,191,掑
﻿158,191,193,191,193,228,158,228,杄
﻿159,277,192,277,192,314,159,314,𦼔
﻿159,314,192,314,192,351,159,351,𠆳
﻿159,351,192,351,192,388,159,388,技
﻿159,388,192,388,192,425,159,425,額
﻿159,425,192,425,192,462,159,462,𦹵
﻿159,462,192,462,192,499,159,499,𨕭
﻿159,499,192,499,192,536,159,536,𠃅
﻿159,536,192,536,192,573,159,573,茹
﻿124,11,155,11,155,47,124,47,師
﻿124,47,155,47,155,83,124,83,它
﻿124,83,155,83,155,120,124,120,挴
﻿124,120,155,120,155,156,124,156,󰡮
﻿124,156,155,156,155,192,124,192,方
﻿124,192,155,192,155,229,124,229,車
﻿124,281,156,281,156,317,124,317,𫡮
﻿124,317,156,317,156,353,124,353,𠖤
﻿124,353,156,353,156,389,124,389,鶴
﻿124,389,156,389,156,426,124,426,另
﻿124,426,156,426,156,462,124,462,別
﻿124,462,156,462,156,498,124,498,󰑼
﻿124,498,156,498,156,534,124,534,尋
﻿124,534,156,534,156,571,124,571,󰠲
﻿88,8,118,8,118,44,88,44,󰠱
﻿88,44,118,44,118,81,88,81,爲
﻿88,81,118,81,118,118,88,118,史
﻿88,118,118,118,118,155,88,155,󰒂
﻿88,155,118,155,118,192,88,192,初
﻿88,192,118,192,118,229,88,229,娄
﻿89,279,118,279,118,315,89,315,𨕭
﻿89,315,118,315,118,351,89,351,󰡐
﻿89,351,118,351,118,388,89,388,拠
﻿89,388,118,388,118,424,89,424,𪧚
﻿89,424,118,424,118,460,89,460,香
﻿89,460,118,460,118,497,89,497,油
﻿89,497,118,497,118,533,89,533,歆
﻿89,533,118,533,118,570,89,570,埋
﻿49,8,84,8,84,44,49,44,𠬠
﻿49,44,84,44,84,80,49,80,茹
﻿49,80,84,80,84,117,49,117,福
﻿49,117,84,117,84,153,49,153,祿
﻿49,153,84,153,84,189,49,189,𫡂
﻿49,189,84,189,84,226,49,226,𠄩
﻿52,284,81,284,81,319,52,319,千
﻿52,319,81,319,81,354,52,354,年
﻿52,354,81,354,81,389,52,389,弋
﻿52,389,81,389,81,424,52,424,弋
﻿52,424,81,424,81,459,52,459,官
﻿52,459,81,459,81,494,52,494,堦
﻿52,494,81,494,81,529,52,529,吝
﻿52,529,81,529,81,565,52,565,吝
﻿12,9,45,9,45,45,12,45,承
﻿12,45,45,45,45,81,12,81,家
﻿12,81,45,81,45,117,12,117,庄
﻿12,117,45,117,45,153,12,153,歇
﻿12,153,45,153,45,189,12,189,娘
﻿12,189,45,189,45,226,12,226,云
﻿15,280,46,280,46,316,15,316,𠬠
﻿15,316,46,316,46,353,15,353,𣘃
﻿15,353,46,353,46,389,15,389,樛
﻿15,389,46,389,46,426,15,426,木
﻿15,426,46,426,46,462,15,462,𠬠
﻿15,462,46,462,46,499,15,499,𡑝
﻿15,499,46,499,46,535,15,535,桂
﻿15,535,46,535,46,572,15,572,槐
