376,10,405,10,405,41,376,41,急
﻿376,41,405,41,405,73,376,73,傳
﻿376,73,405,73,405,104,376,104,懺
﻿376,104,405,104,405,136,376,136,所
﻿376,136,405,136,405,167,376,167,礼
﻿376,167,405,167,405,199,376,199,公
﻿375,245,409,245,409,278,375,278,轎
﻿375,278,409,278,409,311,375,311,花
﻿375,311,409,311,409,344,375,344,拮
﻿375,344,409,344,409,377,375,377,󰊄
﻿375,377,409,377,409,410,375,410,𤒘
﻿375,410,409,410,409,443,375,443,紅
﻿375,443,409,443,409,476,375,476,󰖁
﻿375,476,409,476,409,509,375,509,𬁖
﻿341,9,374,9,374,41,341,41,排
﻿341,41,374,41,374,73,341,73,行
﻿341,73,374,73,374,105,341,105,鼓
﻿341,105,374,105,374,137,341,137,舞
﻿341,137,374,137,374,169,341,169,㖔
﻿341,169,374,169,374,202,341,202,𡁞
﻿344,248,374,248,374,280,344,280,双
﻿344,280,374,280,374,313,344,313,双
﻿344,313,374,313,374,345,344,345,迻
﻿344,345,374,345,374,378,344,378,細
﻿344,378,374,378,374,411,344,411,帳
﻿344,411,374,411,374,443,344,443,桃
﻿344,443,374,443,374,476,344,476,聘
﻿344,476,374,476,374,509,344,509,堆
﻿308,6,338,6,338,38,308,38,傷
﻿308,38,338,38,338,70,308,70,爲
﻿308,70,338,70,338,103,308,103,行
﻿308,103,338,103,338,135,308,135,重
﻿308,135,338,135,338,167,308,167,爲
﻿308,167,338,167,338,200,308,200,才
﻿310,246,341,246,341,278,310,278,束
﻿310,278,341,278,341,311,310,311,翁
﻿310,311,341,311,341,344,310,344,催
﻿310,344,341,344,341,377,310,377,拱
﻿310,377,341,377,341,410,310,410,擛
﻿310,410,341,410,341,443,310,443,𠳒
﻿310,443,341,443,341,476,310,476,風
﻿310,476,341,476,341,509,310,509,波
﻿277,9,306,9,306,41,277,41,蕙
﻿277,41,306,41,306,74,277,74,香
﻿277,74,306,74,306,106,277,106,𠶗
﻿277,106,306,106,306,139,277,139,𠽋
﻿277,139,306,139,306,171,277,171,󰜋
﻿277,171,306,171,306,204,277,204,茹
﻿277,245,307,245,307,278,277,278,曾
﻿277,278,307,278,307,311,277,311,荄
﻿277,311,307,311,307,344,277,344,䔲
﻿277,344,307,344,307,377,277,377,吏
﻿277,377,307,377,307,410,277,410,󰚷
﻿277,410,307,410,307,443,277,443,𣻕
﻿277,443,307,443,307,476,277,476,欣
﻿277,476,307,476,307,510,277,510,初
﻿243,9,273,9,273,41,243,41,𠻵
﻿243,41,273,41,273,73,243,73,𠸟
﻿243,73,273,73,273,106,243,106,𨢇
﻿243,106,273,106,273,138,243,138,󰟭
﻿243,138,273,138,273,170,243,170,棋
﻿243,170,273,170,273,203,243,203,𬁑
﻿245,245,275,245,275,278,245,278,桃
﻿245,278,275,278,275,311,245,311,陀
﻿245,311,275,311,275,344,245,344,派
﻿245,344,275,344,275,377,245,377,𧺀
﻿245,377,275,377,275,410,245,410,蓮
﻿245,410,275,410,275,443,245,443,皮
﻿245,443,275,443,275,476,245,476,乃
﻿245,476,275,476,275,510,245,510,撑
﻿209,9,241,9,241,41,209,41,帳
﻿209,41,241,41,241,74,209,74,糊
﻿209,74,241,74,241,106,209,106,永
﻿209,106,241,106,241,139,209,139,𨤔
﻿209,139,241,139,241,171,209,171,𣎀
﻿209,171,241,171,241,204,209,204,清
﻿212,244,241,244,241,277,212,277,𠲖
﻿212,277,241,277,241,310,212,310,情
﻿212,310,241,310,241,343,212,343,娘
﻿212,343,241,343,241,376,212,376,買
﻿212,376,241,376,241,409,212,409,排
﻿212,409,241,409,241,442,212,442,情
﻿212,442,241,442,241,475,212,475,𥢆
﻿212,475,241,475,241,509,212,509,終
﻿178,13,206,13,206,44,178,44,分
﻿178,44,206,44,206,76,178,76,蒲
﻿178,76,206,76,206,107,178,107,自
﻿178,107,206,107,206,139,178,139,院
﻿178,139,206,139,206,170,178,170,𫳘
﻿178,170,206,170,206,202,178,202,從
﻿178,248,206,248,206,280,178,280,対
﻿178,280,206,280,206,313,178,313,台
﻿178,313,206,313,206,346,178,346,鴈
﻿178,346,206,346,206,379,178,379,亇
﻿178,379,206,379,206,411,178,411,㐌
﻿178,411,206,411,206,444,178,444,共
﻿178,444,206,444,206,477,178,477,苔
﻿178,477,206,477,206,510,178,510,年
﻿144,13,173,13,173,44,144,44,信
﻿144,44,173,44,173,75,144,75,茹
﻿144,75,173,75,173,107,144,107,𣈜
﻿144,107,173,107,173,138,144,138,󰜋
﻿144,138,173,138,173,169,144,169,永
﻿144,169,173,169,173,201,144,201,信
﻿143,244,175,244,175,277,143,277,󰚷
﻿143,277,175,277,175,311,143,311,情
﻿143,311,175,311,175,344,143,344,葛
﻿143,344,175,344,175,378,143,378,藟
﻿143,378,175,378,175,412,143,412,𤁕
﻿143,412,175,412,175,445,143,445,情
﻿143,445,175,445,175,479,143,479,糟
﻿143,479,175,479,175,513,143,513,糠
﻿111,12,140,12,140,44,111,44,擬
﻿111,44,140,44,140,76,111,76,𦋦
﻿111,76,140,76,140,108,111,108,寔
﻿111,108,140,108,140,140,111,140,拱
﻿111,140,140,140,140,172,111,172,𢧚
﻿111,172,140,172,140,204,111,204,羕
﻿111,251,139,251,139,283,111,283,沁
﻿111,283,139,283,139,315,111,315,唏
﻿111,315,139,315,139,347,111,347,埃
﻿111,347,139,347,139,379,111,379,易
﻿111,379,139,379,139,411,111,411,𡨹
﻿111,411,139,411,139,443,111,443,扛
﻿111,443,139,443,139,475,111,475,朱
﻿111,475,139,475,139,507,111,507,些
﻿78,13,109,13,109,45,78,45,滥
﻿78,45,109,45,109,77,78,77,𦖑
﻿78,77,109,77,109,109,78,109,几
﻿78,109,109,109,109,141,78,141,𢀲
﻿78,141,109,141,109,173,78,173,𥪝
﻿78,173,109,173,109,206,78,206,茹
﻿78,244,109,244,109,277,78,277,於
﻿78,277,109,277,109,310,78,310,𥪝
﻿78,310,109,310,109,344,78,344,囷
﻿78,344,109,344,109,377,78,377,法
﻿78,377,109,377,109,410,78,410,呐
﻿78,410,109,410,109,444,78,444,𦋦
﻿78,444,109,444,109,477,78,477,䋦
﻿78,477,109,477,109,511,78,511,𦀚
﻿45,17,72,17,72,47,45,47,𠲖
﻿45,47,72,47,72,78,45,78,咍
﻿45,78,72,78,72,109,45,109,仍
﻿45,109,72,109,72,139,45,139,胣
﻿45,139,72,139,72,170,45,170,非
﻿45,170,72,170,72,201,45,201,常
﻿46,244,76,244,76,277,46,277,易
﻿46,277,76,277,76,310,46,310,𢲛
﻿46,310,76,310,76,344,46,344,󰟱
﻿46,344,76,344,76,377,46,377,𣷭
﻿46,377,76,377,76,410,46,410,坤
﻿46,410,76,410,76,444,46,444,量
﻿46,444,76,444,76,477,46,477,底
﻿46,477,76,477,76,511,46,511,滝
﻿11,13,41,13,41,44,11,44,麻
﻿11,44,41,44,41,76,11,76,些
﻿11,76,41,76,41,108,11,108,卒
﻿11,108,41,108,41,140,11,140,󰜋
﻿11,140,41,140,41,172,11,172,𢆥
﻿11,172,41,172,41,204,11,204,𣳔
﻿10,246,41,246,41,278,10,278,世
﻿10,278,41,278,41,311,10,311,芇
﻿10,311,41,311,41,343,10,343,拱
﻿10,343,41,343,41,376,10,376,拯
﻿10,376,41,376,41,408,10,408,酉
﻿10,408,41,408,41,441,10,441,衝
﻿10,441,41,441,41,473,10,473,特
﻿10,473,41,473,41,506,10,506,芇
