376,14,407,14,407,45,376,45,𠳨
﻿376,45,407,45,407,77,376,77,𣎀
﻿376,77,407,77,407,109,376,109,淹
﻿376,109,407,109,407,141,376,141,妸
﻿376,141,407,141,407,173,376,173,朝
﻿376,173,407,173,407,205,376,205,𡗶
﻿379,246,410,246,410,279,379,279,竹
﻿379,279,410,279,410,312,379,312,絲
﻿379,312,410,312,410,345,379,345,𠳨
﻿379,345,410,345,410,378,379,378,曲
﻿379,378,410,378,410,411,379,411,芸
﻿379,411,410,411,410,444,379,444,制
﻿379,444,410,444,410,477,379,477,𠳨
﻿379,477,410,477,410,511,379,511,閣
﻿343,15,374,15,374,46,343,46,領
﻿343,46,374,46,374,78,343,78,𠳒
﻿343,78,374,78,374,110,343,110,娘
﻿343,110,374,110,374,142,343,142,買
﻿343,142,374,142,374,174,343,174,󰇾
﻿343,174,374,174,374,206,343,206,𦀊
﻿345,244,378,244,378,277,345,277,𠰚
﻿345,277,378,277,378,311,345,311,𡽫
﻿345,311,378,311,378,344,345,344,咱
﻿345,344,378,344,378,378,345,378,素
﻿345,378,378,378,378,411,345,411,易
﻿345,411,378,411,378,445,345,445,差
﻿345,445,378,445,378,478,345,478,𢚸
﻿345,478,378,478,378,512,345,512,𠊛
﻿314,13,342,13,342,44,314,44,小
﻿314,44,342,44,342,76,314,76,姐
﻿314,76,342,76,342,108,314,108,󰏙
﻿314,108,342,108,342,140,314,140,拱
﻿314,140,342,140,342,172,314,172,傷
﻿314,172,342,172,342,204,314,204,才
﻿315,244,343,244,343,277,315,277,囷
﻿315,277,343,277,343,310,315,310,威
﻿315,310,343,310,343,343,315,343,󰟯
﻿315,343,343,343,343,376,315,376,拱
﻿315,376,343,376,343,409,315,409,扒
﻿315,409,343,409,343,442,315,442,𠄽
﻿315,442,343,442,343,475,315,475,𦊚
﻿315,475,343,475,343,509,315,509,分
﻿279,13,312,13,312,44,279,44,󰘇
﻿279,44,312,44,312,76,279,76,𠊛
﻿279,76,312,76,312,107,279,107,苔
﻿279,107,312,107,312,139,279,139,墮
﻿279,139,312,139,312,170,279,170,𠳨
﻿279,170,312,170,312,202,279,202,身
﻿281,240,312,240,312,273,281,273,󰉺
﻿281,273,312,273,312,307,281,307,唯
﻿281,307,312,307,312,341,281,341,𠰚
﻿281,341,312,341,312,375,281,375,䏾
﻿281,375,312,375,312,408,281,408,𣎀
﻿281,408,312,408,312,442,281,442,魚
﻿281,442,312,442,312,476,281,476,恨
﻿281,476,312,476,312,510,281,510,𢚸
﻿247,12,278,12,278,43,247,43,臨
﻿247,43,278,43,278,75,247,75,淄
﻿247,75,278,75,278,107,247,107,𡮍
﻿247,107,278,107,278,138,247,138,󰒂
﻿247,138,278,138,278,170,247,170,刀
﻿247,170,278,170,278,202,247,202,蓬
﻿249,244,280,244,280,277,249,277,渃
﻿249,277,280,277,280,310,249,310,𡽫
﻿249,310,280,310,280,343,249,343,底
﻿249,343,280,343,280,377,249,377,𫳘
﻿249,377,280,377,280,410,249,410,相
﻿249,410,280,410,280,443,249,443,逢
﻿249,443,280,443,280,476,249,476,刼
﻿249,476,280,476,280,510,249,510,𡢐
﻿218,12,246,12,246,43,218,43,𦊚
﻿218,43,246,43,246,75,218,75,方
﻿218,75,246,75,246,107,218,107,𩄲
﻿218,107,246,107,246,138,218,138,𤽸
﻿218,138,246,138,246,170,218,170,󰜋
﻿218,170,246,170,246,202,218,202,牟
﻿215,243,246,243,246,276,215,276,𥊛
﻿215,276,246,276,246,309,215,309,潙
﻿215,309,246,309,246,342,215,342,故
﻿215,342,246,342,246,375,215,375,囯
﻿215,375,246,375,246,408,215,408,別
﻿215,408,246,408,246,441,215,441,󰠲
﻿215,441,246,441,246,474,215,474,󰑼
﻿215,474,246,474,246,507,215,507,茹
﻿188,11,215,11,215,43,188,43,吝
﻿188,43,215,43,215,75,188,75,吝
﻿188,75,215,75,215,107,188,107,𣎃
﻿188,107,215,107,215,139,188,139,淪
﻿188,139,215,139,215,171,188,171,𣈜
﻿188,171,215,171,215,203,188,203,戈
﻿185,244,214,244,214,276,185,276,浽
﻿185,276,214,276,214,309,185,309,𧵆
﻿185,309,214,309,214,342,185,342,芇
﻿185,342,214,342,214,375,185,375,別
﻿185,375,214,375,214,408,185,408,塘
﻿185,408,214,408,214,441,185,441,車
﻿185,441,214,441,214,474,185,474,世
﻿185,474,214,474,214,507,185,507,尼
﻿154,11,185,11,185,43,154,43,臨
﻿154,43,185,43,185,75,154,75,淄
﻿154,75,185,75,185,107,154,107,白
﻿154,107,185,107,185,139,154,139,誅
﻿154,139,185,139,185,171,154,171,鴛
﻿154,171,185,171,185,203,154,203,𠖤
﻿154,244,183,244,183,277,154,277,房
﻿154,277,183,277,183,310,154,310,空
﻿154,310,183,310,183,343,154,343,傷
﻿154,343,183,343,183,376,154,376,几
﻿154,376,183,376,183,409,154,409,𣎃
﻿154,409,183,409,183,442,154,442,𣈜
﻿154,442,183,442,183,475,154,475,隻
﻿154,475,183,475,183,508,154,508,身
﻿123,15,150,15,150,45,123,45,眉
﻿123,45,150,45,150,76,123,76,撑
﻿123,76,150,76,150,107,123,107,𦝄
﻿123,107,150,107,150,137,123,137,買
﻿123,137,150,137,150,168,123,168,甲
﻿123,168,150,168,150,199,123,199,痕
﻿121,241,151,241,151,274,121,274,粉
﻿121,274,151,274,151,307,121,307,乘
﻿121,307,151,307,151,340,121,340,香
﻿121,340,151,340,151,374,121,374,𬟗
﻿121,374,151,374,151,407,121,407,倍
﻿121,407,151,407,151,440,121,440,分
﻿121,440,151,440,151,473,121,473,㤕
﻿121,473,151,473,151,507,121,507,車
﻿87,10,119,10,119,41,87,41,蓮
﻿87,41,119,41,119,72,87,72,殘
﻿87,72,119,72,119,103,87,103,枚
﻿87,103,119,103,119,134,87,134,吏
﻿87,134,119,134,119,165,87,165,𦬑
﻿87,165,119,165,119,196,87,196,𦋦
﻿87,240,118,240,118,273,87,273,愁
﻿87,273,118,273,118,306,87,306,𨱽
﻿87,306,118,306,118,339,87,339,𣈜
﻿87,339,118,339,118,373,87,373,𥐆
﻿87,373,118,373,118,406,87,406,冬
﻿87,406,118,406,118,439,87,439,陀
﻿87,439,118,439,118,472,87,472,𨖅
﻿87,472,118,472,118,506,87,506,春
﻿60,10,86,10,86,41,60,41,尋
﻿60,41,86,41,86,72,60,72,󰠲
﻿60,72,86,72,86,103,60,103,朱
﻿60,103,86,103,86,134,60,134,𧡊
﻿60,134,86,134,86,165,60,165,故
﻿60,165,86,165,86,196,60,196,人
﻿56,241,85,241,85,274,56,274,𥙩
﻿56,274,85,274,85,307,56,307,勾
﻿56,307,85,307,85,340,56,340,運
﻿56,340,85,340,85,374,56,374,命
﻿56,374,85,374,85,407,56,407,𢣧
﻿56,407,85,407,85,440,56,440,寅
﻿56,440,85,440,85,473,56,473,𢖵
﻿56,473,85,473,85,507,56,507,傷
﻿26,9,57,9,57,40,26,40,鄭
﻿26,40,57,40,57,72,26,72,念
﻿26,72,57,72,57,104,26,104,𢖵
﻿26,104,57,104,57,135,26,135,景
﻿26,135,57,135,57,167,26,167,家
﻿26,167,57,167,57,199,26,199,香
﻿23,241,54,241,54,273,23,273,𢖵
﻿23,273,54,273,54,305,23,305,圭
﻿23,305,54,305,54,338,23,338,払
﻿23,338,54,338,54,370,23,370,吏
﻿23,370,54,370,54,402,23,402,尋
﻿23,402,54,402,54,435,23,435,塘
﻿23,435,54,435,54,467,23,467,深
﻿23,467,54,467,54,500,23,500,圭
