350,9,381,9,381,44,350,44,𥪝
﻿350,44,381,44,381,79,350,79,娘
﻿350,79,381,79,381,115,350,115,㗂
﻿350,115,381,115,381,150,350,150,䳽
﻿350,150,381,150,381,185,350,185,𠖤
﻿350,185,381,185,381,221,350,221,戈
﻿354,279,384,279,384,314,354,314,濁
﻿354,314,384,314,384,350,354,350,如
﻿354,350,384,350,384,386,354,386,㗂
﻿354,386,384,386,384,422,354,422,󰋞
﻿354,422,384,422,384,458,354,458,買
﻿354,458,384,458,384,494,354,494,沙
﻿354,494,384,494,384,530,354,530,姅
﻿354,530,384,530,384,566,354,566,潙
﻿314,10,345,10,345,45,314,45,㗂
﻿314,45,345,45,345,81,314,81,寬
﻿314,81,345,81,345,117,314,117,如
﻿314,117,345,117,345,152,314,152,𫗄
﻿314,152,345,152,345,188,314,188,倘
﻿314,188,345,188,345,224,314,224,外
﻿317,280,349,280,349,316,317,316,㗂
﻿317,316,349,316,349,352,317,352,㕰
﻿317,352,349,352,349,388,317,388,立
﻿317,388,349,388,349,424,317,424,立
﻿317,424,349,424,349,460,317,460,如
﻿317,460,349,460,349,496,317,496,𡗶
﻿317,496,349,496,349,532,317,532,覩
﻿317,532,349,532,349,568,317,568,湄
﻿276,9,312,9,312,44,276,44,𦰟
﻿276,44,312,44,312,80,276,80,畑
﻿276,80,312,80,312,116,276,116,欺
﻿276,116,312,116,312,151,276,151,𤏣
﻿276,151,312,151,312,187,276,187,欺
﻿276,187,312,187,312,223,276,223,𤎎
﻿279,277,314,277,314,313,279,313,遣
﻿279,313,314,313,314,349,279,349,㝵
﻿279,349,314,349,314,385,279,385,𡎢
﻿279,385,314,385,314,421,279,421,帝
﻿279,421,314,421,314,457,279,457,拱
﻿279,457,314,457,314,493,279,493,魚
﻿279,493,314,493,314,529,279,529,菫
﻿279,529,314,529,314,566,279,566,愁
﻿239,11,272,11,272,46,239,46,欺
﻿239,46,272,46,272,82,239,82,𢭸
﻿239,82,272,82,272,117,239,117,𨆝
﻿239,117,272,117,272,153,239,153,欺
﻿239,153,272,153,272,188,239,188,儈
﻿239,188,272,188,272,224,239,224,頭
﻿240,280,277,280,277,316,240,316,欺
﻿240,316,277,316,277,352,240,352,紆
﻿240,352,277,352,277,388,240,388,𠃩
﻿240,388,277,388,277,424,240,424,曲
﻿240,424,277,424,277,460,240,460,欺
﻿240,460,277,460,277,496,240,496,珠
﻿240,496,277,496,277,532,240,532,堆
﻿240,532,277,532,277,568,240,568,眉
﻿205,13,236,13,236,47,205,47,浪
﻿205,47,236,47,236,82,205,82,咍
﻿205,82,236,82,236,117,205,117,時
﻿205,117,236,117,236,151,205,151,实
﻿205,151,236,151,236,186,205,186,󰑼
﻿205,186,236,186,236,221,205,221,咍
﻿205,279,238,279,238,314,205,314,𦖑
﻿205,314,238,314,238,350,205,350,𦋦
﻿205,350,238,350,238,386,205,386,吟
﻿205,386,238,386,238,422,205,422,䔲
﻿205,422,238,422,238,458,205,458,𠽆
﻿205,458,238,458,238,494,205,494,𠹽
﻿205,494,238,494,238,530,205,530,世
﻿205,530,238,530,238,566,205,566,芇
﻿168,15,200,15,200,49,168,49,搊
﻿168,49,200,49,200,83,168,83,之
﻿168,83,200,83,200,117,168,117,仍
﻿168,117,200,117,200,151,168,151,堛
﻿168,151,200,151,200,185,168,185,簫
﻿168,185,200,185,200,220,168,220,騷
﻿168,280,202,280,202,315,168,315,实
﻿168,315,202,315,202,351,168,351,𢚸
﻿168,351,202,351,202,387,168,387,𠇮
﻿168,387,202,387,202,423,168,423,拱
﻿168,423,202,423,202,458,168,458,㝹
﻿168,458,202,458,202,494,168,494,㝹
﻿168,494,202,494,202,530,168,530,𢚸
﻿168,530,202,530,202,566,168,566,㝵
﻿133,14,163,14,163,48,133,48,浪
﻿133,48,163,48,163,83,133,83,悁
﻿133,83,163,83,163,117,133,117,秩
﻿133,117,163,117,163,152,133,152,湿
﻿133,152,163,152,163,186,133,186,𠫾
﻿133,186,163,186,163,221,133,221,耒
﻿133,277,164,277,164,312,133,312,粃
﻿133,312,164,312,164,348,133,348,盃
﻿133,348,164,348,164,384,133,384,催
﻿133,384,164,384,164,420,133,420,拱
﻿133,420,164,420,164,455,133,455,性
﻿133,455,164,455,164,491,133,491,𡗶
﻿133,491,164,491,164,527,133,527,别
﻿133,527,164,527,164,563,133,563,牢
﻿97,12,129,12,129,46,97,46,𠳒
﻿97,46,129,46,129,81,97,81,鐄
﻿97,81,129,81,129,116,97,116,𠳐
﻿97,116,129,116,129,151,97,151,領
﻿97,151,129,151,129,186,97,186,意
﻿97,186,129,186,129,221,97,221,高
﻿98,280,130,280,130,315,98,315,和
﻿98,315,130,315,130,350,98,350,寅
﻿98,350,130,350,130,385,98,385,寅
﻿98,385,130,385,130,421,98,421,扒
﻿98,421,130,421,130,456,98,456,𡭧
﻿98,456,130,456,130,491,98,491,芇
﻿98,491,130,491,130,526,98,526,特
﻿98,526,130,526,130,562,98,562,空
﻿58,11,92,11,92,46,58,46,花
﻿58,46,92,46,92,82,58,82,香
﻿58,82,92,82,92,117,58,117,強
﻿58,117,92,117,92,153,58,153,訴
﻿58,153,92,153,92,188,58,188,式
﻿58,188,92,188,92,224,58,224,紅
﻿59,280,95,280,95,315,59,315,頭
﻿59,315,95,315,95,351,59,351,󰜣
﻿59,351,95,351,95,386,59,386,𡳃
﻿59,386,95,386,95,422,59,422,󰘚
﻿59,422,95,422,95,457,59,457,強
﻿59,457,95,457,95,493,59,493,濃
﻿59,493,95,493,95,528,59,528,𬌓
﻿59,528,95,528,95,564,59,564,腰
﻿20,9,52,9,52,44,20,44,㳥
﻿20,44,52,44,52,80,20,80,情
﻿20,80,52,80,52,115,20,115,𫀅
﻿20,115,52,115,52,151,20,151,㐌
﻿20,151,52,151,52,186,20,186,漂
﻿20,186,52,186,52,222,20,222,漂
﻿19,278,57,278,57,313,19,313,𫀅
﻿19,313,57,313,57,348,19,348,𥪝
﻿19,348,57,348,57,384,19,384,欧
﻿19,384,57,384,57,419,19,419,厌
﻿19,419,57,419,57,454,19,454,固
﻿19,454,57,454,57,490,19,490,朝
﻿19,490,57,490,57,525,19,525,𣳮
﻿19,525,57,525,57,561,19,561,淶
