390,15,417,15,417,46,390,46,㤕
﻿390,46,417,46,417,78,390,78,台
﻿390,78,417,78,417,110,390,110,隻
﻿390,110,417,110,417,141,390,141,𦲿
﻿390,141,417,141,417,173,390,173,𠀧
﻿390,173,417,173,417,205,390,205,爲
﻿391,248,419,248,419,281,391,281,刼
﻿391,281,419,281,419,314,391,314,塵
﻿391,314,419,314,419,347,391,347,別
﻿391,347,419,347,419,381,391,381,𢷀
﻿391,381,419,381,419,414,391,414,包
﻿391,414,419,414,419,447,391,447,𣇞
﻿391,447,419,447,419,480,391,480,朱
﻿391,480,419,480,419,514,391,514,衝
﻿359,13,386,13,386,44,359,44,花
﻿359,44,386,44,386,76,359,76,㵢
﻿359,76,386,76,386,108,359,108,渃
﻿359,108,386,108,386,140,359,140,沚
﻿359,140,386,140,386,172,359,172,𣵶
﻿359,172,386,172,386,204,359,204,𣳔
﻿360,245,388,245,388,278,360,278,㤕
﻿360,278,388,278,388,311,360,311,身
﻿360,311,388,311,388,345,360,345,沈
﻿360,345,388,345,388,378,360,378,浽
﻿360,378,388,378,388,411,360,411,𤴬
﻿360,411,388,411,388,445,360,445,𢚸
﻿360,445,388,445,388,478,360,478,合
﻿360,478,388,478,388,512,360,512,散
﻿324,15,355,15,355,47,324,47,𠳒
﻿324,47,355,47,355,79,324,79,初
﻿324,79,355,79,355,111,324,111,㐌
﻿324,111,355,111,355,143,324,143,磊
﻿324,143,355,143,355,175,324,175,𰿘
﻿324,175,355,175,355,207,324,207,萬
﻿325,247,355,247,355,280,325,280,𤗖
﻿325,280,355,280,355,313,325,313,𦎛
﻿325,313,355,313,355,346,325,346,群
﻿325,346,355,346,355,380,325,380,妬
﻿325,380,355,380,355,413,325,413,泛
﻿325,413,355,413,355,446,325,446,弹
﻿325,446,355,446,355,479,325,479,群
﻿325,479,355,479,355,513,325,513,低
﻿291,14,322,14,322,46,291,46,弹
﻿291,46,322,46,322,78,291,78,琴
﻿291,78,322,78,322,110,291,110,窖
﻿291,110,322,110,322,142,291,142,謹
﻿291,142,322,142,322,174,291,174,魚
﻿291,174,322,174,322,207,291,207,𦀊
﻿292,247,323,247,323,280,292,280,󰌎
﻿292,280,323,280,323,313,292,313,香
﻿292,313,323,313,323,346,292,346,別
﻿292,346,323,346,323,379,292,379,固
﻿292,379,323,379,323,412,292,412,刼
﻿292,412,323,412,323,445,292,445,尼
﻿292,445,323,445,323,478,292,478,女
﻿292,478,323,478,323,512,292,512,催
﻿259,12,289,12,289,44,259,44,萍
﻿259,44,289,44,289,77,259,77,蓬
﻿259,77,289,77,289,109,259,109,群
﻿259,109,289,109,289,142,259,142,𡮍
﻿259,142,289,142,289,174,259,174,賒
﻿259,174,289,174,289,207,259,207,吹
﻿257,247,289,247,289,280,257,280,䁀
﻿257,280,289,280,289,313,257,313,鍾
﻿257,313,289,313,289,346,257,346,牢
﻿257,346,289,346,289,380,257,380,女
﻿257,380,289,380,289,413,257,413,咹
﻿257,413,289,413,289,446,257,446,𡎢
﻿257,446,289,446,289,479,257,479,朱
﻿257,479,289,479,289,513,257,513,安
﻿226,15,256,15,256,47,226,47,泣
﻿226,47,256,47,256,79,226,79,蒙
﻿226,79,256,79,256,111,226,111,撩
﻿226,111,256,111,256,143,226,143,印
﻿226,143,256,143,256,175,226,175,辞
﻿226,175,256,175,256,207,226,207,官
﻿226,246,255,246,255,279,226,279,󰋇
﻿226,279,255,279,255,312,226,312,滝
﻿226,312,255,312,255,345,226,345,拱
﻿226,345,255,345,255,378,226,378,𤂬
﻿226,378,255,378,255,411,226,411,󰋇
﻿226,411,255,411,255,444,226,444,岸
﻿226,444,255,444,255,477,226,477,拱
﻿226,477,255,477,255,510,226,510,戈
﻿194,12,225,12,225,44,194,44,𤄱
﻿194,44,225,44,225,77,194,77,命
﻿194,77,225,77,225,109,194,109,冲
﻿194,109,225,109,225,142,194,142,󰠨
﻿194,142,225,142,225,174,194,174,干
﻿194,174,225,174,225,207,194,207,戈
﻿193,247,225,247,225,280,193,280,𠓨
﻿193,280,225,280,225,314,193,314,生
﻿193,314,225,314,225,348,193,348,𦋦
﻿193,348,225,348,225,382,193,382,死
﻿193,382,225,382,225,415,193,415,和
﻿193,415,225,415,225,449,193,449,󰑼
﻿193,449,225,449,225,483,193,483,体
﻿193,483,225,483,225,517,193,517,饒
﻿159,10,191,10,191,43,159,43,𢪀
﻿159,43,191,43,191,76,159,76,調
﻿159,76,191,76,191,109,159,109,𡗶
﻿159,109,191,109,191,142,159,142,瀋
﻿159,142,191,142,191,175,159,175,域
﻿159,175,191,175,191,208,159,208,溇
﻿161,248,192,248,192,280,161,280,䏾
﻿161,280,192,280,192,313,161,313,𫚳
﻿161,313,192,313,192,346,161,346,沁
﻿161,346,192,346,192,379,161,379,󰠩
﻿161,379,192,379,192,412,161,412,別
﻿161,412,192,412,192,445,161,445,兜
﻿161,445,192,445,192,478,161,478,麻
﻿161,478,192,478,192,511,161,511,𥆾
﻿127,12,156,12,156,43,127,43,仍
﻿127,43,156,43,156,75,127,75,󰑼
﻿127,75,156,75,156,107,127,107,赧
﻿127,107,156,107,156,139,127,139,那
﻿127,139,156,139,156,171,127,171,待
﻿127,171,156,171,156,203,127,203,信
﻿126,246,158,246,158,279,126,279,𬋟
﻿126,279,158,279,158,312,126,312,湄
﻿126,312,158,312,158,345,126,345,㐌
﻿126,345,158,345,158,378,126,378,別
﻿126,378,158,378,158,411,126,411,󰋇
﻿126,411,158,411,158,444,126,444,番
﻿126,444,158,444,158,477,126,477,対
﻿126,477,158,477,158,511,126,511,移
﻿94,10,125,10,125,42,94,42,𠄼
﻿94,42,125,42,125,75,94,75,𩄲
﻿94,75,125,75,125,108,94,108,俸
﻿94,108,125,108,125,140,94,140,体
﻿94,140,125,140,125,173,94,173,詔
﻿94,173,125,173,125,206,94,206,𡗶
﻿94,248,124,248,124,280,94,280,欽
﻿94,280,124,280,124,313,94,313,頒
﻿94,313,124,313,124,345,94,345,色
﻿94,345,124,345,124,378,94,378,旨
﻿94,378,124,378,124,411,94,411,旦
﻿94,411,124,411,124,443,94,443,尼
﻿94,443,124,443,124,476,94,476,停
﻿94,476,124,476,124,509,94,509,停
﻿61,10,91,10,91,42,61,42,金
﻿61,42,91,42,91,75,61,75,時
﻿61,75,91,75,91,108,61,108,改
﻿61,108,91,108,91,140,61,140,任
﻿61,140,91,140,91,173,61,173,南
﻿61,173,91,173,91,206,61,206,平
﻿62,250,92,250,92,283,62,283,払
﻿62,283,92,283,92,316,62,316,王
﻿62,316,92,316,92,349,62,349,拱
﻿62,349,92,349,92,383,62,383,改
﻿62,383,92,383,92,416,62,416,任
﻿62,416,92,416,92,449,62,449,城
﻿62,449,92,449,92,482,62,482,維
﻿62,482,92,482,92,516,62,516,陽
﻿27,9,60,9,60,42,27,42,懺
﻿27,42,60,42,60,75,27,75,生
﻿27,75,60,75,60,108,27,108,車
﻿27,108,60,108,60,141,27,141,馭
﻿27,141,60,141,60,174,27,174,倍
﻿27,174,60,174,60,207,27,207,鐄
﻿25,247,59,247,59,279,25,279,𠄩
﻿25,279,59,279,59,312,25,312,茹
﻿25,312,59,312,59,345,25,345,拱
﻿25,345,59,345,59,378,25,378,順
﻿25,378,59,378,59,411,25,411,󰜋
﻿25,411,59,411,59,444,25,444,𣈜
﻿25,444,59,444,59,477,25,477,赴
﻿25,477,59,477,59,510,25,510,官
