374,15,405,15,405,46,374,46,𰮳
﻿374,46,405,46,405,78,374,78,箋
﻿374,78,405,78,405,110,374,110,計
﻿374,110,405,110,405,141,374,141,歇
﻿374,141,405,141,405,173,374,173,賒
﻿374,173,405,173,405,205,374,205,𧵆
﻿373,253,403,253,403,285,373,285,浽
﻿373,285,403,285,403,317,373,317,茹
﻿373,317,403,317,403,349,373,349,報
﻿373,349,403,349,403,381,373,381,答
﻿373,381,403,381,403,413,373,413,浽
﻿373,413,403,413,403,445,373,445,身
﻿373,445,403,445,403,477,373,477,落
﻿373,477,403,477,403,509,373,509,類
﻿341,11,370,11,370,43,341,43,散
﻿341,43,370,43,370,75,341,75,箱
﻿341,75,370,75,370,107,341,107,皮
﻿341,107,370,107,370,139,341,139,𤎜
﻿341,139,370,139,370,171,341,171,𣈜
﻿341,171,370,171,370,203,341,203,枚
﻿339,250,369,250,369,282,339,282,便
﻿339,282,369,282,369,314,339,314,鴻
﻿339,314,369,314,369,346,339,346,娘
﻿339,346,369,346,369,379,339,379,買
﻿339,379,369,379,369,411,339,411,𠴍
﻿339,411,369,411,369,443,339,443,𠳒
﻿339,443,369,443,369,475,339,475,𠳚
﻿339,475,369,475,369,508,339,508,郎
﻿308,10,338,10,338,42,308,42,𡗶
﻿308,42,338,42,338,74,308,74,西
﻿308,74,338,74,338,107,308,107,朗
﻿308,107,338,107,338,139,308,139,蕩
﻿308,139,338,139,338,171,308,171,䏾
﻿308,171,338,171,338,204,308,204,鐄
﻿306,248,334,248,334,280,306,280,復
﻿306,280,334,280,334,313,306,313,書
﻿306,313,334,313,334,346,306,346,㐌
﻿306,346,334,346,334,379,306,379,𧡊
﻿306,379,334,379,334,411,306,411,信
﻿306,411,334,411,334,444,306,444,払
﻿306,444,334,444,334,477,306,477,典
﻿306,477,334,477,334,510,306,510,尼
﻿275,10,302,10,302,42,275,42,𨷑
﻿275,42,302,42,302,74,275,74,󰏙
﻿275,74,302,74,302,106,275,106,󰜋
﻿275,106,302,106,302,138,275,138,幅
﻿275,138,302,138,302,170,275,170,箋
﻿275,170,302,170,302,203,275,203,枚
﻿273,249,302,249,302,281,273,281,伶
﻿273,281,302,281,302,313,273,313,伶
﻿273,313,302,313,302,345,273,345,昔
﻿273,345,302,345,302,378,273,378,越
﻿273,378,302,378,302,410,273,410,固
﻿273,410,302,410,302,442,273,442,𠄩
﻿273,442,302,442,302,474,273,474,𫳘
﻿273,474,302,474,302,507,273,507,題
﻿244,12,272,12,272,44,244,44,𥙩
﻿244,44,272,44,272,76,244,76,𥪞
﻿244,76,272,76,272,108,244,108,意
﻿244,108,272,108,272,140,244,140,思
﻿244,140,272,140,272,172,244,172,𦓡
﻿244,172,272,172,272,204,244,204,推
﻿239,249,268,249,268,281,239,281,𣈜
﻿239,281,268,281,268,314,239,314,𠄩
﻿239,314,268,314,268,346,239,346,𨑮
﻿239,346,268,346,268,379,239,379,󰜋
﻿239,379,268,379,268,412,239,412,戌
﻿239,412,268,412,268,444,239,444,時
﻿239,444,268,444,268,477,239,477,沛
﻿239,477,268,477,268,510,239,510,庒
﻿210,8,239,8,239,40,210,40,𫚳
﻿210,40,239,40,239,73,210,73,𣋚
﻿210,73,239,73,239,105,210,105,催
﻿210,105,239,105,239,138,210,138,脱
﻿210,138,239,138,239,170,210,170,𧗱
﻿210,170,239,170,239,203,210,203,棱
﻿208,249,237,249,237,281,208,281,架
﻿208,281,237,281,237,314,208,314,茶
﻿208,314,237,314,237,346,208,346,縻
﻿208,346,237,346,237,379,208,379,㐌
﻿208,379,237,379,237,412,208,412,唅
﻿208,412,237,412,237,444,208,444,𦝄
﻿208,444,237,444,237,477,208,477,姅
﻿208,477,237,477,237,510,208,510,萌
﻿179,9,207,9,207,41,179,41,墻
﻿179,41,207,41,207,74,179,74,東
﻿179,74,207,74,207,106,179,106,𢯦
﻿179,106,207,106,207,139,179,139,動
﻿179,139,207,139,207,171,179,171,䏾
﻿179,171,207,171,207,204,179,204,梗
﻿175,248,204,248,204,280,175,280,𢩽
﻿175,280,204,280,204,313,175,313,窻
﻿175,313,204,313,204,346,175,346,㐌
﻿175,346,204,346,204,379,175,379,𧡊
﻿175,379,204,379,204,411,175,411,楚
﻿175,411,204,411,204,444,175,444,卿
﻿175,444,204,444,204,477,175,477,𥊩
﻿175,477,204,477,204,510,175,510,𠓨
﻿144,10,175,10,175,42,144,42,尙
﻿144,42,175,42,175,74,144,74,崇
﻿144,74,175,74,175,106,144,106,打
﻿144,106,175,106,175,138,144,138,惮
﻿144,138,175,138,175,170,144,170,𦋦
﻿144,170,175,170,175,203,144,203,嘲
﻿143,248,173,248,173,280,143,280,𥛉
﻿143,280,173,280,173,313,143,313,催
﻿143,313,173,313,173,345,143,345,娘
﻿143,345,173,345,173,378,143,378,買
﻿143,378,173,378,173,410,143,410,𠯇
﻿143,410,173,410,173,443,143,443,𢭂
﻿143,443,173,443,173,475,143,475,殷
﻿143,475,173,475,173,508,143,508,勤
﻿111,12,143,12,143,75,111,75,#
﻿111,75,143,75,143,139,111,139,#
﻿111,139,143,139,143,203,111,203,#
﻿110,247,141,247,141,279,110,279,落
﻿110,279,141,279,141,312,110,312,塘
﻿110,312,141,312,141,345,110,345,芒
﻿110,345,141,345,141,378,110,378,𥙩
﻿110,378,141,378,141,411,110,411,𡢻
﻿110,411,141,411,141,444,110,444,𫱞
﻿110,444,141,444,141,477,110,477,燕
﻿110,477,141,477,141,510,110,510,鸚
﻿80,8,109,8,109,40,80,40,敢
﻿80,40,109,40,109,73,80,73,洳
﻿80,73,109,73,109,106,80,106,骨
﻿80,106,109,106,109,138,80,138,肉
﻿80,138,109,138,109,171,80,171,死
﻿80,171,109,171,109,204,80,204,生
﻿77,248,107,248,107,280,77,280,群
﻿77,280,107,280,107,313,77,313,𡗉
﻿77,313,107,313,107,346,77,346,結
﻿77,346,107,346,107,379,77,379,𦹵
﻿77,379,107,379,107,412,77,412,唅
﻿77,412,107,412,107,445,77,445,𨭥
﻿77,445,107,445,107,478,77,478,𧗱
﻿77,478,107,478,107,511,77,511,𡢐
﻿46,9,76,9,76,41,46,41,朗
﻿46,41,76,41,76,73,46,73,󰟝
﻿46,73,76,73,76,106,46,106,侵
﻿46,106,76,106,76,138,46,138,?
﻿46,138,76,138,76,170,46,170,𡴯
﻿46,170,76,170,76,203,46,203,頭
﻿41,246,74,246,74,279,41,279,些
﻿41,279,74,279,74,312,41,312,低
﻿41,312,74,312,74,345,41,345,沛
﻿41,345,74,345,74,379,41,379,摱
﻿41,379,74,379,74,412,41,412,埃
﻿41,412,74,412,74,445,41,445,兜
﻿41,445,74,445,74,478,41,478,𦓡
﻿41,478,74,478,74,512,41,512,浪
﻿15,10,44,10,44,41,15,41,娘
﻿15,41,44,41,44,73,15,73,陀
﻿15,73,44,73,44,105,15,105,別
﻿15,105,44,105,44,137,15,137,典
﻿15,137,44,137,44,169,15,169,些
﻿15,169,44,169,44,201,15,201,庒
﻿9,247,40,247,40,279,9,279,彼
﻿9,279,40,279,40,312,9,312,沉
﻿9,312,40,312,40,344,9,344,淪
﻿9,344,40,344,40,377,9,377,垃
﻿9,377,40,377,40,410,9,410,朱
﻿9,410,40,410,40,442,9,442,平
﻿9,442,40,442,40,475,9,475,買
﻿9,475,40,475,40,508,9,508,摧
