351,8,385,8,385,43,351,43,𦹵
﻿351,43,385,43,385,79,351,79,𡽫
﻿351,79,385,79,385,115,351,115,撑
﻿351,115,385,115,385,151,351,151,羡
﻿351,151,385,151,385,187,351,187,蹎
﻿351,187,385,187,385,223,351,223,𡗶
﻿354,283,389,283,389,319,354,319,挭
﻿354,319,389,319,389,356,354,356,梨
﻿354,356,389,356,389,393,354,393,𤽸
﻿354,393,389,393,389,430,354,430,點
﻿354,430,389,430,389,466,354,466,𠬠
﻿354,466,389,466,389,503,354,503,𠄽
﻿354,503,389,503,389,540,354,540,󰊎
﻿354,540,389,540,389,577,354,577,花
﻿313,6,348,6,348,42,313,42,清
﻿313,42,348,42,348,78,313,78,明
﻿313,78,348,78,348,114,313,114,𡧲
﻿313,114,348,114,348,150,313,150,節
﻿313,150,348,150,348,186,313,186,𣈜
﻿313,186,348,186,348,223,313,223,𠀧
﻿318,281,352,281,352,318,318,318,礼
﻿318,318,352,318,352,355,318,355,󰑼
﻿318,355,352,355,352,392,318,392,掃
﻿318,392,352,392,352,429,318,429,墓
﻿318,429,352,429,352,466,318,466,噲
﻿318,466,352,466,352,503,318,503,󰑼
﻿318,503,352,503,352,540,318,540,踏
﻿318,540,352,540,352,578,318,578,晴
﻿276,11,310,11,310,47,276,47,𧵆
﻿276,47,310,47,310,83,276,83,賒
﻿276,83,310,83,310,119,276,119,奴
﻿276,119,310,119,310,155,276,155,󱋨
﻿276,155,310,155,310,191,276,191,燕
﻿276,191,310,191,310,227,276,227,鶧
﻿282,284,315,284,315,320,282,320,姉
﻿282,320,315,320,315,357,282,357,㛪
﻿282,357,315,357,315,394,282,394,懺
﻿282,394,315,394,315,431,282,431,所
﻿282,431,315,431,315,467,282,467,步
﻿282,467,315,467,315,504,282,504,行
﻿282,504,315,504,315,541,282,541,制
﻿282,541,315,541,315,578,282,578,春
﻿242,12,275,12,275,47,242,47,習
﻿242,47,275,47,275,83,242,83,耀
﻿242,83,275,83,275,118,242,118,才
﻿242,118,275,118,275,154,242,154,子
﻿242,154,275,154,275,189,242,189,佳
﻿242,189,275,189,275,225,242,225,人
﻿246,285,278,285,278,321,246,321,馭
﻿246,321,278,321,278,358,246,358,車
﻿246,358,278,358,278,394,246,394,如
﻿246,394,278,394,278,431,246,431,渃
﻿246,431,278,431,278,467,246,467,襖
﻿246,467,278,467,278,504,246,504,裙
﻿246,504,278,504,278,540,246,540,如
﻿246,540,278,540,278,577,246,577,𢬧
﻿205,13,239,13,239,48,205,48,衮
﻿205,48,239,48,239,84,205,84,昂
﻿205,84,239,84,239,119,205,119,坵
﻿205,119,239,119,239,155,205,155,埬
﻿205,155,239,155,239,190,205,190,撟
﻿205,190,239,190,239,226,205,226,𨖲
﻿210,282,243,282,243,318,210,318,梭
﻿210,318,243,318,243,355,210,355,鐄
﻿210,355,243,355,243,391,210,391,𥿠
﻿210,391,243,391,243,428,210,428,𫽘
﻿210,428,243,428,243,464,210,464,烣
﻿210,464,243,464,243,501,210,501,残
﻿210,501,243,501,243,537,210,537,紙
﻿210,537,243,537,243,574,210,574,悲
﻿169,11,202,11,202,47,169,47,?
﻿169,47,202,47,202,83,169,83,匕
﻿169,83,202,83,202,120,169,120,䏾
﻿169,120,202,120,202,156,169,156,我
﻿169,156,202,156,202,192,169,192,𧗱
﻿169,192,202,192,202,229,169,229,西
﻿172,284,204,284,204,320,172,320,姉
﻿172,320,204,320,204,356,172,356,㛪
﻿172,356,204,356,204,392,172,392,他
﻿172,392,204,392,204,428,172,428,引
﻿172,428,204,428,204,464,172,464,󰇶
﻿172,464,204,464,204,500,172,500,𢬣
﻿172,500,204,500,204,536,172,536,𦋦
﻿172,536,204,536,204,572,172,572,𧗱
﻿134,7,166,7,166,43,134,43,𨀈
﻿134,43,166,43,166,80,134,80,寅
﻿134,80,166,80,166,117,134,117,蹺
﻿134,117,166,117,166,154,134,154,𦰟
﻿134,154,166,154,166,191,134,191,小
﻿134,191,166,191,166,228,134,228,溪
﻿137,279,169,279,169,315,137,315,吝
﻿137,315,169,315,169,351,137,351,𫀅
﻿137,351,169,351,169,388,137,388,󰘩
﻿137,388,169,388,169,424,137,424,景
﻿137,424,169,424,169,460,137,460,固
﻿137,460,169,460,169,497,137,497,皮
﻿137,497,169,497,169,533,137,533,清
﻿137,533,169,533,169,570,137,570,清
﻿98,11,130,11,130,47,98,47,㝹
﻿98,47,130,47,130,83,98,83,㝹
﻿98,83,130,83,130,119,98,119,𣳔
﻿98,119,130,119,130,155,98,155,渃
﻿98,155,130,155,130,191,98,191,捥
﻿98,191,130,191,130,227,98,227,觥
﻿101,280,133,280,133,316,101,316,揲
﻿101,316,133,316,133,353,101,353,桥
﻿101,353,133,353,133,390,101,390,𡮈
﻿101,390,133,390,133,427,101,427,𡮈
﻿101,427,133,427,133,463,101,463,𡳳
﻿101,463,133,463,133,500,101,500,京
﻿101,500,133,500,133,537,101,537,北
﻿101,537,133,537,133,574,101,574,昂
﻿62,12,94,12,94,48,62,48,除
﻿62,48,94,48,94,84,62,84,除
﻿62,84,94,84,94,120,62,120,埝
﻿62,120,94,120,94,156,62,156,坦
﻿62,156,94,156,94,192,62,192,边
﻿62,192,94,192,94,229,62,229,塘
﻿63,281,97,281,97,317,63,317,油
﻿63,317,97,317,97,354,63,354,油
﻿63,354,97,354,97,390,63,390,𦰟
﻿63,390,97,390,97,427,63,427,𦹵
﻿63,427,97,427,97,463,63,463,姅
﻿63,463,97,463,97,500,63,500,鐄
﻿63,500,97,500,97,536,63,536,姅
﻿63,536,97,536,97,573,63,573,撑
﻿23,13,58,13,58,47,23,47,浪
﻿23,47,58,47,58,82,23,82,牢
﻿23,82,58,82,58,117,23,117,𥪝
﻿23,117,58,117,58,152,23,152,節
﻿23,152,58,152,58,187,23,187,清
﻿23,187,58,187,58,222,23,222,明
﻿26,278,58,278,58,314,26,314,麻
﻿26,314,58,314,58,351,26,351,低
﻿26,351,58,351,58,388,26,388,香
﻿26,388,58,388,58,425,26,425,𤐜
﻿26,425,58,425,58,461,26,461,永
﻿26,461,58,461,58,498,26,498,醒
﻿26,498,58,498,58,535,26,535,势
﻿26,535,58,535,58,572,26,572,麻
