364,9,397,9,397,45,364,45,祝
﻿364,45,397,45,397,81,364,81,󰑼
﻿364,81,397,81,397,118,364,118,𨑮
﻿364,118,397,118,397,154,364,154,󰋇
﻿364,154,397,154,397,190,364,190,𢆥
﻿364,190,397,190,397,227,364,227,𡗶
﻿364,286,396,286,396,322,364,322,群
﻿364,322,396,322,396,358,364,358,𦋦
﻿364,358,396,358,396,394,364,394,欺
﻿364,394,396,394,396,430,364,430,㐌
﻿364,430,396,430,396,466,364,466,䏧
﻿364,466,396,466,396,502,364,502,蝟
﻿364,502,396,502,396,538,364,538,󰖥
﻿364,538,396,538,396,575,364,575,霜
﻿325,10,359,10,359,45,325,45,惜
﻿325,45,359,45,359,81,325,81,台
﻿325,81,359,81,359,117,325,117,𫵀
﻿325,117,359,117,359,153,325,153,󰒂
﻿325,153,359,153,359,189,325,189,󱀄
﻿325,189,359,189,359,225,325,225,强
﻿328,286,358,286,358,321,328,321,酉
﻿328,321,358,321,358,357,328,357,离
﻿328,357,358,357,358,393,328,393,絲
﻿328,393,358,393,358,429,328,429,衹
﻿328,429,358,429,358,465,328,465,群
﻿328,465,358,465,358,501,328,501,王
﻿328,501,358,501,358,537,328,537,絲
﻿328,537,358,537,358,573,328,573,𢚸
﻿289,11,318,11,318,46,289,46,緣
﻿289,46,318,46,318,82,289,82,㛪
﻿289,82,318,82,318,118,289,118,油
﻿289,118,318,118,318,153,289,153,𫃸
﻿289,153,318,153,318,189,289,189,絲
﻿289,189,318,189,318,225,289,225,紅
﻿291,284,321,284,321,320,291,320,埋
﻿291,320,321,320,321,356,291,356,𦋦
﻿291,356,321,356,321,392,291,392,欺
﻿291,392,321,392,321,428,291,428,㐌
﻿291,428,321,428,321,464,291,464,𢬣
﻿291,464,321,464,321,500,291,500,𢸚
﻿291,500,321,500,321,536,291,536,𢬣
﻿291,536,321,536,321,572,291,572,恾
﻿251,10,285,10,285,46,251,46,𡬷
﻿251,46,285,46,285,82,251,82,念
﻿251,82,285,82,285,118,251,118,故
﻿251,118,285,118,285,154,251,154,國
﻿251,154,285,154,285,190,251,190,他
﻿251,190,285,190,285,226,251,226,鄕
﻿252,281,284,281,284,317,252,317,塘
﻿252,317,284,317,284,353,252,353,箕
﻿252,353,284,353,284,389,252,389,浽
﻿252,389,284,389,284,425,252,425,怒
﻿252,425,284,425,284,461,252,461,滚
﻿252,461,284,461,284,497,252,497,昂
﻿252,497,284,497,284,533,252,533,排
﻿252,533,284,533,284,569,252,569,排
﻿212,10,245,10,245,45,212,45,𦑃
﻿212,45,245,45,245,81,212,81,鴻
﻿212,81,245,81,245,116,212,116,𠖤
﻿212,116,245,116,245,152,212,152,俸
﻿212,152,245,152,245,187,212,187,絶
﻿212,187,245,187,245,223,212,223,潙
﻿215,280,245,280,245,316,215,316,㐌
﻿215,316,245,316,245,353,215,353,󰍹
﻿215,353,245,353,245,390,215,390,昆
﻿215,390,245,390,245,427,215,427,𬑉
﻿215,427,245,427,245,464,215,464,方
﻿215,464,245,464,245,501,215,501,𡗶
﻿215,501,245,501,245,538,215,538,󰝡
﻿215,538,245,538,245,575,215,575,󰝡
﻿178,9,209,9,209,44,178,44,店
﻿178,44,209,44,209,80,178,80,𣈜
﻿178,80,209,80,209,116,178,116,𨻫
﻿178,116,209,116,209,152,178,152,仍
﻿178,152,209,152,209,188,178,188,音
﻿178,188,209,188,209,224,178,224,󰠐
﻿178,282,209,282,209,318,178,318,焒
﻿178,318,209,318,209,354,178,354,兵
﻿178,354,209,354,209,390,178,390,󰠲
﻿178,390,209,390,209,426,178,426,㐌
﻿178,426,209,426,209,462,178,462,喑
﻿178,462,209,462,209,498,178,498,喑
﻿178,498,209,498,209,534,178,534,𠬠
﻿178,534,209,534,209,571,178,571,方
﻿141,8,173,8,173,44,141,44,𡴯
﻿141,44,173,44,173,80,141,80,𡗶
﻿141,80,173,80,173,116,141,116,殺
﻿141,116,173,116,173,152,141,152,氣
﻿141,152,173,152,173,188,141,188,𢠩
﻿141,188,173,188,173,225,141,225,恾
﻿140,282,172,282,172,318,140,318,苔
﻿140,318,172,318,172,354,140,354,滝
﻿140,354,172,354,172,391,140,391,鯨
﻿140,391,172,391,172,427,140,427,鰐
﻿140,427,172,427,172,463,140,463,秩
﻿140,463,172,463,172,500,140,500,塘
﻿140,500,172,500,172,536,140,536,甲
﻿140,536,172,536,172,573,140,573,兵
﻿106,7,136,7,136,43,106,43,㝵
﻿106,43,136,43,136,79,106,79,悁
﻿106,79,136,79,136,115,106,115,属
﻿106,115,136,115,136,151,106,151,几
﻿106,151,136,151,136,187,106,187,冬
﻿106,187,136,187,136,223,106,223,觥
﻿106,280,134,280,134,316,106,316,𫫵
﻿106,316,134,316,134,352,106,352,娘
﻿106,352,134,352,134,388,106,388,唉
﻿106,388,134,388,134,425,106,425,暫
﻿106,425,134,425,134,461,106,461,另
﻿106,461,134,461,134,497,106,497,𠇮
﻿106,497,134,497,134,533,106,533,󰓳
﻿106,533,134,533,134,570,106,570,尼
﻿67,8,99,8,99,43,67,43,娘
﻿67,43,99,43,99,79,67,79,浪
﻿67,79,99,79,99,115,67,115,畧
﻿67,115,99,115,99,150,67,150,㐌
﻿67,150,99,150,99,186,67,186,𭉑
﻿67,186,99,186,99,222,67,222,𠳒
﻿67,284,99,284,99,319,67,319,酉
﻿67,319,99,319,99,355,67,355,冲
﻿67,355,99,355,99,391,67,391,危
﻿67,391,99,391,99,427,67,427,險
﻿67,427,99,427,99,463,67,463,敢
﻿67,463,99,463,99,499,67,499,涞
﻿67,499,99,499,99,535,67,535,約
﻿67,535,99,535,99,571,67,571,初
﻿28,10,59,10,59,45,28,45,群
﻿28,45,59,45,59,81,28,81,當
﻿28,81,59,81,59,117,28,117,堆
﻿28,117,59,117,59,153,28,153,孕
﻿28,153,59,153,59,189,28,189,󰡢
﻿28,189,59,189,59,225,28,225,󰡣
﻿28,280,61,280,61,316,28,316,𠃅
﻿28,316,61,316,61,353,28,353,外
﻿28,353,61,353,61,389,28,389,㐌
﻿28,389,61,389,61,426,28,426,体
﻿28,426,61,426,61,462,28,462,𦰟
﻿28,462,61,462,61,499,28,499,旗
﻿28,499,61,499,61,535,28,535,㗂
﻿28,535,61,535,61,572,28,572,𬫤
