384,13,415,13,415,45,384,45,耒
﻿384,45,415,45,415,78,384,78,低
﻿384,78,415,78,415,110,384,110,䕯
﻿384,110,415,110,415,143,384,143,合
﻿384,143,415,143,415,175,384,175,迷
﻿384,175,415,175,415,208,384,208,散
﻿387,251,415,251,415,285,387,285,別
﻿387,285,415,285,415,319,387,319,󰠲
﻿387,319,415,319,415,353,387,353,䳽
﻿387,353,415,353,415,387,387,387,内
﻿387,387,415,387,415,421,387,421,𩄲
﻿387,421,415,421,415,455,387,455,岸
﻿387,455,415,455,415,489,387,489,󰑼
﻿387,489,415,489,415,524,387,524,󰠲
﻿351,13,383,13,383,45,351,45,師
﻿351,45,383,45,383,78,351,78,浪
﻿351,78,383,78,383,110,351,110,拱
﻿351,110,383,110,383,143,351,143,𫽄
﻿351,143,383,143,383,175,351,175,󰋇
﻿351,175,383,175,383,208,351,208,𥹰
﻿354,251,385,251,385,284,354,284,冲
﻿354,284,385,284,385,318,354,318,𠄼
﻿354,318,385,318,385,351,354,351,𢆥
﻿354,351,385,351,385,385,354,385,吏
﻿354,385,385,385,385,418,354,418,﨤
﻿354,418,385,418,385,452,354,452,饒
﻿354,452,385,452,385,485,354,485,妬
﻿354,485,385,485,385,519,354,519,麻
﻿319,15,350,15,350,47,319,47,𢖵
﻿319,47,350,47,350,79,319,79,𣈜
﻿319,79,350,79,350,111,319,111,行
﻿319,111,350,111,350,143,319,143,脚
﻿319,143,350,143,350,175,319,175,方
﻿319,175,350,175,350,207,319,207,賒
﻿320,250,350,250,350,283,320,283,報
﻿320,283,350,283,350,317,320,317,師
﻿320,317,350,317,350,351,320,351,三
﻿320,351,350,351,350,385,320,385,合
﻿320,385,350,385,350,419,320,419,本
﻿320,419,350,419,350,453,320,453,󰑼
﻿320,453,350,453,350,487,320,487,先
﻿320,487,350,487,350,521,320,521,知
﻿287,12,315,12,315,44,287,44,保
﻿287,44,315,44,315,77,287,77,朱
﻿287,77,315,77,315,110,287,110,會
﻿287,110,315,110,315,142,287,142,合
﻿287,142,315,142,315,175,287,175,之
﻿287,175,315,175,315,208,287,208,期
﻿288,249,318,249,318,283,288,283,𢆥
﻿288,283,318,283,318,317,288,317,󰅒
﻿288,317,318,317,318,351,288,351,󰑼
﻿288,351,318,351,318,385,288,385,󰜋
﻿288,385,318,385,318,419,288,419,女
﻿288,419,318,419,318,453,288,453,時
﻿288,453,318,453,318,487,288,487,𠄼
﻿288,487,318,487,318,522,288,522,𢆥
﻿255,15,284,15,284,46,255,46,買
﻿255,46,284,46,284,77,255,77,咍
﻿255,77,284,77,284,108,255,108,前
﻿255,108,284,108,284,139,255,139,定
﻿255,139,284,139,284,170,255,170,𫽄
﻿255,170,284,170,284,202,255,202,啉
﻿256,252,287,252,287,285,256,285,㐌
﻿256,285,287,285,287,319,256,319,信
﻿256,319,287,319,287,353,256,353,調
﻿256,353,287,353,287,387,256,387,𠓀
﻿256,387,287,387,287,420,256,420,乙
﻿256,420,287,420,287,454,256,454,𥄮
﻿256,454,287,454,287,488,256,488,調
﻿256,488,287,488,287,522,256,522,𡢐
﻿222,15,253,15,253,47,222,47,群
﻿222,47,253,47,253,79,222,79,𡗉
﻿222,79,253,79,253,112,222,112,恩
﻿222,112,253,112,253,144,222,144,爱
﻿222,144,253,144,253,176,222,176,貝
﻿222,176,253,176,253,209,222,209,饒
﻿225,248,254,248,254,281,225,281,機
﻿225,281,254,281,254,315,225,315,緣
﻿225,315,254,315,254,349,225,349,芇
﻿225,349,254,349,254,383,225,383,㐌
﻿225,383,254,383,254,417,225,417,歇
﻿225,417,254,417,254,451,225,451,󰠲
﻿225,451,254,451,254,485,225,485,倍
﻿225,485,254,485,254,519,225,519,之
﻿189,13,219,13,219,45,189,45,娘
﻿189,45,219,45,219,78,189,78,浪
﻿189,78,219,78,219,110,189,110,前
﻿189,110,219,110,219,143,189,143,定
﻿189,143,219,143,219,175,189,175,先
﻿189,175,219,175,219,208,189,208,知
﻿192,253,222,253,222,286,192,286,𠳒
﻿192,286,222,286,222,320,192,320,師
﻿192,320,222,320,222,353,192,353,㐌
﻿192,353,222,353,222,387,192,387,𠰺
﻿192,387,222,387,222,421,192,421,乙
﻿192,421,222,421,222,454,192,454,時
﻿192,454,222,454,222,488,192,488,𫽄
﻿192,488,222,488,222,522,192,522,差
﻿160,14,187,14,187,46,160,46,和
﻿160,46,187,46,187,79,160,79,包
﻿160,79,187,79,187,112,160,112,𣇞
﻿160,112,187,112,187,144,160,144,固
﻿160,144,187,144,187,177,160,177,﨤
﻿160,177,187,177,187,210,160,210,𠊛
﻿162,251,190,251,190,284,162,284,爲
﻿162,284,190,284,190,318,162,318,碎
﻿162,318,190,318,190,352,162,352,𢚁
﻿162,352,190,352,190,386,162,386,𠳨
﻿162,386,190,386,190,419,162,419,󰜋
﻿162,419,190,419,190,453,162,453,𠳒
﻿162,453,190,453,190,487,162,487,終
﻿162,487,190,487,190,521,162,521,身
﻿128,12,156,12,156,45,128,45,𮗓
﻿128,45,156,45,156,78,128,78,緣
﻿128,78,156,78,156,111,128,111,𠳐
﻿128,111,156,111,156,144,128,144,吲
﻿128,144,156,144,156,177,128,177,慇
﻿128,177,156,177,156,210,128,210,懃
﻿129,251,159,251,159,284,129,284,謝
﻿129,284,159,284,159,317,129,317,辞
﻿129,317,159,317,159,350,129,350,脱
﻿129,350,159,350,159,383,129,383,㐌
﻿129,383,159,383,159,416,129,416,移
﻿129,416,159,416,159,449,129,449,雖
﻿129,449,159,449,159,482,129,482,𡎝
﻿129,482,159,482,159,515,129,515,外
﻿94,12,126,12,126,44,94,44,娘
﻿94,44,126,44,126,77,94,77,浪
﻿94,77,126,77,126,110,94,110,恩
﻿94,110,126,110,126,143,94,143,怨
﻿94,143,126,143,126,176,94,176,𫾐
﻿94,176,126,176,126,209,94,209,𢬗
﻿95,256,126,256,126,288,95,288,𣷭
﻿95,288,126,288,126,320,95,320,寃
﻿95,320,126,320,126,353,95,353,󰟯
﻿95,353,126,353,126,385,95,385,㐌
﻿95,385,126,385,126,417,95,417,潙
﻿95,417,126,417,126,450,95,450,潙
﻿95,450,126,450,126,482,95,482,競
﻿95,482,126,482,126,515,95,515,𢚸
﻿62,13,91,13,91,45,62,45,謝
﻿62,45,91,45,91,77,62,77,恩
﻿62,77,91,77,91,109,62,109,𥛉
﻿62,109,91,109,91,141,62,141,畧
﻿62,141,91,141,91,173,62,173,徐
﻿62,173,91,173,91,206,62,206,公
﻿64,254,92,254,92,287,64,287,拙
﻿64,287,92,287,92,320,64,320,身
﻿64,320,92,320,92,353,64,353,蒲
﻿64,353,92,353,92,386,64,386,柳
﻿64,386,92,386,92,419,64,419,麻
﻿64,419,92,419,92,452,64,452,蒙
﻿64,452,92,452,92,485,64,485,固
﻿64,485,92,485,92,518,64,518,𣈙
﻿27,15,59,15,59,47,27,47,濫
﻿27,47,59,47,59,80,27,80,洳
﻿27,80,59,80,59,112,27,112,𩆷
﻿27,112,59,112,59,145,27,145,𬰓
﻿27,145,59,145,59,177,27,177,𦋦
﻿27,177,59,177,59,210,27,210,𢬣
﻿27,246,63,246,63,279,27,279,𡬷
﻿27,279,63,279,63,313,27,313,貞
﻿27,313,63,313,63,346,27,346,如
﻿27,346,63,346,63,380,27,380,拮
﻿27,380,63,380,63,414,27,414,挭
﻿27,414,63,414,63,447,27,447,苔
﻿27,447,63,447,63,481,27,481,覩
﻿27,481,63,481,63,515,27,515,𠫾
