383,13,414,13,414,45,383,45,𠳨
﻿383,45,414,45,414,77,383,77,𠸜
﻿383,77,414,77,414,109,383,109,浪
﻿383,109,414,109,414,141,383,141,馬
﻿383,141,414,141,414,173,383,173,監
﻿383,173,414,173,414,205,383,205,生
﻿390,251,419,251,419,284,390,284,𠳨
﻿390,284,419,284,419,317,390,317,表
﻿390,317,419,317,419,350,390,350,浪
﻿390,350,419,350,419,384,390,384,縣
﻿390,384,419,384,419,417,390,417,臨
﻿390,417,419,417,419,450,390,450,清
﻿390,450,419,450,419,483,390,483,𢳀
﻿390,483,419,483,419,517,390,517,𧵆
﻿352,14,382,14,382,45,352,45,過
﻿352,45,382,45,382,77,352,77,年
﻿352,77,382,77,382,109,352,109,𡒔
﻿352,109,382,109,382,141,352,141,外
﻿352,141,382,141,382,173,352,173,𦊛
﻿352,173,382,173,382,205,352,205,旬
﻿355,252,387,252,387,285,355,285,󰟎
﻿355,285,387,285,387,318,355,318,𫙂
﻿355,318,387,318,387,351,355,351,忍
﻿355,351,387,351,387,384,355,384,隊
﻿355,384,387,384,387,417,355,417,𬡢
﻿355,417,387,417,387,450,355,450,󰟏
﻿355,450,387,450,387,483,355,483,炳
﻿355,483,387,483,387,517,355,517,包
﻿316,14,351,14,351,46,316,46,𠓀
﻿316,46,351,46,351,78,316,78,柴
﻿316,78,351,78,351,110,316,110,𡢐
﻿316,110,351,110,351,142,316,142,伵
﻿316,142,351,142,351,174,316,174,㖔
﻿316,174,351,174,351,206,316,206,𡁞
﻿324,256,353,256,353,288,324,288,如
﻿324,288,353,288,353,321,324,321,冰
﻿324,321,353,321,353,353,324,353,迻
﻿324,353,353,353,353,386,324,386,䋦
﻿324,386,353,386,353,418,324,418,逴
﻿324,418,353,418,353,451,324,451,𠓨
﻿324,451,353,451,353,483,324,483,楼
﻿324,483,353,483,353,516,324,516,粧
﻿286,14,314,14,314,46,286,46,㨳
﻿286,46,314,46,314,78,286,78,𨕭
﻿286,78,314,78,314,111,286,111,𡎦
﻿286,111,314,111,314,143,286,143,卒
﻿286,143,314,143,314,175,286,175,産
﻿286,175,314,175,314,208,286,208,床
﻿290,253,322,253,322,286,290,286,󰟀
﻿290,286,322,286,322,319,290,319,𥪞
﻿290,319,322,319,322,352,290,352,䋦
﻿290,352,322,352,322,385,290,385,㐌
﻿290,385,322,385,322,418,290,418,𠽖
﻿290,418,322,418,322,451,290,451,娘
﻿290,451,322,451,322,484,290,484,急
﻿290,484,322,484,322,517,290,517,𦋦
﻿254,15,284,15,284,47,254,47,浽
﻿254,47,284,47,284,79,254,79,命
﻿254,79,284,79,284,111,254,111,添
﻿254,111,284,111,284,143,254,143,息
﻿254,143,284,143,284,175,254,175,浽
﻿254,175,284,175,284,208,254,208,茹
﻿255,253,288,253,288,286,255,286,㙴
﻿255,286,288,286,288,319,255,319,花
﻿255,319,288,319,288,352,255,352,󰜋
﻿255,352,288,352,288,385,255,385,𨀈
﻿255,385,288,385,288,418,255,418,淚
﻿255,418,288,418,288,451,255,451,花
﻿255,451,288,451,288,484,255,484,󰋇
﻿255,484,288,484,288,518,255,518,行
﻿221,16,253,16,253,48,221,48,礙
﻿221,48,253,48,253,80,221,80,顒
﻿221,80,253,80,253,112,221,112,憚
﻿221,112,253,112,253,144,221,144,󰊄
﻿221,144,253,144,253,176,221,176,𠲖
﻿221,176,253,176,253,208,221,208,霜
﻿222,255,253,255,253,287,222,287,疑
﻿222,287,253,287,253,320,222,320,花
﻿222,320,253,320,253,352,222,352,䏾
﻿222,352,253,352,253,385,222,385,𢢆
﻿222,385,253,385,253,418,222,418,𬖉
﻿222,418,253,418,253,450,222,450,𦎛
﻿222,450,253,450,253,483,222,483,󰘚
﻿222,483,253,483,253,516,222,516,𪠗
﻿185,16,220,16,220,48,185,48,䋦
﻿185,48,220,48,220,80,185,80,強
﻿185,80,220,80,220,112,185,112,援
﻿185,112,220,112,220,144,185,144,𩅘
﻿185,144,220,144,220,176,185,176,扒
﻿185,176,220,176,220,209,185,209,𢬣
﻿189,254,221,254,221,287,189,287,󰞺
﻿189,287,221,287,221,320,189,320,𢞂
﻿189,320,221,320,221,353,189,353,如
﻿189,353,221,353,221,386,189,386,菊
﻿189,386,221,386,221,419,189,419,命
﻿189,419,221,419,221,452,189,452,𤷍
﻿189,452,221,452,221,485,189,485,如
﻿189,485,221,485,221,519,189,519,枚
﻿154,20,183,20,183,51,154,51,旦
﻿154,51,183,51,183,83,154,83,都
﻿154,83,183,83,183,114,154,114,斤
﻿154,114,183,114,183,146,154,146,色
﻿154,146,183,146,183,177,154,177,斤
﻿154,177,183,177,183,209,154,209,才
﻿157,254,188,254,188,287,157,287,押
﻿157,287,188,287,188,320,157,320,宮
﻿157,320,188,320,188,353,157,353,琴
﻿157,353,188,353,188,386,157,386,月
﻿157,386,188,386,188,419,157,419,此
﻿157,419,188,419,188,452,157,452,牌
﻿157,452,188,452,188,485,157,485,𦑗
﻿157,485,188,485,188,518,157,518,詩
﻿121,19,153,19,153,51,121,51,󰚷
﻿121,51,153,51,153,83,121,83,濃
﻿121,83,153,83,153,115,121,115,󰜋
﻿121,115,153,115,153,147,121,147,𨤔
﻿121,147,153,147,153,179,121,179,󰜋
﻿121,179,153,179,153,211,121,211,於
﻿122,257,156,257,156,289,122,289,平
﻿122,289,156,289,156,322,122,322,𢚸
﻿122,322,156,322,156,354,122,354,客
﻿122,354,156,354,156,387,122,387,買
﻿122,387,156,387,156,420,122,420,隨
﻿122,420,156,420,156,452,122,452,機
﻿122,452,156,452,156,485,122,485,迭
﻿122,485,156,485,156,518,122,518,迢
﻿88,18,119,18,119,50,88,50,浪
﻿88,50,119,50,119,82,88,82,摸
﻿88,82,119,82,119,115,88,115,玉
﻿88,115,119,115,119,147,88,147,典
﻿88,147,119,147,119,179,88,179,藍
﻿88,179,119,179,119,212,88,212,橋
﻿91,255,122,255,122,287,91,287,聘
﻿91,287,122,287,122,320,91,320,𪟽
﻿91,320,122,320,122,352,91,352,𠳐
﻿91,352,122,352,122,385,91,385,𠰺
﻿91,385,122,385,122,418,91,418,包
﻿91,418,122,418,122,450,91,450,饒
﻿91,450,122,450,122,483,91,483,帝
﻿91,483,122,483,122,516,91,516,呈
﻿55,19,86,19,86,51,55,51,䋦
﻿55,51,86,51,86,83,55,83,浪
﻿55,83,86,83,86,115,55,115,當
﻿55,115,86,115,86,147,55,147,價
﻿55,147,86,147,86,179,55,179,𠦳
﻿55,179,86,179,86,212,55,212,鐄
﻿58,255,88,255,88,287,58,287,﨤
﻿58,287,88,287,88,320,58,320,茹
﻿58,320,88,320,88,353,58,353,洳
﻿58,353,88,353,88,386,58,386,量
﻿58,386,88,386,88,419,58,419,𠊛
﻿58,419,88,419,88,452,58,452,傷
﻿58,452,88,452,88,485,58,485,敢
﻿58,485,88,485,88,518,58,518,奈
﻿24,20,52,20,52,52,24,52,𪂲
﻿24,52,52,52,52,84,24,84,掑
﻿24,84,52,84,52,116,24,116,扒
﻿24,116,52,116,52,148,24,148,󰜋
﻿24,148,52,148,52,180,24,180,添
﻿24,180,52,180,52,212,24,212,𠄩
﻿24,252,56,252,56,285,24,285,𣇞
﻿24,285,56,285,56,318,24,318,𥹰
﻿24,318,56,318,56,351,24,351,我
﻿24,351,56,351,56,385,24,385,價
﻿24,385,56,385,56,418,24,418,𠳐
﻿24,418,56,418,56,451,24,451,外
﻿24,451,56,451,56,484,24,484,𦊚
﻿24,484,56,484,56,518,24,518,𤾓
