375,9,405,9,405,41,375,41,欣
﻿375,41,405,41,405,73,375,73,調
﻿375,73,405,73,405,105,375,105,酉
﻿375,105,405,105,405,137,375,137,虐
﻿375,137,405,137,405,169,375,169,酉
﻿375,169,405,169,405,202,375,202,吹
﻿374,247,408,247,408,279,374,279,吏
﻿374,279,408,279,408,312,374,312,芒
﻿374,312,408,312,408,345,374,345,仍
﻿374,345,408,345,408,378,374,378,𭛣
﻿374,378,408,378,408,411,374,411,󰟴
﻿374,411,408,411,408,444,374,444,𡗶
﻿374,444,408,444,408,477,374,477,典
﻿374,477,408,477,408,510,374,510,𡢐
﻿341,8,372,8,372,40,341,40,傷
﻿341,40,372,40,372,73,341,73,饒
﻿341,73,372,73,372,106,341,106,吀
﻿341,106,372,106,372,139,341,139,𢖵
﻿341,139,372,139,372,172,341,172,𠳒
﻿341,172,372,172,372,205,341,205,饒
﻿343,246,372,246,372,278,343,278,𢆥
﻿343,278,372,278,372,311,343,311,迡
﻿343,311,372,311,372,344,343,344,拱
﻿343,344,372,344,372,377,343,377,拯
﻿343,377,372,377,372,410,343,410,𠫾
﻿343,410,372,410,372,443,343,443,兜
﻿343,443,372,443,372,476,343,476,𦓡
﻿343,476,372,476,372,509,343,509,迡
﻿306,6,340,6,340,39,306,39,𡃹
﻿306,39,340,39,340,72,306,72,迻
﻿306,72,340,72,340,105,306,105,𢖵
﻿306,105,340,105,340,138,306,138,𩛷
﻿306,138,340,138,340,171,306,171,𣋚
﻿306,171,340,171,340,204,306,204,󰅒
﻿309,245,341,245,341,278,309,278,𡃹
﻿309,278,341,278,341,311,309,311,𢜠
﻿309,311,341,311,341,344,309,344,吀
﻿309,344,341,344,341,377,309,377,待
﻿309,377,341,377,341,410,309,410,𣎀
﻿309,410,341,410,341,443,309,443,尼
﻿309,443,341,443,341,476,309,476,𢆥
﻿309,476,341,476,341,510,309,510,𡢐
﻿274,8,305,8,305,40,274,40,𠊛
﻿274,40,305,40,305,73,274,73,蓮
﻿274,73,305,73,305,105,274,105,馭
﻿274,105,305,105,305,138,274,138,几
﻿274,138,305,138,305,170,274,170,𢺺
﻿274,170,305,170,305,203,274,203,袍
﻿277,245,305,245,305,277,277,277,棱
﻿277,277,305,277,305,310,277,310,󰊈
﻿277,310,305,310,305,343,277,343,秋
﻿277,343,305,343,305,376,277,376,㐌
﻿277,376,305,376,305,409,277,409,染
﻿277,409,305,409,305,442,277,442,牟
﻿277,442,305,442,305,475,277,475,関
﻿277,475,305,475,305,508,277,508,山
﻿242,6,273,6,273,39,242,39,埮
﻿242,39,273,39,273,72,242,72,紅
﻿242,72,273,72,273,105,242,105,𣻃
﻿242,105,273,105,273,138,242,138,捲
﻿242,138,273,138,273,171,242,171,征
﻿242,171,273,171,273,204,242,204,鞍
﻿240,246,274,246,274,278,240,278,𬖉
﻿240,278,274,278,274,311,240,311,𠊛
﻿240,311,274,311,274,344,240,344,㐌
﻿240,344,274,344,274,377,240,377,屈
﻿240,377,274,377,274,410,240,410,󰋇
﻿240,410,274,410,274,443,240,443,岸
﻿240,443,274,443,274,476,240,476,橷
﻿240,476,274,476,274,509,240,509,撑
﻿209,5,240,5,240,38,209,38,𠊛
﻿209,38,240,38,240,71,209,71,𧗱
﻿209,71,240,71,240,105,209,105,隻
﻿209,105,240,105,240,138,209,138,䏾
﻿209,138,240,138,240,171,209,171,𢆥
﻿209,171,240,171,240,205,209,205,更
﻿212,250,239,250,239,282,212,282,几
﻿212,282,239,282,239,314,212,314,𠫾
﻿212,314,239,314,239,346,212,346,𰿘
﻿212,346,239,346,239,378,212,378,埮
﻿212,378,239,378,239,410,212,410,󰜋
﻿212,410,239,410,239,442,212,442,命
﻿212,442,239,442,239,474,212,474,賒
﻿212,474,239,474,239,506,212,506,吹
﻿175,6,207,6,207,39,175,39,暈
﻿175,39,207,39,207,72,175,72,𦝄
﻿175,72,207,72,207,105,175,105,埃
﻿175,105,207,105,207,138,175,138,仕
﻿175,138,207,138,207,171,175,171,爫
﻿175,171,207,171,207,204,175,204,堆
﻿176,247,210,247,210,280,176,280,姅
﻿176,280,210,280,210,313,176,313,印
﻿176,313,210,313,210,346,176,346,󰟵
﻿176,346,210,346,210,379,176,379,隻
﻿176,379,210,379,210,412,176,412,姅
﻿176,412,210,412,210,445,176,445,𤐝
﻿176,445,210,445,210,478,176,478,𨤮
﻿176,478,210,478,210,511,176,511,𨱽
﻿144,8,173,8,173,40,144,40,計
﻿144,40,173,40,173,73,144,73,之
﻿144,73,173,73,173,105,144,105,仍
﻿144,105,173,105,173,138,144,138,浽
﻿144,138,173,138,173,170,144,170,育
﻿144,170,173,170,173,203,144,203,唐
﻿144,245,174,245,174,278,144,278,房
﻿144,278,174,278,174,311,144,311,𥪞
﻿144,311,174,311,174,345,144,345,尼
﻿144,345,174,345,174,378,144,378,浽
﻿144,378,174,378,174,411,144,411,主
﻿144,411,174,411,174,445,144,445,張
﻿144,445,174,445,174,478,144,478,於
﻿144,478,174,478,174,512,144,512,茹
﻿113,7,139,7,139,39,113,39,本
﻿113,39,139,39,139,72,113,72,𣳔
﻿113,72,139,72,139,104,113,104,户
﻿113,104,139,104,139,137,113,137,宦
﻿113,137,139,137,139,169,113,169,名
﻿113,169,139,169,139,202,113,202,家
﻿113,246,142,246,142,279,113,279,𡥵
﻿113,279,142,279,142,312,113,312,官
﻿113,312,142,312,142,345,113,345,吏
﻿113,345,142,345,142,378,113,378,部
﻿113,378,142,378,142,411,113,411,𠸜
﻿113,411,142,411,142,444,113,444,󰑼
﻿113,444,142,444,142,477,113,477,宦
﻿113,477,142,477,142,510,113,510,書
﻿78,6,112,6,112,38,78,38,緣
﻿78,38,112,38,112,71,78,71,藤
﻿78,71,112,71,112,104,78,104,順
﻿78,104,112,104,112,136,78,136,裊
﻿78,136,112,136,112,169,78,169,󰊄
﻿78,169,112,169,112,202,78,202,迻
﻿79,246,111,246,111,279,79,279,共
﻿79,279,111,279,111,312,79,312,払
﻿79,312,111,312,111,345,79,345,結
﻿79,345,111,345,111,378,79,378,𩯀
﻿79,378,111,378,111,411,79,411,車
﻿79,411,111,411,111,444,79,444,絲
﻿79,444,111,444,111,477,79,477,仍
﻿79,477,111,477,111,510,79,510,𣈜
﻿46,9,76,9,76,40,46,40,於
﻿46,40,76,40,76,72,46,72,咹
﻿46,72,76,72,76,103,46,103,時
﻿46,103,76,103,76,135,46,135,󰞺
﻿46,135,76,135,76,166,46,166,拱
﻿46,166,76,166,76,198,46,198,咍
﻿46,246,77,246,77,279,46,279,呐
﻿46,279,77,279,77,312,46,312,調
﻿46,312,77,312,77,345,46,345,緘
﻿46,345,77,345,77,378,46,378,纀
﻿46,378,77,378,77,411,46,411,時
﻿46,411,77,411,77,444,46,444,𢬣
﻿46,444,77,444,77,477,46,477,拱
﻿46,477,77,477,77,510,46,510,𫅷
﻿12,9,43,9,43,41,12,41,自
﻿12,41,43,41,43,73,12,73,𦖑
﻿12,73,43,73,43,106,12,106,園
﻿12,106,43,106,43,138,12,138,買
﻿12,138,43,138,43,170,12,170,添
﻿12,170,43,170,43,203,12,203,花
﻿11,248,44,248,44,280,11,280,𠰘
﻿11,280,44,280,44,312,11,312,𠊛
﻿11,312,44,312,44,344,11,344,㐌
﻿11,344,44,344,44,377,11,377,𡗋
﻿11,377,44,377,44,409,11,409,信
﻿11,409,44,409,44,441,11,441,茹
﻿11,441,44,441,44,473,11,473,時
﻿11,473,44,473,44,506,11,506,空
