366,6,399,6,399,38,366,38,渃
﻿366,38,399,38,399,70,366,70,㵢
﻿366,70,399,70,399,102,366,102,花
﻿366,102,399,102,399,134,366,134,用
﻿366,134,399,134,399,166,366,166,㐌
﻿366,166,399,166,399,198,366,198,安
﻿369,241,401,241,401,273,369,273,咍
﻿369,273,401,273,401,305,369,305,兜
﻿369,305,401,305,401,338,369,338,地
﻿369,338,401,338,401,370,369,370,獄
﻿369,370,401,370,401,402,369,402,於
﻿369,402,401,402,401,435,369,435,沔
﻿369,435,401,435,401,467,369,467,人
﻿369,467,401,467,401,500,369,500,間
﻿332,9,363,9,363,40,332,40,犬
﻿332,40,363,40,363,72,332,72,鷹
﻿332,72,363,72,363,103,332,103,㐌
﻿332,103,363,103,363,135,332,135,担
﻿332,135,363,135,363,166,332,166,謀
﻿332,166,363,166,363,198,332,198,好
﻿335,243,366,243,366,275,335,275,域
﻿335,275,366,275,366,307,335,307,娘
﻿335,307,366,307,366,339,335,339,迻
﻿335,339,366,339,366,371,335,371,𫴋
﻿335,371,366,371,366,403,335,403,底
﻿335,403,366,403,366,435,335,435,安
﻿335,435,366,435,366,467,335,467,𠁑
﻿335,467,366,467,366,499,335,499,船
﻿301,9,331,9,331,40,301,40,帆
﻿301,40,331,40,331,72,301,72,高
﻿301,72,331,72,331,103,301,103,撩
﻿301,103,331,103,331,135,301,135,𥊣
﻿301,135,331,135,331,166,301,166,𦑃
﻿301,166,331,166,331,198,301,198,耑
﻿302,242,333,242,333,274,302,274,提
﻿302,274,333,274,333,306,302,306,澄
﻿302,306,333,306,333,338,302,338,縣
﻿302,338,333,338,333,371,302,371,錫
﻿302,371,333,371,333,403,302,403,氷
﻿302,403,333,403,333,435,302,435,沔
﻿302,435,333,435,333,467,302,467,越
﻿302,467,333,467,333,500,302,500,𨖅
﻿267,9,299,9,299,40,267,40,㨋
﻿267,40,299,40,299,72,267,72,渡
﻿267,72,299,72,299,104,267,104,蓮
﻿267,104,299,104,299,135,267,135,𠓀
﻿267,135,299,135,299,167,267,167,󱚷
﻿267,167,299,167,299,199,267,199,堂
﻿270,241,301,241,301,273,270,273,犬
﻿270,273,301,273,301,305,270,305,鷹
﻿270,305,301,305,301,338,270,338,𠄩
﻿270,338,301,338,301,370,270,370,𠀲
﻿270,370,301,370,301,402,270,402,納
﻿270,402,301,402,301,435,270,435,娘
﻿270,435,301,435,301,467,270,467,𤼸
﻿270,467,301,467,301,500,270,500,功
﻿233,10,266,10,266,41,233,41,域
﻿233,41,266,41,266,73,233,73,娘
﻿233,73,266,73,266,104,233,104,暫
﻿233,104,266,104,266,136,233,136,𫴋
﻿233,136,266,136,266,167,233,167,門
﻿233,167,266,167,266,199,233,199,房
﻿236,240,269,240,269,272,236,272,唉
﻿236,272,269,272,269,305,236,305,群
﻿236,305,269,305,269,337,236,337,帖
﻿236,337,269,337,269,370,236,370,妾
﻿236,370,269,370,269,403,236,403,聀
﻿236,403,269,403,269,435,236,435,燶
﻿236,435,269,435,269,468,236,468,渚
﻿236,468,269,468,269,501,236,501,派
﻿202,9,232,9,232,40,202,40,黄
﻿202,40,232,40,232,72,202,72,梁
﻿202,72,232,72,232,104,202,104,𦖑
﻿202,104,232,104,232,135,202,135,醒
﻿202,135,232,135,232,167,202,167,愧
﻿202,167,232,167,232,199,202,199,枚
﻿206,242,234,242,234,274,206,274,󰘇
﻿206,274,234,274,234,306,206,306,茹
﻿206,306,234,306,234,338,206,338,󰠲
﻿206,338,234,338,234,370,206,370,秩
﻿206,370,234,370,234,402,206,402,楼
﻿206,402,234,402,234,434,206,434,󰉟
﻿206,434,234,434,234,466,206,466,芇
﻿206,466,234,466,234,499,206,499,低
﻿170,8,201,8,201,39,170,39,傍
﻿170,39,201,39,201,71,170,71,徨
﻿170,71,201,71,201,103,170,103,󰇾
﻿170,103,201,103,201,135,170,135,醒
﻿170,135,201,135,201,167,170,167,󰇾
﻿170,167,201,167,201,199,170,199,醝
﻿171,244,203,244,203,276,171,276,󱚷
﻿171,276,203,276,203,308,171,308,堂
﻿171,308,203,308,203,340,171,340,𠻵
﻿171,340,203,340,203,372,171,372,㗂
﻿171,372,203,372,203,404,171,404,隊
﻿171,404,203,404,203,436,171,436,𣦍
﻿171,436,203,436,203,468,171,468,蓮
﻿171,468,203,468,203,500,171,500,候
﻿137,11,168,11,168,42,137,42,阿
﻿137,42,168,42,168,73,137,73,鬟
﻿137,73,168,73,168,104,137,104,𨕭
﻿137,104,168,104,168,135,137,135,𠁑
﻿137,135,168,135,168,166,137,166,隊
﻿137,166,168,166,168,197,137,197,毛
﻿139,241,169,241,169,273,139,273,害
﻿139,273,169,273,169,305,139,305,䧺
﻿139,305,169,305,169,337,139,337,娘
﻿139,337,169,337,169,370,139,370,買
﻿139,370,169,370,169,402,139,402,蹺
﻿139,402,169,402,169,434,139,434,𡢐
﻿139,434,169,434,169,466,139,466,󰜋
﻿139,466,169,466,169,499,139,499,𠊛
﻿105,10,136,10,136,41,105,41,𥆾
﻿105,41,136,41,136,72,105,72,𬖉
﻿105,72,136,72,136,103,105,103,座
﻿105,103,136,103,136,134,105,134,曠
﻿105,134,136,134,136,165,105,165,圯
﻿105,165,136,165,136,196,105,196,𨱽
﻿104,241,136,241,136,273,104,273,天
﻿104,273,136,273,136,305,104,305,官
﻿104,305,136,305,136,337,104,337,冡
﻿104,337,136,337,136,369,104,369,宰
﻿104,369,136,369,136,401,104,401,固
﻿104,401,136,401,136,433,104,433,排
﻿104,433,136,433,136,465,104,465,撩
﻿104,465,136,465,136,497,104,497,𨖲
﻿73,10,103,10,103,40,73,40,班
﻿73,40,103,40,103,71,73,71,𣈜
﻿73,71,103,71,103,102,73,102,蠟
﻿73,102,103,102,103,132,73,132,𤏧
﻿73,132,103,132,103,163,73,163,𠄩
﻿73,163,103,163,103,194,73,194,边
﻿71,238,102,238,102,270,71,270,𨕭
﻿71,270,102,270,102,303,71,303,床
﻿71,303,102,303,102,335,71,335,七
﻿71,335,102,335,102,368,71,368,寶
﻿71,368,102,368,102,400,71,400,𡎦
﻿71,400,102,400,102,433,71,433,𨕭
﻿71,433,102,433,102,465,71,465,󰜋
﻿71,465,102,465,102,498,71,498,󰜏
﻿40,7,71,7,71,38,40,38,𠲟
﻿40,38,71,38,71,69,40,69,𠴛
﻿40,69,71,69,71,100,40,100,𦰟
﻿40,100,71,100,71,131,40,131,𠳨
﻿40,131,71,131,71,162,40,162,梗
﻿40,162,71,162,71,193,40,193,查
﻿37,238,68,238,68,270,37,270,事
﻿37,270,68,270,68,303,37,303,命
﻿37,303,68,303,68,335,37,335,娘
﻿37,335,68,335,68,368,37,368,㐌
﻿37,368,68,368,68,400,37,400,據
﻿37,400,68,400,68,433,37,433,麻
﻿37,433,68,433,68,465,37,465,𠳚
﻿37,465,68,465,68,498,37,498,申
﻿9,8,36,8,36,39,9,39,不
﻿9,39,36,39,36,70,9,70,情
﻿9,70,36,70,36,101,9,101,浽
﻿9,101,36,101,36,132,9,132,陣
﻿9,132,36,132,36,163,9,163,𩄲
﻿9,163,36,163,36,194,9,194,湄
﻿9,238,36,238,36,270,9,270,𭛣
﻿9,270,36,270,36,303,9,303,娘
﻿9,303,36,303,36,335,9,335,仍
﻿9,335,36,335,36,368,9,368,𥞁
﻿9,368,36,368,36,400,9,400,巴
﻿9,400,36,400,36,433,9,433,蜍
﻿9,433,36,433,36,465,9,465,悁
﻿9,465,36,465,36,498,9,498,身
