342,9,374,9,374,44,342,44,了
﻿342,44,374,44,374,79,342,79,鬟
﻿342,79,374,79,374,114,342,114,𨕭
﻿342,114,374,114,374,149,342,149,󰡎
﻿342,149,374,149,374,184,342,184,𠽖
﻿342,184,374,184,374,219,342,219,毛
﻿343,277,374,277,374,310,343,310,駭
﻿343,310,374,310,374,344,343,344,䧺
﻿343,344,374,344,374,378,343,378,娘
﻿343,378,374,378,374,412,343,412,買
﻿343,412,374,412,374,446,343,446,蹺
﻿343,446,374,446,374,480,343,480,𨍦
﻿343,480,374,480,374,514,343,514,每
﻿343,514,374,514,374,548,343,548,㝵
﻿305,11,338,11,338,45,305,45,𥋷
﻿305,45,338,45,338,80,305,80,𬖉
﻿305,80,338,80,338,114,305,114,座
﻿305,114,338,114,338,149,305,149,曠
﻿305,149,338,149,338,183,305,183,圯
﻿305,183,338,183,338,218,305,218,𨱽
﻿308,277,340,277,340,311,308,311,天
﻿308,311,340,311,340,345,308,345,官
﻿308,345,340,345,340,379,308,379,家
﻿308,379,340,379,340,414,308,414,宰
﻿308,414,340,414,340,448,308,448,󰡏
﻿308,448,340,448,340,482,308,482,排
﻿308,482,340,482,340,516,308,516,撩
﻿308,516,340,516,340,551,308,551,𨖲
﻿270,11,300,11,300,45,270,45,平
﻿270,45,300,45,300,79,270,79,𣈜
﻿270,79,300,79,300,113,270,113,𤓢
﻿270,113,300,113,300,147,270,147,𤏧
﻿270,147,300,147,300,181,270,181,𠄩
﻿270,181,300,181,300,216,270,216,边
﻿272,273,303,273,303,308,272,308,𨕭
﻿272,308,303,308,303,343,272,343,床
﻿272,343,303,343,303,378,272,378,七
﻿272,378,303,378,303,413,272,413,宝
﻿272,413,303,413,303,448,272,448,𡎢
﻿272,448,303,448,303,483,272,483,𨕭
﻿272,483,303,483,303,518,272,518,𠬠
﻿272,518,303,518,303,554,272,554,󰜏
﻿233,10,267,10,267,44,233,44,𠲟
﻿233,44,267,44,267,78,233,78,𠴛
﻿233,78,267,78,267,113,233,113,𦰟
﻿233,113,267,113,267,147,233,147,𠳨
﻿233,147,267,147,267,181,233,181,梗
﻿233,181,267,181,267,216,233,216,查
﻿235,273,268,273,268,308,235,308,事
﻿235,308,268,308,268,343,235,343,𠇮
﻿235,343,268,343,268,378,235,378,娘
﻿235,378,268,378,268,413,235,413,㐌
﻿235,413,268,413,268,448,235,448,拠
﻿235,448,268,448,268,483,235,483,麻
﻿235,483,268,483,268,518,235,518,𠳚
﻿235,518,268,518,268,553,235,553,䜹
﻿198,11,229,11,229,45,198,45,不
﻿198,45,229,45,229,80,198,80,情
﻿198,80,229,80,229,115,198,115,浽
﻿198,115,229,115,229,149,198,149,陣
﻿198,149,229,149,229,184,198,184,𫡮
﻿198,184,229,184,229,219,198,219,湄
﻿200,275,230,275,230,309,200,309,󰂋
﻿200,309,230,309,230,344,200,344,娘
﻿200,344,230,344,230,379,200,379,仍
﻿200,379,230,379,230,414,200,414,󰡔
﻿200,414,230,414,230,448,200,448,巴
﻿200,448,230,448,230,483,200,483,蜍
﻿200,483,230,483,230,518,200,518,悁
﻿200,518,230,518,230,553,200,553,身
﻿160,10,193,10,193,44,160,44,昆
﻿160,44,193,44,193,78,160,78,尼
﻿160,78,193,78,193,112,160,112,庄
﻿160,112,193,112,193,146,160,146,沛
﻿160,146,193,146,193,180,160,180,善
﻿160,180,193,180,193,215,160,215,人
﻿161,274,196,274,196,308,161,308,庄
﻿161,308,196,308,196,343,161,343,牟
﻿161,343,196,343,196,378,161,378,遁
﻿161,378,196,378,196,413,161,413,主
﻿161,413,196,413,196,447,161,447,時
﻿161,447,196,447,196,482,161,482,筠
﻿161,482,196,482,196,517,161,517,論
﻿161,517,196,517,196,552,161,552,𫯳
﻿126,9,158,9,158,43,126,43,𦋦
﻿126,43,158,43,158,78,126,78,從
﻿126,78,158,78,158,112,126,112,猫
﻿126,112,158,112,158,147,126,147,𡏢
﻿126,147,158,147,158,181,126,181,𪂮
﻿126,181,158,181,158,216,126,216,同
﻿127,272,158,272,158,306,127,306,𦋦
﻿127,306,158,306,158,341,127,341,從
﻿127,341,158,341,158,376,127,376,𨻫
﻿127,376,158,376,158,411,127,411,縱
﻿127,411,158,411,158,446,127,446,庄
﻿127,446,158,446,158,481,127,481,衝
﻿127,481,158,481,158,516,127,516,皮
﻿127,516,158,516,158,551,127,551,芇
﻿94,8,121,8,121,42,94,42,㐌
﻿94,42,121,42,121,77,94,77,󰝂
﻿94,77,121,77,121,112,94,112,𠇮
﻿94,112,121,112,121,146,94,146,半
﻿94,146,121,146,121,181,94,181,㪯
﻿94,181,121,181,121,216,94,216,蚤
﻿91,272,125,272,125,306,91,306,吏
﻿91,306,125,306,125,341,91,341,群
﻿91,341,125,341,125,376,91,376,共
﻿91,376,125,376,125,411,91,411,犬
﻿91,411,125,411,125,445,91,445,爫
﻿91,445,125,445,125,480,91,480,高
﻿91,480,125,480,125,515,91,515,砌
﻿91,515,125,515,125,550,91,550,尼
﻿58,7,89,7,89,41,58,41,家
﻿58,41,89,41,89,76,58,76,法
﻿58,76,89,76,89,110,58,110,󰠲
﻿58,110,89,110,89,145,58,145,𥘷
﻿58,145,89,145,89,179,58,179,怒
﻿58,179,89,179,89,214,58,214,𠖤
﻿57,273,88,273,88,307,57,307,唉
﻿57,307,88,307,88,342,57,342,朱
﻿57,342,88,342,88,377,57,377,𠀧
﻿57,377,88,377,88,412,57,412,󰁭
﻿57,412,88,412,88,446,57,446,別
﻿57,446,88,446,88,481,57,481,𢬣
﻿57,481,88,481,88,516,57,516,𠬠
﻿57,516,88,516,88,551,57,551,吝
﻿21,11,53,11,53,45,21,45,了
﻿21,45,53,45,53,79,21,79,鬟
﻿21,79,53,79,53,113,21,113,𨕭
﻿21,113,53,113,53,147,21,147,󰡎
﻿21,147,53,147,53,181,21,181,㖡
﻿21,181,53,181,53,216,21,216,噒
﻿20,273,52,273,52,366,20,366,#
﻿20,366,52,366,52,459,20,459,#
﻿20,459,52,459,52,552,20,552,#
