340,10,373,10,373,46,340,46,強
﻿340,46,373,46,373,82,340,82,𬂙
﻿340,82,373,82,373,119,340,119,󰘚
﻿340,119,373,119,373,155,340,155,強
﻿340,155,373,155,373,191,340,191,󰡢
﻿340,191,373,191,373,228,340,228,󰡣
﻿340,281,374,281,374,316,340,316,𫆧
﻿340,316,374,316,374,351,340,351,蟳
﻿340,351,374,351,374,387,340,387,隊
﻿340,387,374,387,374,422,340,422,󰞂
﻿340,422,374,422,374,457,340,457,如
﻿340,457,374,457,374,493,340,493,絲
﻿340,493,374,493,374,528,340,528,󰑚
﻿340,528,374,528,374,564,340,564,排
﻿304,10,336,10,336,46,304,46,𢜝
﻿304,46,336,46,336,82,304,82,威
﻿304,82,336,82,336,118,304,118,敢
﻿304,118,336,118,336,154,304,154,󰝸
﻿304,154,336,154,336,190,304,190,𠳐
﻿304,190,336,190,336,227,304,227,𠳒
﻿307,280,336,280,336,315,307,315,󱖺
﻿307,315,336,315,336,351,307,351,頭
﻿307,351,336,351,336,386,307,386,納
﻿307,386,336,386,336,422,307,422,𫴋
﻿307,422,336,422,336,458,307,458,𡑝
﻿307,458,336,458,336,493,307,493,梅
﻿307,493,336,493,336,529,307,529,𠬠
﻿307,529,336,529,336,565,307,565,󱴲
﻿267,11,299,11,299,46,267,46,生
﻿267,46,299,46,299,82,267,82,它
﻿267,82,299,82,299,118,267,118,魄
﻿267,118,299,118,299,153,267,153,落
﻿267,153,299,153,299,189,267,189,塊
﻿267,189,299,189,299,225,267,225,漂
﻿269,283,301,283,301,318,269,318,傷
﻿269,318,301,318,301,353,269,353,喂
﻿269,353,301,353,301,389,269,389,󰝸
﻿269,389,301,389,301,424,269,424,沛
﻿269,424,301,424,301,459,269,459,娘
﻿269,459,301,459,301,495,269,495,娇
﻿269,495,301,495,301,530,269,530,扵
﻿269,530,301,530,301,566,269,566,低
﻿234,10,262,10,262,45,234,45,因
﻿234,45,262,45,262,81,234,81,爫
﻿234,81,262,81,262,117,234,117,牢
﻿234,117,262,117,262,153,234,153,旦
﻿234,153,262,153,262,189,234,189,󰡫
﻿234,189,262,189,262,225,234,225,尼
﻿234,282,266,282,266,317,234,317,催
﻿234,317,266,317,266,353,234,353,催
﻿234,353,266,353,266,388,234,388,些
﻿234,388,266,388,266,424,234,424,㐌
﻿234,424,266,424,266,459,234,459,默
﻿234,459,266,459,266,495,234,495,𢬣
﻿234,495,266,495,266,530,234,530,它
﻿234,530,266,530,266,566,234,566,耒
﻿198,10,229,10,229,46,198,46,𢜝
﻿198,46,229,46,229,82,198,82,悁
﻿198,82,229,82,229,118,198,118,敢
﻿198,118,229,118,229,154,198,154,𠼯
﻿198,154,229,154,229,190,198,190,𫥨
﻿198,190,229,190,229,227,198,227,𠳒
﻿198,283,229,283,229,318,198,318,坤
﻿198,318,229,318,229,353,198,353,拫
﻿198,353,229,353,229,388,198,388,湥
﻿198,388,229,388,229,424,198,424,玉
﻿198,424,229,424,229,459,198,459,湥
﻿198,459,229,459,229,494,198,494,洡
﻿198,494,229,494,229,529,198,529,𡮈
﻿198,529,229,529,229,565,198,565,沙
﻿161,10,195,10,195,46,161,46,小
﻿161,46,195,46,195,82,161,82,姐
﻿161,82,195,82,195,118,161,118,𬂙
﻿161,118,195,118,195,154,161,154,󰘚
﻿161,154,195,154,195,190,161,190,𠳨
﻿161,190,195,190,195,227,161,227,查
﻿162,283,191,283,191,318,162,318,買
﻿162,318,191,318,191,353,162,353,󰡲
﻿162,353,191,353,191,388,162,388,󰡏
﻿162,388,191,388,191,424,162,424,𭛣
﻿162,424,191,424,191,459,162,459,之
﻿162,459,191,459,191,494,162,494,麻
﻿162,494,191,494,191,529,162,529,動
﻿162,529,191,529,191,565,162,565,容
﻿127,10,158,10,158,46,127,46,生
﻿127,46,158,46,158,82,127,82,浪
﻿127,82,158,82,158,118,127,118,孝
﻿127,118,158,118,158,154,127,154,服
﻿127,154,158,154,158,190,127,190,皮
﻿127,190,158,190,158,227,127,227,衝
﻿126,282,155,282,155,317,126,317,推
﻿126,317,155,317,155,352,126,352,𢚸
﻿126,352,155,352,155,387,126,387,陟
﻿126,387,155,387,155,422,126,422,𡵆
﻿126,422,155,422,155,457,126,457,𤴬
﻿126,457,155,457,155,492,126,492,𢚸
﻿126,492,155,492,155,527,126,527,冬
﻿126,527,155,527,155,562,126,562,天
﻿88,9,123,9,123,45,88,45,𠸦
﻿88,45,123,45,123,81,88,81,浪
﻿88,81,123,81,123,118,88,118,孝
﻿88,118,123,118,123,154,88,154,于
﻿88,154,123,154,123,190,88,190,㐌
﻿88,190,123,190,123,227,88,227,𢧚
﻿87,282,121,282,121,317,87,317,洗
﻿87,317,121,317,121,352,87,352,塵
﻿87,352,121,352,121,387,87,387,慢
﻿87,387,121,387,121,423,87,423,󱋓
﻿87,423,121,423,121,458,87,458,解
﻿87,458,121,458,121,493,87,493,煩
﻿87,493,121,493,121,528,87,528,店
﻿87,528,121,528,121,564,87,564,秋
﻿51,10,84,10,84,46,51,46,㛪
﻿51,46,84,46,84,82,51,82,𫯳
﻿51,82,84,82,84,118,51,118,󱋓
﻿51,118,84,118,84,154,51,154,酢
﻿51,154,84,154,84,190,51,190,󱋓
﻿51,190,84,190,84,227,51,227,酬
﻿49,282,81,282,81,317,49,317,扒
﻿49,317,81,317,81,352,49,352,娘
﻿49,352,81,352,81,387,49,387,𨅸
﻿49,387,81,387,81,422,49,422,植
﻿49,422,81,422,81,457,49,457,持
﻿49,457,81,457,81,492,49,492,壼
﻿49,492,81,492,81,527,49,527,𠄩
﻿49,527,81,527,81,562,49,562,尼
﻿17,11,47,11,47,46,17,46,扒
﻿17,46,47,46,47,82,17,82,寬
﻿17,82,47,82,47,118,17,118,扒
﻿17,118,47,118,47,154,17,154,日
﻿17,154,47,154,47,190,17,190,旦
﻿17,190,47,190,47,226,17,226,𠳒
﻿15,283,46,283,46,318,15,318,扒
﻿15,318,46,318,46,353,15,353,跪
﻿15,353,46,353,46,388,15,388,尽
﻿15,388,46,388,46,423,15,423,󰘚
﻿15,423,46,423,46,458,15,458,扒
﻿15,458,46,458,46,493,15,493,𨑮
﻿15,493,46,493,46,528,15,528,尽
﻿15,528,46,528,46,563,15,563,𢬣
