363,15,393,15,393,47,363,47,㐌
﻿363,47,393,47,393,80,363,80,𨃐
﻿363,80,393,80,393,113,363,113,𠓨
﻿363,113,393,113,393,146,363,146,刼
﻿363,146,393,146,393,179,363,179,風
﻿363,179,393,179,393,212,363,212,塵
﻿366,255,398,255,398,288,366,288,𫳵
﻿366,288,398,288,398,321,366,321,朱
﻿366,321,398,321,398,354,366,354,耻
﻿366,354,398,354,398,387,366,387,辱
﻿366,387,398,387,398,420,366,420,󰜋
﻿366,420,398,420,398,453,366,453,吝
﻿366,453,398,453,398,486,366,486,買
﻿366,486,398,486,398,519,366,519,催
﻿331,14,361,14,361,47,331,47,客
﻿331,47,361,47,361,80,331,80,遊
﻿331,80,361,80,361,113,331,113,俸
﻿331,113,361,113,361,146,331,146,固
﻿331,146,361,146,361,179,331,179,󰜋
﻿331,179,361,179,361,212,331,212,𠊛
﻿332,254,363,254,363,287,332,287,其
﻿332,287,363,287,363,321,332,321,心
﻿332,321,363,321,363,354,332,354,户
﻿332,354,363,354,363,388,332,388,束
﻿332,388,363,388,363,421,332,421,拱
﻿332,421,363,421,363,455,332,455,𣳔
﻿332,455,363,455,363,488,332,488,書
﻿332,488,363,488,363,522,332,522,香
﻿300,14,328,14,328,46,300,46,本
﻿300,46,328,46,328,79,300,79,𠊛
﻿300,79,328,79,328,112,300,112,縣
﻿300,112,328,112,328,144,300,144,錫
﻿300,144,328,144,328,177,300,177,州
﻿300,177,328,177,328,210,300,210,常
﻿301,252,329,252,329,285,301,285,蹺
﻿301,285,329,285,329,319,301,319,嚴
﻿301,319,329,319,329,353,301,353,堂
﻿301,353,329,353,329,387,301,387,𨷑
﻿301,387,329,387,329,420,301,420,𡾵
﻿301,420,329,420,329,454,301,454,行
﻿301,454,329,454,329,488,301,488,臨
﻿301,488,329,488,329,522,301,522,淄
﻿268,13,298,13,298,46,268,46,花
﻿268,46,298,46,298,79,268,79,魁
﻿268,79,298,79,298,112,268,112,慕
﻿268,112,298,112,298,145,268,145,㗂
﻿268,145,298,145,298,178,268,178,翹
﻿268,178,298,178,298,212,268,212,兒
﻿271,254,300,254,300,287,271,287,帖
﻿271,287,300,287,300,321,271,321,紅
﻿271,321,300,321,300,354,271,354,尋
﻿271,354,300,354,300,388,271,388,典
﻿271,388,300,388,300,422,271,422,香
﻿271,422,300,422,300,455,271,455,閨
﻿271,455,300,455,300,489,271,489,𠳚
﻿271,489,300,489,300,523,271,523,𠓨
﻿235,12,265,12,265,45,235,45,帳
﻿235,45,265,45,265,78,235,78,蘇
﻿235,78,265,78,265,111,235,111,夾
﻿235,111,265,111,265,144,235,144,󰘚
﻿235,144,265,144,265,177,235,177,花
﻿235,177,265,177,265,210,235,210,桃
﻿238,254,268,254,268,287,238,287,𨤔
﻿238,287,268,287,268,321,238,321,芇
﻿238,321,268,321,268,354,238,354,𫽄
﻿238,354,268,354,268,388,238,388,漫
﻿238,388,268,388,268,422,238,422,󰞺
﻿238,422,268,422,268,455,238,455,芇
﻿238,455,268,455,268,489,238,489,𫽄
﻿238,489,268,489,268,523,238,523,於
﻿205,13,233,13,233,45,205,45,海
﻿205,45,233,45,233,77,205,77,棠
﻿205,77,233,77,233,110,205,110,蔓
﻿205,110,233,110,233,142,205,142,蔓
﻿205,142,233,142,233,174,205,174,梗
﻿205,174,233,174,233,207,205,207,絲
﻿208,256,236,256,236,289,208,289,𣈜
﻿208,289,236,289,236,322,208,322,春
﻿208,322,236,322,236,356,208,356,強
﻿208,356,236,356,236,389,208,389,󰊄
﻿208,389,236,389,236,422,208,422,強
﻿208,422,236,422,236,456,208,456,湄
﻿208,456,236,456,236,489,208,489,強
﻿208,489,236,489,236,523,208,523,燶
﻿173,13,202,13,202,45,173,45,月
﻿173,45,202,45,202,78,173,78,花
﻿173,78,202,78,202,111,173,111,花
﻿173,111,202,111,202,144,173,144,月
﻿173,144,202,144,202,177,173,177,恼
﻿173,177,202,177,202,210,173,210,濃
﻿173,256,206,256,206,289,173,289,𣎀
﻿173,289,206,289,206,322,173,322,春
﻿173,322,206,322,206,356,173,356,埃
﻿173,356,206,356,206,389,173,389,易
﻿173,389,206,389,206,422,173,422,扲
﻿173,422,206,422,206,456,173,456,𢚸
﻿173,456,206,456,206,489,173,489,特
﻿173,489,206,489,206,523,173,523,庄
﻿140,14,170,14,170,46,140,46,𨔍
﻿140,46,170,46,170,78,140,78,之
﻿140,78,170,78,170,110,140,110,声
﻿140,110,170,110,170,142,140,142,氣
﻿140,142,170,142,170,174,140,174,𨤰
﻿140,174,170,174,170,207,140,207,恒
﻿142,253,171,253,171,286,142,286,󰜋
﻿142,286,171,286,171,320,142,320,𦀊
﻿142,320,171,320,171,354,142,354,󰜋
﻿142,354,171,354,171,388,142,388,纀
﻿142,388,171,388,171,422,142,422,埃
﻿142,422,171,422,171,456,142,456,扛
﻿142,456,171,456,171,490,142,490,朱
﻿142,490,171,490,171,524,142,524,𦋦
﻿107,12,137,12,137,45,107,45,󰟭
﻿107,45,137,45,137,78,107,78,桃
﻿107,78,137,78,137,111,107,111,最
﻿107,111,137,111,137,144,107,144,槾
﻿107,144,137,144,137,177,107,177,憐
﻿107,177,137,177,137,210,107,210,󰑼
﻿109,253,139,253,139,287,109,287,𠓀
﻿109,287,139,287,139,321,109,321,群
﻿109,321,139,321,139,355,109,355,𦝄
﻿109,355,139,355,139,389,109,389,󰊄
﻿109,389,139,389,139,423,109,423,𡢐
﻿109,423,139,423,139,457,109,457,𦋦
﻿109,457,139,457,139,491,109,491,𥒥
﻿109,491,139,491,139,526,109,526,鐄
﻿73,11,105,11,105,44,73,44,牒
﻿73,44,105,44,105,77,73,77,󰠲
﻿73,77,105,77,105,110,73,110,𠶣
﻿73,110,105,110,105,143,73,143,𠽊
﻿73,143,105,143,105,176,73,176,𨔍
﻿73,176,105,176,105,210,73,210,󰟯
﻿76,251,105,251,105,285,76,285,吏
﻿76,285,105,285,105,319,76,319,皮
﻿76,319,105,319,105,353,76,353,及
﻿76,353,105,353,105,387,76,387,曠
﻿76,387,105,387,105,421,76,421,椿
﻿76,421,105,421,105,455,76,455,堂
﻿76,455,105,455,105,489,76,489,吏
﻿76,489,105,489,105,523,76,523,圭
﻿43,14,71,14,71,45,43,45,生
﻿43,45,71,45,71,77,43,77,強
﻿43,77,71,77,71,109,43,109,󰜋
﻿43,109,71,109,71,140,43,140,醒
﻿43,140,71,140,71,172,43,172,𨑮
﻿43,172,71,172,71,204,43,204,迷
﻿44,252,73,252,73,285,44,285,𣈜
﻿44,285,73,285,73,319,44,319,春
﻿44,319,73,319,73,353,44,353,𡗋
﻿44,353,73,353,73,387,44,387,𣅶
﻿44,387,73,387,73,421,44,421,𠫾
﻿44,421,73,421,73,455,44,455,𧗱
﻿44,455,73,455,73,489,44,489,貝
﻿44,489,73,489,73,523,44,523,春
﻿10,14,41,14,41,46,10,46,欺
﻿10,46,41,46,41,79,10,79,󰊄
﻿10,79,41,79,41,112,10,112,閣
﻿10,112,41,112,41,144,10,144,欺
﻿10,144,41,144,41,177,10,177,𦝄
﻿10,177,41,177,41,210,10,210,𡑝
﻿11,252,42,252,42,285,11,285,瓢
﻿11,285,42,285,42,319,11,319,僊
﻿11,319,42,319,42,352,11,352,淬
﻿11,352,42,352,42,386,11,386,𨢇
﻿11,386,42,386,42,419,11,419,勾
﻿11,419,42,419,42,453,11,453,神
﻿11,453,42,453,42,486,11,486,浽
﻿11,486,42,486,42,520,11,520,詩
