341,11,375,11,375,47,341,47,車
﻿341,47,375,47,375,83,341,83,珠
﻿341,83,375,83,375,119,341,119,停
﻿341,119,375,119,375,155,341,155,軿
﻿341,155,375,155,375,191,341,191,𫔳
﻿341,191,375,191,375,227,341,227,外
﻿344,280,378,280,378,316,344,316,簾
﻿344,316,378,316,378,352,344,352,冲
﻿344,352,378,352,378,389,344,389,㐌
﻿344,389,378,389,378,425,344,425,体
﻿344,425,378,425,378,461,344,461,𠬠
﻿344,461,378,461,378,498,344,498,㝵
﻿344,498,378,498,378,534,344,534,𨀈
﻿344,534,378,534,378,571,344,571,𦋦
﻿303,11,337,11,337,47,303,47,脱
﻿303,47,337,47,337,83,303,83,𬂙
﻿303,83,337,83,337,119,303,119,𤁕
﻿303,119,337,119,337,155,303,155,𤁕
﻿303,155,337,155,337,191,303,191,牟
﻿303,191,337,191,337,227,303,227,𦝄
﻿309,283,341,283,341,318,309,318,咹
﻿309,318,341,318,341,354,309,354,之
﻿309,354,341,354,341,390,309,390,高
﻿309,390,341,390,341,426,309,426,𢀲
﻿309,426,341,426,341,462,309,462,𠰺
﻿309,462,341,462,341,498,309,498,它
﻿309,498,341,498,341,534,309,534,爫
﻿309,534,341,534,341,570,309,570,牢
﻿268,13,301,13,301,48,268,48,畧
﻿268,48,301,48,301,84,268,84,車
﻿268,84,301,84,301,120,268,120,雪
﻿268,120,301,120,301,155,268,155,吕
﻿268,155,301,155,301,191,268,191,嘆
﻿268,191,301,191,301,227,268,227,嘲
﻿272,282,304,282,304,318,272,318,𠳐
﻿272,318,304,318,304,354,272,354,𠳒
﻿272,354,304,354,304,390,272,390,娘
﻿272,390,304,390,304,426,272,426,買
﻿272,426,304,426,304,462,272,462,𨀈
﻿272,462,304,462,304,498,272,498,𠓨
﻿272,498,304,498,304,534,272,534,羡
﻿272,534,304,534,304,571,272,571,尼
﻿232,13,264,13,264,48,232,48,边
﻿232,48,264,48,264,84,232,84,時
﻿232,84,264,84,264,119,232,119,󰋇
﻿232,119,264,119,264,155,232,155,妸
﻿232,155,264,155,264,190,232,190,𪵟
﻿232,190,264,190,264,226,232,226,𧍋
﻿234,283,269,283,269,319,234,319,边
﻿234,319,269,319,269,355,234,355,時
﻿234,355,269,355,269,391,234,391,𡎢
﻿234,391,269,391,269,427,234,427,𦊚
﻿234,427,269,427,269,463,234,463,𠄼
﻿234,463,269,463,269,499,234,499,㝵
﻿234,499,269,499,269,535,234,535,廊
﻿234,535,269,535,269,572,234,572,制
﻿196,12,226,12,226,47,196,47,𡧲
﻿196,47,226,47,226,83,196,83,時
﻿196,83,226,83,226,119,196,119,香
﻿196,119,226,119,226,154,196,154,𤓢
﻿196,154,226,154,226,190,196,190,罕
﻿196,190,226,190,226,226,196,226,灰
﻿197,281,230,281,230,317,197,317,撩
﻿197,317,230,317,230,353,197,353,幀
﻿197,353,230,353,230,389,197,389,官
﻿197,389,230,389,230,425,197,425,圣
﻿197,425,230,425,230,461,197,461,𤽸
﻿197,461,230,461,230,497,197,497,堆
﻿197,497,230,497,230,533,197,533,󰋃
﻿197,533,230,533,230,570,197,570,𪵟
﻿159,8,192,8,192,44,159,44,楼
﻿159,44,192,44,192,81,159,81,撑
﻿159,81,192,81,192,117,159,117,捐
﻿159,117,192,117,192,154,159,154,𫮇
﻿159,154,192,154,192,190,159,190,初
﻿159,190,192,190,192,227,159,227,󰅒
﻿160,283,195,283,195,319,160,319,芸
﻿160,319,195,319,195,355,160,355,尼
﻿160,355,195,355,195,391,160,391,時
﻿160,391,195,391,195,427,160,427,𥙩
﻿160,427,195,427,195,463,160,463,𪪳
﻿160,463,195,463,195,499,160,499,尼
﻿160,499,195,499,195,535,160,535,先
﻿160,535,195,535,195,572,160,572,師
﻿124,11,155,11,155,46,124,46,香
﻿124,46,155,46,155,82,124,82,𣋚
﻿124,82,155,82,155,118,124,118,花
﻿124,118,155,118,155,154,124,154,󰉲
﻿124,154,155,154,155,190,124,190,奉
﻿124,190,155,190,155,226,124,226,賒
﻿126,283,157,283,157,319,126,319,姑
﻿126,319,157,319,157,355,126,355,芇
﻿126,355,157,355,157,391,126,391,醜
﻿126,391,157,391,157,427,126,427,𩴬
﻿126,427,157,427,157,463,126,463,朱
﻿126,463,157,463,157,499,126,499,䜹
﻿126,499,157,499,157,535,126,535,䋦
﻿126,535,157,535,157,572,126,572,行
﻿87,11,119,11,119,46,87,46,𪭯
﻿87,46,119,46,119,82,87,82,襜
﻿87,82,119,82,119,118,87,118,𢯰
﻿87,118,119,118,119,153,87,153,襖
﻿87,153,119,153,119,189,87,189,󱋓
﻿87,189,119,189,119,225,87,225,𠴔
﻿89,284,123,284,123,319,89,319,畧
﻿89,319,123,319,123,355,89,355,神
﻿89,355,123,355,123,390,89,390,仕
﻿89,390,123,390,123,426,89,426,願
﻿89,426,123,426,123,462,89,462,𤗖
﻿89,462,123,462,123,497,89,497,香
﻿89,497,123,497,123,533,89,533,淋
﻿89,533,123,533,123,569,89,569,滛
﻿50,12,84,12,84,47,50,47,対
﻿50,47,84,47,84,83,50,83,花
﻿50,83,84,83,84,119,50,119,𢯰
﻿50,119,84,119,84,154,50,154,𠁑
﻿50,154,84,154,84,190,50,190,袑
﻿50,190,84,190,84,226,50,226,𦣰
﻿53,282,86,282,86,318,53,318,𧊉
﻿53,318,86,318,86,354,53,354,蜂
﻿53,354,86,354,86,390,53,390,悲
﻿53,390,86,390,86,426,53,426,吏
﻿53,426,86,426,86,462,53,462,喑
﻿53,462,86,462,86,498,53,498,喑
﻿53,498,86,498,86,534,53,534,罒
﻿53,534,86,534,86,571,53,571,𡆫
﻿13,11,47,11,47,46,13,46,娇
﻿13,46,47,46,47,82,13,82,群
﻿13,82,47,82,47,118,13,118,料
﻿13,118,47,118,47,154,13,154,坦
﻿13,154,47,154,47,190,13,190,別
﻿13,190,47,190,47,226,13,226,之
﻿17,283,49,283,49,318,17,318,拠
﻿17,318,49,318,49,354,17,354,𠳒
﻿17,354,49,354,49,389,17,389,𥛉
﻿17,389,49,389,49,425,17,425,𬺗
﻿17,425,49,425,49,461,17,461,媒
﻿17,461,49,461,49,496,17,496,时
﻿17,496,49,496,49,532,17,532,𭝫
﻿17,532,49,532,49,568,17,568,𣦍
