378,10,410,10,410,42,378,42,払
﻿378,42,410,42,410,74,378,74,王
﻿378,74,410,74,410,107,378,107,捐
﻿378,107,410,107,410,139,378,139,󰘚
﻿378,139,410,139,410,171,378,171,𦋦
﻿378,171,410,171,410,204,378,204,嘲
﻿381,245,413,245,413,278,381,278,𠄩
﻿381,278,413,278,413,311,381,311,翹
﻿381,311,413,311,413,344,381,344,𠵱
﻿381,344,413,344,413,377,381,377,󰘚
﻿381,377,413,377,413,410,381,410,納
﻿381,410,413,410,413,443,381,443,𠓨
﻿381,443,413,443,413,476,381,476,𠁑
﻿381,476,413,476,413,510,381,510,花
﻿342,12,376,12,376,44,342,44,原
﻿342,44,376,44,376,76,342,76,𠊛
﻿342,76,376,76,376,108,342,108,觥
﻿342,108,376,108,376,140,342,140,橘
﻿342,140,376,140,376,172,342,172,󰠳
﻿342,172,376,172,376,205,342,205,賒
﻿350,246,379,246,379,279,350,279,户
﻿350,279,379,279,379,313,350,313,金
﻿350,313,379,313,379,346,350,346,𠸜
﻿350,346,379,346,379,380,350,380,重
﻿350,380,379,380,379,413,350,413,本
﻿350,413,379,413,379,447,350,447,茹
﻿350,447,379,447,379,480,350,480,簪
﻿350,480,379,480,379,514,350,514,纓
﻿313,10,340,10,340,42,313,42,𪤍
﻿313,42,340,42,340,75,313,75,富
﻿313,75,340,75,340,108,313,108,貴
﻿313,108,340,108,340,140,313,140,堛
﻿313,140,340,140,340,173,313,173,才
﻿313,173,340,173,340,206,313,206,名
﻿316,248,348,248,348,281,316,281,文
﻿316,281,348,281,348,314,316,314,章
﻿316,314,348,314,348,347,316,347,󰞺
﻿316,347,348,347,348,380,316,380,坦
﻿316,380,348,380,348,413,316,413,聰
﻿316,413,348,413,348,446,316,446,明
﻿316,446,348,446,348,479,316,479,性
﻿316,479,348,479,348,513,316,513,𡗶
﻿281,12,309,12,309,44,281,44,天
﻿281,44,309,44,309,76,281,76,資
﻿281,76,309,76,309,109,281,109,才
﻿281,109,309,109,309,141,281,141,貌
﻿281,141,309,141,309,173,281,173,捽
﻿281,173,309,173,309,206,281,206,撝
﻿283,249,314,249,314,282,283,282,𠓨
﻿283,282,314,282,314,315,283,315,𥪞
﻿283,315,314,315,314,348,283,348,風
﻿283,348,314,348,314,381,283,381,雅
﻿283,381,314,381,314,414,283,414,𦋦
﻿283,414,314,414,314,447,283,447,外
﻿283,447,314,447,314,480,283,480,豪
﻿283,480,314,480,314,514,283,514,花
﻿249,10,278,10,278,42,249,42,終
﻿249,42,278,42,278,75,249,75,觥
﻿249,75,278,75,278,107,249,107,刎
﻿249,107,278,107,278,140,249,140,坦
﻿249,140,278,140,278,172,249,172,渃
﻿249,172,278,172,278,205,249,205,茹
﻿252,250,281,250,281,283,252,283,貝
﻿252,283,281,283,281,316,252,316,王
﻿252,316,281,316,281,349,252,349,觀
﻿252,349,281,349,281,382,252,382,𫏾
﻿252,382,281,382,281,415,252,415,刎
﻿252,415,281,415,281,448,252,448,󰑼
﻿252,448,281,448,281,481,252,481,同
﻿252,481,281,481,281,514,252,514,親
﻿216,11,246,11,246,43,216,43,刎
﻿216,43,246,43,246,76,216,76,𦖑
﻿216,76,246,76,246,109,216,109,𦹳
﻿216,109,246,109,246,141,216,141,𠽋
﻿216,141,246,141,246,174,216,174,鄕
﻿216,174,246,174,246,207,216,207,隣
﻿219,250,250,250,250,283,219,283,没
﻿219,283,250,283,250,316,219,316,𪤍
﻿219,316,250,316,250,349,219,349,銅
﻿219,349,250,349,250,382,219,382,雀
﻿219,382,250,382,250,415,219,415,鎖
﻿219,415,250,415,250,448,219,448,春
﻿219,448,250,448,250,481,219,481,𠄩
﻿219,481,250,481,250,515,219,515,嬌
﻿185,13,215,13,215,45,185,45,渃
﻿185,45,215,45,215,77,185,77,𡽫
﻿185,77,215,77,215,109,185,109,隔
﻿185,109,215,109,215,141,185,141,󰋇
﻿185,141,215,141,215,173,185,173,󰟀
﻿185,173,215,173,215,205,185,205,桃
﻿188,250,218,250,218,282,188,282,仍
﻿188,282,218,282,218,315,188,315,󰑼
﻿188,315,218,315,218,348,188,348,濫
﻿188,348,218,348,218,381,188,381,唒
﻿188,381,218,381,218,414,188,414,󰠐
﻿188,414,218,414,218,447,188,447,妖
﻿188,447,218,447,218,480,188,480,祝
﻿188,480,218,480,218,513,188,513,蒙
﻿151,14,183,14,183,45,151,45,枚
﻿151,45,183,45,183,77,151,77,台
﻿151,77,183,77,183,109,151,109,解
﻿151,109,183,109,183,141,151,141,逅
﻿151,141,183,141,183,173,151,173,相
﻿151,173,183,173,183,205,151,205,逢
﻿157,252,186,252,186,284,157,284,﨤
﻿157,284,186,284,186,317,157,317,旬
﻿157,317,186,317,186,350,157,350,妬
﻿157,350,186,350,186,383,157,383,𦲿
﻿157,383,186,383,186,416,157,416,妥
﻿157,416,186,416,186,449,157,449,𢚸
﻿157,449,186,449,186,482,157,482,尋
﻿157,482,186,482,186,515,157,515,花
﻿122,13,150,13,150,44,122,44,䏾
﻿122,44,150,44,150,76,122,76,紅
﻿122,76,150,76,150,108,122,108,落
﻿122,108,150,108,150,140,122,140,𧡊
﻿122,140,150,140,150,172,122,172,裊
﻿122,172,150,172,150,204,122,204,賒
﻿126,247,156,247,156,280,126,280,春
﻿126,280,156,280,156,314,126,314,蘭
﻿126,314,156,314,156,347,126,347,秋
﻿126,347,156,347,156,381,126,381,菊
﻿126,381,156,381,156,415,126,415,漫
﻿126,415,156,415,156,448,126,448,麻
﻿126,448,156,448,156,482,126,482,奇
﻿126,482,156,482,156,516,126,516,𠄩
﻿89,11,117,11,117,43,89,43,𠊛
﻿89,43,117,43,117,76,89,76,國
﻿89,76,117,76,117,109,89,109,色
﻿89,109,117,109,117,141,89,141,几
﻿89,141,117,141,117,174,89,174,天
﻿89,174,117,174,117,207,89,207,才
﻿93,250,124,250,124,282,93,282,情
﻿93,282,124,282,124,315,93,315,𥪞
﻿93,315,124,315,124,348,93,348,如
﻿93,348,124,348,124,381,93,381,㐌
﻿93,381,124,381,124,414,93,414,󰘚
﻿93,414,124,414,124,447,93,447,外
﻿93,447,124,447,124,480,93,480,群
﻿93,480,124,480,124,513,93,513,𠵱
﻿57,14,86,14,86,46,57,46,執
﻿57,46,86,46,86,78,57,78,廛
﻿57,78,86,78,86,110,57,110,干
﻿57,110,86,110,86,142,57,142,省
﻿57,142,86,142,86,174,57,174,干
﻿57,174,86,174,86,207,57,207,迷
﻿62,251,91,251,91,284,62,284,󰟱
﻿62,284,91,284,91,317,62,317,𡎢
﻿62,317,91,317,91,350,62,350,𫽄
﻿62,350,91,350,91,383,62,383,便
﻿62,383,91,383,91,416,62,416,𢴑
﻿62,416,91,416,91,449,62,449,𧗱
﻿62,449,91,449,91,482,62,482,㐱
﻿62,482,91,482,91,515,62,515,坤
﻿26,12,55,12,55,44,26,44,䏾
﻿26,44,55,44,55,76,26,76,斜
﻿26,76,55,76,55,109,26,109,如
﻿26,109,55,109,55,141,26,141,逐
﻿26,141,55,141,55,173,26,173,干
﻿26,173,55,173,55,206,26,206,盆
﻿28,248,60,248,60,281,28,281,客
﻿28,281,60,281,60,314,28,314,陀
﻿28,314,60,314,60,347,28,347,𬺗
﻿28,347,60,347,60,380,28,380,馭
﻿28,380,60,380,60,413,28,413,𠊛
﻿28,413,60,413,60,446,28,446,群
﻿28,446,60,446,60,479,28,479,𥊘
﻿28,479,60,479,60,512,28,512,蹺
