380,12,407,12,407,43,380,43,隔
﻿380,43,407,43,407,75,380,75,墻
﻿380,75,407,75,407,107,380,107,沛
﻿380,107,407,107,407,139,380,139,𣇜
﻿380,139,407,139,407,171,380,171,㤿
﻿380,171,407,171,407,203,380,203,𡗶
﻿384,247,412,247,412,281,384,281,𠁑
﻿384,281,412,281,412,315,384,315,桃
﻿384,315,412,315,412,349,384,349,差
﻿384,349,412,349,412,384,384,384,固
﻿384,384,412,384,412,418,384,418,䏾
﻿384,418,412,418,412,452,384,452,𠊛
﻿384,452,412,452,412,486,384,486,切
﻿384,486,412,486,412,521,384,521,他
﻿348,10,377,10,377,41,348,41,損
﻿348,41,377,41,377,73,348,73,琴
﻿348,73,377,73,377,105,348,105,捉
﻿348,105,377,105,377,137,348,137,襖
﻿348,137,377,137,377,169,348,169,倍
﻿348,169,377,169,377,201,348,201,𦋦
﻿352,251,381,251,381,284,352,284,香
﻿352,284,381,284,381,318,352,318,群
﻿352,318,381,318,381,351,352,351,𦹳
﻿352,351,381,351,381,385,352,385,𠽋
﻿352,385,381,385,381,418,352,418,𠊛
﻿352,418,381,418,381,452,352,452,陀
﻿352,452,381,452,381,485,352,485,永
﻿352,485,381,485,381,519,352,519,醒
﻿315,9,345,9,345,41,315,41,吝
﻿315,41,345,41,345,73,315,73,蹺
﻿315,73,345,73,345,105,315,105,墻
﻿315,105,345,105,345,137,315,137,錦
﻿315,137,345,137,345,169,315,169,𨄹
﻿315,169,345,169,345,201,315,201,觥
﻿317,247,347,247,347,281,317,281,𨕭
﻿317,281,347,281,347,315,317,315,桃
﻿317,315,347,315,347,349,317,349,恪
﻿317,349,347,349,347,383,317,383,𧡊
﻿317,383,347,383,347,417,317,417,没
﻿317,417,347,417,347,451,317,451,梗
﻿317,451,347,451,347,485,317,485,金
﻿317,485,347,485,347,520,317,520,钗
﻿283,10,311,10,311,42,283,42,拁
﻿283,42,311,42,311,74,283,74,𢬣
﻿283,74,311,74,311,106,283,106,𢭲
﻿283,106,311,106,311,138,283,138,𥙩
﻿283,138,311,138,311,170,283,170,𧗱
﻿283,170,311,170,311,203,283,203,茹
﻿284,253,313,253,313,286,284,286,尼
﻿284,286,313,286,313,319,284,319,𥪞
﻿284,319,313,319,313,353,284,353,閨
﻿284,353,313,353,313,386,284,386,閣
﻿284,386,313,386,313,419,284,419,󰠳
﻿284,419,313,419,313,453,284,453,𦓡
﻿284,453,313,453,313,486,284,486,典
﻿284,486,313,486,313,520,284,520,低
﻿252,9,279,9,279,41,252,41,𡄎
﻿252,41,279,41,279,73,252,73,歐
﻿252,73,279,73,279,105,252,105,𠊛
﻿252,105,279,105,279,137,252,137,󰀎
﻿252,137,279,137,279,169,252,169,寶
﻿252,169,279,169,279,202,252,202,尼
﻿253,251,282,251,282,284,253,284,𫽄
﻿253,284,282,284,282,318,253,318,緣
﻿253,318,282,318,282,352,253,352,渚
﻿253,352,282,352,282,386,253,386,易
﻿253,386,282,386,282,419,253,419,𠓨
﻿253,419,282,419,282,453,253,453,𢬣
﻿253,453,282,453,282,487,253,487,埃
﻿253,487,282,487,282,521,253,521,擒
﻿219,9,248,9,248,41,219,41,連
﻿219,41,248,41,248,73,219,73,𢬣
﻿219,73,248,73,248,106,219,106,𥋴
﻿219,106,248,106,248,138,219,138,𥊘
﻿219,138,248,138,248,170,219,170,𠴠
﻿219,170,248,170,248,203,219,203,𦣰
﻿220,249,250,249,250,282,220,282,唉
﻿220,282,250,282,250,316,220,316,群
﻿220,316,250,316,250,350,220,350,倘
﻿220,350,250,350,250,384,220,384,倘
﻿220,384,250,384,250,417,220,417,香
﻿220,417,250,417,250,451,220,451,沉
﻿220,451,250,451,250,485,220,485,渚
﻿220,485,250,485,250,519,220,519,派
﻿186,11,214,11,214,42,186,42,散
﻿186,42,214,42,214,74,186,74,霜
﻿186,74,214,74,214,106,186,106,㐌
﻿186,106,214,106,214,137,186,137,𧡊
﻿186,137,214,137,214,169,186,169,䏾
﻿186,169,214,169,214,201,186,201,𠊛
﻿191,250,218,250,218,283,191,283,觥
﻿191,283,218,283,218,316,191,316,墻
﻿191,316,218,316,218,349,191,349,𦋦
﻿191,349,218,349,218,383,191,383,衣
﻿191,383,218,383,218,416,191,416,尋
﻿191,416,218,416,218,449,191,449,頺
﻿191,449,218,449,218,482,191,482,謹
﻿191,482,218,482,218,516,191,516,魚
﻿155,12,183,12,183,44,155,44,生
﻿155,44,183,44,183,76,155,76,陀
﻿155,76,183,76,183,108,155,108,固
﻿155,108,183,108,183,140,155,140,意
﻿155,140,183,140,183,172,155,172,待
﻿155,172,183,172,183,204,155,204,徐
﻿158,254,189,254,189,287,158,287,隔
﻿158,287,189,287,189,320,158,320,墻
﻿158,320,189,320,189,353,158,353,𨖲
﻿158,353,189,353,189,386,158,386,㗂
﻿158,386,189,386,189,419,158,419,賒
﻿158,419,189,419,189,452,158,452,迻
﻿158,452,189,452,189,485,158,485,厭
﻿158,485,189,485,189,518,158,518,𢚸
﻿123,12,151,12,151,43,123,43,釵
﻿123,43,151,43,151,75,123,75,尼
﻿123,75,151,75,151,107,123,107,扒
﻿123,107,151,107,151,138,123,138,特
﻿123,138,151,138,151,170,123,170,虚
﻿123,170,151,170,151,202,123,202,空
﻿126,254,156,254,156,286,126,286,別
﻿126,286,156,286,156,319,126,319,󰠳
﻿126,319,156,319,156,352,126,352,合
﻿126,352,156,352,156,385,126,385,補
﻿126,385,156,385,156,417,126,417,𦓡
﻿126,417,156,417,156,450,126,450,蒙
﻿126,450,156,450,156,483,126,483,珠
﻿126,483,156,483,156,516,126,516,𧗱
﻿91,12,119,12,119,43,91,43,㗂
﻿91,43,119,43,119,75,91,75,翹
﻿91,75,119,75,119,106,91,106,𦖑
﻿91,106,119,106,119,138,91,138,津
﻿91,138,119,138,119,169,91,169,边
﻿91,169,119,169,119,201,91,201,箕
﻿91,252,123,252,123,284,91,284,恩
﻿91,284,123,284,123,317,91,317,𠊛
﻿91,317,123,317,123,350,91,350,君
﻿91,350,123,350,123,383,91,383,子
﻿91,383,123,383,123,415,91,415,詫
﻿91,415,123,415,123,448,91,448,之
﻿91,448,123,448,123,481,91,481,𧵑
﻿91,481,123,481,123,514,91,514,淶
﻿55,11,88,11,88,42,55,42,隻
﻿55,42,88,42,88,74,55,74,釵
﻿55,74,88,74,88,105,55,105,芇
﻿55,105,88,105,88,137,55,137,𧵑
﻿55,137,88,137,88,168,55,168,󰋇
﻿55,168,88,168,88,200,55,200,𨑮
﻿58,251,89,251,89,283,58,283,𦓡
﻿58,283,89,283,89,316,58,316,𢚸
﻿58,316,89,316,89,349,58,349,重
﻿58,349,89,349,89,382,58,382,義
﻿58,382,89,382,89,414,58,414,輕
﻿58,414,89,414,89,447,58,447,財
﻿58,447,89,447,89,480,58,480,掣
﻿58,480,89,480,89,513,58,513,包
﻿25,11,54,11,54,42,25,42,生
﻿25,42,54,42,54,74,25,74,浪
﻿25,74,54,74,54,105,25,105,󰠷
﻿25,105,54,105,54,137,25,137,里
﻿25,137,54,137,54,168,25,168,𦋦
﻿25,168,54,168,54,200,25,200,𠓨
﻿28,253,57,253,57,285,28,285,𧵆
﻿28,285,57,285,57,318,28,318,低
﻿28,318,57,318,57,350,28,350,芇
﻿28,350,57,350,57,383,28,383,沛
﻿28,383,57,383,57,415,28,415,𠊛
﻿28,415,57,415,57,448,28,448,芇
﻿28,448,57,448,57,480,28,480,賒
﻿28,480,57,480,57,513,28,513,吹
