346,13,379,13,379,48,346,48,閉
﻿346,48,379,48,379,84,346,84,迡
﻿346,84,379,84,379,120,346,120,𩙌
﻿346,120,379,120,379,156,346,156,匝
﻿346,156,379,156,379,192,346,192,湄
﻿346,192,379,192,379,228,346,228,沙
﻿350,282,386,282,386,318,350,318,󰋇
﻿350,318,386,318,386,355,350,355,𦝄
﻿350,355,386,355,386,392,350,392,共
﻿350,392,386,392,386,429,350,429,鈌
﻿350,429,386,429,386,466,350,466,󰋇
﻿350,466,386,466,386,503,350,503,花
﻿350,503,386,503,386,540,350,540,拱
﻿350,540,386,540,386,577,350,577,殘
﻿305,13,341,13,341,48,305,48,群
﻿305,48,341,48,341,84,305,84,之
﻿305,84,341,84,341,119,305,119,󰑼
﻿305,119,341,119,341,155,305,155,丐
﻿305,155,341,155,341,190,305,190,紅
﻿305,190,341,190,341,226,305,226,顔
﻿313,282,346,282,346,318,313,318,㐌
﻿313,318,346,318,346,354,313,354,󰡶
﻿313,354,346,354,346,390,313,390,身
﻿313,390,346,390,346,427,313,427,世
﻿313,427,346,427,346,463,313,463,群
﻿313,463,346,463,346,499,313,499,筭
﻿313,499,346,499,346,535,313,535,浽
﻿313,535,346,535,346,572,313,572,芇
﻿272,10,303,10,303,46,272,46,𢪀
﻿272,46,303,46,303,82,272,82,𠇮
﻿272,82,303,82,303,118,272,118,庄
﻿272,118,303,118,303,154,272,154,虎
﻿272,154,303,154,303,190,272,190,𠇮
﻿272,190,303,190,303,227,272,227,牢
﻿277,282,310,282,310,318,277,318,敢
﻿277,318,310,318,310,355,277,355,󰝡
﻿277,355,310,355,310,391,277,391,尘
﻿277,391,310,391,310,428,277,428,垢
﻿277,428,310,428,310,464,277,464,預
﻿277,464,310,464,310,501,277,501,𠓨
﻿277,501,310,501,310,537,277,537,布
﻿277,537,310,537,310,574,277,574,荆
﻿239,10,267,10,267,45,239,45,㐌
﻿239,45,267,45,267,81,239,81,咍
﻿239,81,267,81,267,117,239,117,払
﻿239,117,267,117,267,153,239,153,󰠱
﻿239,153,267,153,267,189,239,189,爲
﻿239,189,267,189,267,225,239,225,情
﻿241,283,273,283,273,319,241,319,󱔲
﻿241,319,273,319,273,356,241,356,花
﻿241,356,273,356,273,393,241,393,畑
﻿241,393,273,393,273,430,241,430,庄
﻿241,430,273,430,273,466,241,466,󰠪
﻿241,466,273,466,273,503,241,503,𠇮
﻿241,503,273,503,273,540,241,540,𡗋
﻿241,540,273,540,273,577,241,577,𠱋
﻿202,11,233,11,233,47,202,47,自
﻿202,47,233,47,233,83,202,83,𣈙
﻿202,83,233,83,233,119,202,119,怯
﻿202,119,233,119,233,155,202,155,𫔳
﻿202,155,233,155,233,191,202,191,房
﻿202,191,233,191,233,227,202,227,秋
﻿205,280,238,280,238,317,205,317,庄
﻿205,317,238,317,238,354,205,354,脩
﻿205,354,238,354,238,391,205,391,時
﻿205,391,238,391,238,428,205,428,共
﻿205,428,238,428,238,465,205,465,󰑼
﻿205,465,238,465,238,502,205,502,修
﻿205,502,238,502,238,539,205,539,󰑼
﻿205,539,238,539,238,576,205,576,󰑼
﻿165,10,196,10,196,45,165,45,払
﻿165,45,196,45,196,81,165,81,油
﻿165,81,196,81,196,116,165,116,疑
﻿165,116,196,116,196,152,165,152,旦
﻿165,152,196,152,196,187,165,187,𧵆
﻿165,187,196,187,196,223,165,223,車
﻿168,282,202,282,202,318,168,318,󰝡
﻿168,318,202,318,202,355,168,355,情
﻿168,355,202,355,202,391,168,391,琹
﻿168,391,202,391,202,428,168,428,瑟
﻿168,428,202,428,202,465,168,465,対
﻿168,465,202,465,202,501,168,501,𦋦
﻿168,501,202,501,202,538,168,538,琹
﻿168,538,202,538,202,575,168,575,掑
﻿129,9,160,9,160,45,129,45,呐
﻿129,45,160,45,160,82,129,82,之
﻿129,82,160,82,160,118,129,118,結
﻿129,118,160,118,160,155,129,155,󰖥
﻿129,155,160,155,160,191,129,191,車
﻿129,191,160,191,160,228,129,228,絲
﻿131,282,164,282,164,318,131,318,㐌
﻿131,318,164,318,164,354,131,354,盆
﻿131,354,164,354,164,391,131,391,奇
﻿131,391,164,391,164,427,131,427,䏾
﻿131,427,164,427,164,463,131,463,麻
﻿131,463,164,463,164,500,131,500,洳
﻿131,500,164,500,164,536,131,536,奇
﻿131,536,164,536,164,573,131,573,代
﻿92,11,126,11,126,46,92,46,払
﻿92,46,126,46,126,82,92,82,浪
﻿92,82,126,82,126,118,92,118,窖
﻿92,118,126,118,126,153,92,153,呐
﻿92,153,126,153,126,189,92,189,𢧚
﻿92,189,126,189,126,225,92,225,𠳒
﻿92,281,129,281,129,317,92,317,麻
﻿92,317,129,317,129,354,92,354,冲
﻿92,354,129,354,129,390,92,390,𥙧
﻿92,390,129,390,129,427,92,427,沛
﻿92,427,129,427,129,464,92,464,固
﻿92,464,129,464,129,500,92,500,㝵
﻿92,500,129,500,129,537,92,537,固
﻿92,537,129,537,129,574,92,574,些
﻿56,12,87,12,87,47,56,47,初
﻿56,47,87,47,87,83,56,83,󰅒
﻿56,83,87,83,87,118,56,118,冲
﻿56,118,87,118,87,154,56,154,道
﻿56,154,87,154,87,189,56,189,弹
﻿56,189,87,189,87,225,56,225,󰜏
﻿57,280,91,280,91,316,57,316,𪧚
﻿57,316,91,316,91,353,57,353,貞
﻿57,353,91,353,91,389,57,389,箕
﻿57,389,91,389,91,426,57,426,共
﻿57,426,91,426,91,463,57,463,固
﻿57,463,91,463,91,499,57,499,𠀧
﻿57,499,91,499,91,536,57,536,𬙞
﻿57,536,91,536,91,573,57,573,󰟯
﻿17,11,51,11,51,47,17,47,固
﻿17,47,51,47,51,83,17,83,欺
﻿17,83,51,83,51,119,17,119,变
﻿17,119,51,119,51,155,17,155,固
﻿17,155,51,155,51,191,17,191,欺
﻿17,191,51,191,51,227,17,227,常
﻿22,282,53,282,53,318,22,318,固
﻿22,318,53,318,53,354,22,354,權
﻿22,354,53,354,53,390,22,390,芇
﻿22,390,53,390,53,426,22,426,沛
﻿22,426,53,426,53,462,22,462,𠬠
﻿22,462,53,462,53,498,22,498,唐
﻿22,498,53,498,53,534,22,534,执
﻿22,534,53,534,53,571,22,571,經
