392,9,421,9,421,41,392,41,閉
﻿392,41,421,41,421,73,392,73,迡
﻿392,73,421,73,421,105,392,105,渚
﻿392,105,421,105,421,137,392,137,𤏣
﻿392,137,421,137,421,169,392,169,消
﻿392,169,421,169,421,202,392,202,耗
﻿398,244,427,244,427,277,398,277,或
﻿398,277,427,277,427,311,398,311,󰑼
﻿398,311,427,311,427,345,398,345,沖
﻿398,345,427,345,427,379,398,379,固
﻿398,379,427,379,427,412,398,412,爫
﻿398,412,427,412,427,446,398,446,牢
﻿398,446,427,446,427,480,398,480,庒
﻿398,480,427,480,427,514,398,514,󰑼
﻿360,10,389,10,389,42,360,42,吀
﻿360,42,389,42,389,74,360,74,払
﻿360,74,389,74,389,107,360,107,料
﻿360,107,389,107,389,139,360,139,急
﻿360,139,389,139,389,171,360,171,吏
﻿360,171,389,171,389,204,360,204,茹
﻿363,245,395,245,395,278,363,278,畧
﻿363,278,395,278,395,312,363,312,󰑼
﻿363,312,395,312,395,346,363,346,惵
﻿363,346,395,346,395,380,363,380,意
﻿363,380,395,380,395,413,363,413,𡢐
﻿363,413,395,413,395,447,363,447,些
﻿363,447,395,447,395,481,363,481,別
﻿363,481,395,481,395,515,363,515,情
﻿326,9,357,9,357,41,326,41,𣎀
﻿326,41,357,41,357,73,326,73,𣈜
﻿326,73,357,73,357,106,326,106,𡨹
﻿326,106,357,106,357,138,326,138,墨
﻿326,138,357,138,357,170,326,170,酉
﻿326,170,357,170,357,203,326,203,觥
﻿331,245,363,245,363,278,331,278,𣈙
﻿331,278,363,278,363,311,331,311,吝
﻿331,311,363,311,363,345,331,345,枚
﻿331,345,363,345,363,378,331,378,呂
﻿331,378,363,378,363,411,331,411,如
﻿331,411,363,411,363,445,331,445,形
﻿331,445,363,445,363,478,331,478,渚
﻿331,478,363,478,363,512,331,512,通
﻿293,10,322,10,322,42,293,42,𦖑
﻿293,42,322,42,322,74,293,74,𠳒
﻿293,74,322,74,322,107,293,107,𡅳
﻿293,107,322,107,322,139,293,139,乳
﻿293,139,322,139,322,171,293,171,從
﻿293,171,322,171,322,204,293,204,容
﻿298,248,329,248,329,281,298,281,定
﻿298,281,329,281,329,314,298,314,𢚸
﻿298,314,329,314,329,347,298,347,生
﻿298,347,329,347,329,381,298,381,買
﻿298,381,329,381,329,414,298,414,决
﻿298,414,329,414,329,447,298,447,情
﻿298,447,329,447,329,480,298,480,回
﻿298,480,329,480,329,514,298,514,裝
﻿261,11,291,11,291,43,261,43,𤎜
﻿261,43,291,43,291,76,261,76,𦋦
﻿261,76,291,76,291,109,261,109,𠳚
﻿261,109,291,109,291,142,261,142,典
﻿261,142,291,142,291,175,261,175,春
﻿261,175,291,175,291,208,261,208,臺
﻿265,249,294,249,294,282,265,282,束
﻿265,282,294,282,294,315,265,315,翁
﻿265,315,294,315,294,348,265,348,拱
﻿265,348,294,348,294,382,265,382,倍
﻿265,382,294,382,294,415,265,415,逐
﻿265,415,294,415,294,448,265,448,払
﻿265,448,294,448,294,481,265,481,寧
﻿265,481,294,481,294,515,265,515,家
﻿227,9,259,9,259,41,227,41,餞
﻿227,41,259,41,259,74,227,74,迻
﻿227,74,259,74,259,107,227,107,󰜋
﻿227,107,259,107,259,140,227,140,󱋓
﻿227,140,259,140,259,173,227,173,関
﻿227,173,259,173,259,206,227,206,河
﻿230,250,261,250,261,282,230,282,春
﻿230,282,261,282,261,315,230,315,亭
﻿230,315,261,315,261,348,230,348,脱
﻿230,348,261,348,261,381,230,381,㐌
﻿230,381,261,381,261,414,230,414,遁
﻿230,414,261,414,261,447,230,447,𦋦
﻿230,447,261,447,261,480,230,480,高
﻿230,480,261,480,261,513,230,513,亭
﻿195,12,224,12,224,43,195,43,滝
﻿195,43,224,43,224,75,195,75,秦
﻿195,75,224,75,224,107,195,107,󰜋
﻿195,107,224,107,224,138,195,138,帶
﻿195,138,224,138,224,170,195,170,撑
﻿195,170,224,170,224,202,195,202,撑
﻿199,251,228,251,228,284,199,284,雷
﻿199,284,228,284,228,317,199,317,催
﻿199,317,228,317,228,350,199,350,坡
﻿199,350,228,350,228,383,199,383,柳
﻿199,383,228,383,228,416,199,416,󰋇
﻿199,416,228,416,228,449,199,449,梗
﻿199,449,228,449,228,482,199,482,楊
﻿199,482,228,482,228,516,199,516,開
﻿162,10,192,10,192,43,162,43,琴
﻿162,43,192,43,192,77,162,77,𢬣
﻿162,77,192,77,192,110,162,110,𨱽
﻿162,110,192,110,192,144,162,144,𥐆
﻿162,144,192,144,192,177,162,177,咀
﻿162,177,192,177,192,211,162,211,嘆
﻿165,251,197,251,197,283,165,283,𢺺
﻿165,283,197,283,197,316,165,316,配
﻿165,316,197,316,197,349,165,349,󰋈
﻿165,349,197,349,197,382,165,382,𡃹
﻿165,382,197,382,197,415,165,415,合
﻿165,415,197,415,197,448,165,448,散
﻿165,448,197,448,197,481,165,481,喭
﻿165,481,197,481,197,514,165,514,𠳒
﻿128,12,160,12,160,44,128,44,娘
﻿128,44,160,44,160,77,128,77,浪
﻿128,77,160,77,160,110,128,110,𡽫
﻿128,110,160,110,160,142,128,142,渃
﻿128,142,160,142,160,175,128,175,賒
﻿128,175,160,175,160,208,128,208,𣾺
﻿132,249,163,249,163,282,132,282,牢
﻿132,282,163,282,163,315,132,315,朱
﻿132,315,163,315,163,348,132,348,𥪞
﻿132,348,163,348,163,382,132,382,蔭
﻿132,382,163,382,163,415,132,415,時
﻿132,415,163,415,163,448,132,448,外
﻿132,448,163,448,163,481,132,481,買
﻿132,481,163,481,163,515,132,515,淹
﻿94,12,127,12,127,45,94,45,易
﻿94,45,127,45,127,78,94,78,𤍶
﻿94,78,127,78,127,111,94,111,𦀫
﻿94,111,127,111,127,144,94,144,𧺀
﻿94,144,127,144,127,177,94,177,腀
﻿94,177,127,177,127,211,94,211,針
﻿100,252,130,252,130,284,100,284,爫
﻿100,284,130,284,130,317,100,317,之
﻿100,317,130,317,130,350,100,350,朱
﻿100,350,130,350,130,383,100,383,𬑉
﻿100,383,130,383,130,415,100,415,扒
﻿100,415,130,415,130,448,100,448,𪀄
﻿100,448,130,448,130,481,100,481,苦
﻿100,481,130,481,130,514,100,514,𢚸
﻿62,13,93,13,93,45,62,45,堆
﻿62,45,93,45,93,78,62,78,些
﻿62,78,93,78,93,111,62,111,拙
﻿62,111,93,111,93,143,62,143,󰒂
﻿62,143,93,143,93,176,62,176,䕯
﻿62,176,93,176,93,209,62,209,蓬
﻿65,250,98,250,98,282,65,282,典
﻿65,282,98,282,98,315,65,315,茹
﻿65,315,98,315,98,348,65,348,畧
﻿65,348,98,348,98,381,65,381,料
﻿65,381,98,381,98,413,65,413,呐
﻿65,413,98,413,98,446,65,446,𠼾
﻿65,446,98,446,98,479,65,479,朱
﻿65,479,98,479,98,512,65,512,明
﻿28,14,60,14,60,46,28,46,油
﻿28,46,60,46,60,78,28,78,欺
﻿28,78,60,78,60,111,28,111,湄
﻿28,111,60,111,60,143,28,143,󰊄
﻿28,143,60,143,60,175,28,175,不
﻿28,175,60,175,60,208,28,208,情
﻿31,251,63,251,63,283,31,283,𢀲
﻿31,283,63,283,63,316,31,316,𦋦
﻿31,316,63,316,63,349,31,349,威
﻿31,349,63,349,63,382,31,382,𢀲
﻿31,382,63,382,63,414,31,414,碎
﻿31,414,63,414,63,447,31,447,停
﻿31,447,63,447,63,480,31,480,分
﻿31,480,63,480,63,513,31,513,碎
