384,12,415,12,415,44,384,44,爲
﻿384,44,415,44,415,77,384,77,埃
﻿384,77,415,77,415,110,384,110,用
﻿384,110,415,110,415,143,384,143,𣒵
﻿384,143,415,143,415,176,384,176,淶
﻿384,176,415,176,415,209,384,209,針
﻿386,253,420,253,420,286,386,286,底
﻿386,286,420,286,420,320,386,320,𡥵
﻿386,320,420,320,420,353,386,353,䕯
﻿386,353,420,353,420,387,386,387,浽
﻿386,387,420,387,420,420,386,420,𩄲
﻿386,420,420,420,420,454,386,454,沉
﻿386,454,420,454,420,487,386,487,爲
﻿386,487,420,487,420,521,386,521,埃
﻿352,16,382,16,382,48,352,48,𠳒
﻿352,48,382,48,382,80,352,80,𡥵
﻿352,80,382,80,382,112,352,112,𠸕
﻿352,112,382,112,382,144,352,144,吏
﻿352,144,382,144,382,176,352,176,󰜋
﻿352,176,382,176,382,208,352,208,𠄩
﻿352,256,384,256,384,289,352,289,油
﻿352,289,384,289,384,322,352,322,𤷱
﻿352,322,384,322,384,355,352,355,碑
﻿352,355,384,355,384,388,352,388,𥒥
﻿352,388,384,388,384,421,352,421,敢
﻿352,421,384,421,384,454,352,454,差
﻿352,454,384,454,384,487,352,487,𡬷
﻿352,487,384,487,384,521,352,521,鐄
﻿319,15,350,15,350,47,319,47,𥛉
﻿319,47,350,47,350,79,319,79,催
﻿319,79,350,79,350,111,319,111,娘
﻿319,111,350,111,350,143,319,143,吏
﻿319,143,350,143,350,175,319,175,䜹
﻿319,175,350,175,350,208,319,208,呈
﻿319,257,349,257,349,290,319,290,𢘾
﻿319,290,349,290,349,323,319,323,吒
﻿319,323,349,323,349,356,319,356,者
﻿319,356,349,356,349,389,319,389,特
﻿319,389,349,389,349,422,319,422,󰒂
﻿319,422,349,422,349,455,319,455,払
﻿319,455,349,455,349,488,319,488,朱
﻿319,488,349,488,349,521,319,521,吹
﻿284,13,315,13,315,46,284,46,説
﻿284,46,315,46,315,79,284,79,之
﻿284,79,315,79,315,112,284,112,身
﻿284,112,315,112,315,145,284,145,分
﻿284,145,315,145,315,178,284,178,碎
﻿284,178,315,178,315,211,284,211,隊
﻿286,254,317,254,317,287,286,287,酉
﻿286,287,317,287,317,320,286,320,浪
﻿286,320,317,320,317,354,286,354,昌
﻿286,354,317,354,317,387,286,387,𤽸
﻿286,387,317,387,317,420,286,420,圭
﻿286,420,317,420,317,454,286,454,𠊛
﻿286,454,317,454,317,487,286,487,管
﻿286,487,317,487,317,521,286,521,兜
﻿254,14,283,14,283,46,254,46,掣
﻿254,46,283,46,283,79,254,79,包
﻿254,79,283,79,283,112,254,112,計
﻿254,112,283,112,283,144,254,144,浽
﻿254,144,283,144,283,177,254,177,𬌓
﻿254,177,283,177,283,210,254,210,愁
﻿252,253,282,253,282,286,252,286,刻
﻿252,286,282,286,282,319,252,319,更
﻿252,319,282,319,282,353,252,353,㐌
﻿252,353,282,353,282,386,252,386,𠽖
﻿252,386,282,386,282,419,252,419,南
﻿252,419,282,419,282,453,252,453,楼
﻿252,453,282,453,282,486,252,486,󰋇
﻿252,486,282,486,282,520,252,520,囬
﻿220,12,251,12,251,44,220,44,轎
﻿220,44,251,44,251,77,220,77,花
﻿220,77,251,77,251,110,220,110,兜
﻿220,110,251,110,251,143,220,143,㐌
﻿220,143,251,143,251,176,220,176,典
﻿220,176,251,176,251,209,220,209,外
﻿220,254,250,254,250,287,220,287,管
﻿220,287,250,287,250,321,220,321,絃
﻿220,321,250,321,250,354,220,354,兜
﻿220,354,250,354,250,388,220,388,吏
﻿220,388,250,388,250,421,220,421,𠽖
﻿220,421,250,421,250,455,220,455,𣈜
﻿220,455,250,455,250,488,220,488,生
﻿220,488,250,488,250,522,220,522,離
﻿188,16,218,16,218,48,188,48,𤴬
﻿188,48,218,48,218,80,188,80,𢚸
﻿188,80,218,80,218,113,188,113,几
﻿188,113,218,113,218,145,188,145,於
﻿188,145,218,145,218,177,188,177,𠊛
﻿188,177,218,177,218,210,188,210,𠫾
﻿187,255,217,255,217,288,187,288,湥
﻿187,288,217,288,217,322,187,322,淶
﻿187,322,217,322,217,355,187,355,滲
﻿187,355,217,355,217,389,187,389,𥒥
﻿187,389,217,389,217,422,187,422,絲
﻿187,422,217,422,217,456,187,456,𢺺
﻿187,456,217,456,217,489,187,489,癒
﻿187,489,217,489,217,523,187,523,蚕
﻿154,15,187,15,187,47,154,47,𡗶
﻿154,47,187,47,187,80,154,80,𣋚
﻿154,80,187,80,187,113,154,113,𩄲
﻿154,113,187,113,187,146,154,146,𢹣
﻿154,146,187,146,187,179,154,179,最
﻿154,179,187,179,187,212,154,212,霪
﻿154,255,184,255,184,288,154,288,油
﻿154,288,184,288,184,321,154,321,油
﻿154,321,184,321,184,355,154,355,𦰟
﻿154,355,184,355,184,388,154,388,𦹵
﻿154,388,184,388,184,421,154,421,滛
﻿154,421,184,421,184,455,154,455,滛
﻿154,455,184,455,184,488,154,488,梗
﻿154,488,184,488,184,522,154,522,霜
﻿123,16,151,16,151,48,123,48,逴
﻿123,48,151,48,151,81,123,81,娘
﻿123,81,151,81,151,114,123,114,𧗱
﻿123,114,151,114,151,146,123,146,典
﻿123,146,151,146,151,179,123,179,駐
﻿123,179,151,179,151,212,123,212,坊
﻿120,256,151,256,151,289,120,289,𦊚
﻿120,289,151,289,151,322,120,322,皮
﻿120,322,151,322,151,355,120,355,春
﻿120,355,151,355,151,388,120,388,鎖
﻿120,388,151,388,151,421,120,421,󰜋
﻿120,421,151,421,151,454,120,454,娘
﻿120,454,151,454,151,487,120,487,於
﻿120,487,151,487,151,521,120,521,𥪞
﻿89,17,121,17,121,49,89,49,汲
﻿89,49,121,49,121,81,89,81,凝
﻿89,81,121,81,121,114,89,114,𢢆
﻿89,114,121,114,121,146,89,146,錄
﻿89,146,121,146,121,178,89,178,𠲖
﻿89,178,121,178,121,211,89,211,紅
﻿88,254,119,254,119,287,88,287,擬
﻿88,287,119,287,119,320,88,320,𢚸
﻿88,320,119,320,119,354,88,354,吏
﻿88,354,119,354,119,387,88,387,㤕
﻿88,387,119,387,119,420,88,420,車
﻿88,420,119,420,119,454,88,454,𢚸
﻿88,454,119,454,119,487,88,487,隊
﻿88,487,119,487,119,521,88,521,番
﻿57,15,87,15,87,47,57,47,品
﻿57,47,87,47,87,80,57,80,仙
﻿57,80,87,80,87,113,57,113,淶
﻿57,113,87,113,87,146,57,146,典
﻿57,146,87,146,87,179,57,179,𢬣
﻿57,179,87,179,87,212,57,212,𪬡
﻿53,253,86,253,86,286,53,286,懷
﻿53,286,86,286,86,319,53,319,功
﻿53,319,86,319,86,353,53,353,𬋟
﻿53,353,86,353,86,386,53,386,𡨹
﻿53,386,86,386,86,419,53,419,湄
﻿53,419,86,419,86,453,53,453,廛
﻿53,453,86,453,86,486,53,486,貝
﻿53,486,86,486,86,520,53,520,埃
﻿19,12,52,12,52,45,19,45,别
﻿19,45,52,45,52,78,19,78,身
﻿19,78,52,78,52,112,19,112,典
﻿19,112,52,112,52,145,19,145,𨀈
﻿19,145,52,145,52,178,19,178,落
﻿19,178,52,178,52,212,19,212,𩔗
﻿18,253,52,253,52,286,18,286,蕋
﻿18,286,52,286,52,319,18,319,逃
﻿18,319,52,319,52,353,18,353,㐌
﻿18,353,52,353,52,386,18,386,披
﻿18,386,52,386,52,419,18,419,朱
﻿18,419,52,419,52,453,18,453,𠊛
﻿18,453,52,453,52,486,18,486,情
﻿18,486,52,486,52,520,18,520,鍾
