343,10,377,10,377,46,343,46,浽
﻿343,46,377,46,377,82,343,82,傷
﻿343,82,377,82,377,119,343,119,呐
﻿343,119,377,119,377,155,343,155,󰝸
﻿343,155,377,155,377,191,343,191,歇
﻿343,191,377,191,377,228,343,228,𠳒
﻿341,285,374,285,374,322,341,322,謝
﻿341,322,374,322,374,359,341,359,辞
﻿341,359,374,359,374,396,341,396,生
﻿341,396,374,396,374,433,341,433,買
﻿341,433,374,433,374,470,341,470,湥
﻿341,470,374,470,374,507,341,507,洡
﻿341,507,374,507,374,544,341,544,跙
﻿341,544,374,544,374,582,341,582,𦋦
﻿305,9,335,9,335,45,305,45,倍
﻿305,45,335,45,335,82,305,82,󰡲
﻿305,82,335,82,335,119,305,119,所
﻿305,119,335,119,335,155,305,155,准
﻿305,155,335,155,335,192,305,192,園
﻿305,192,335,192,335,229,305,229,花
﻿304,284,336,284,336,320,304,320,連
﻿304,320,336,320,336,357,304,357,𠶆
﻿304,357,336,357,336,393,304,393,員
﻿304,393,336,393,336,430,304,430,外
﻿304,430,336,430,336,467,304,467,𪪳
﻿304,467,336,467,336,503,304,503,󰜏
﻿304,503,336,503,336,540,304,540,拱
﻿304,540,336,540,336,577,304,577,𨖅
﻿271,10,301,10,301,46,271,46,晨
﻿271,46,301,46,301,83,271,83,昏
﻿271,83,301,83,301,119,271,119,針
﻿271,119,301,119,301,156,271,156,拙
﻿271,156,301,156,301,192,271,192,礼
﻿271,192,301,192,301,229,271,229,常
﻿268,284,300,284,300,320,268,320,养
﻿268,320,300,320,300,357,268,357,親
﻿268,357,300,357,300,393,268,393,台
﻿268,393,300,393,300,430,268,430,𬌓
﻿268,430,300,430,300,467,268,467,𢚸
﻿268,467,300,467,300,503,268,503,娘
﻿268,503,300,503,300,540,268,540,𣈜
﻿268,540,300,540,300,577,268,577,初
﻿237,13,265,13,265,49,237,49,叮
﻿237,49,265,49,265,85,237,85,咛
﻿237,85,265,85,265,121,237,121,埋
﻿237,121,265,121,265,157,237,157,湥
﻿237,157,265,157,265,193,237,193,劄
﻿237,193,265,193,265,229,237,229,詩
﻿233,286,264,286,264,322,233,322,割
﻿233,322,264,322,264,358,233,358,㝵
﻿233,358,264,358,264,395,233,395,尋
﻿233,395,264,395,264,431,233,431,隊
﻿233,431,264,431,264,467,233,467,迻
﻿233,467,264,467,264,504,233,504,詞
﻿233,504,264,504,264,540,233,540,𠴍
﻿233,540,264,540,264,577,233,577,㖇
﻿201,10,231,10,231,47,201,47,別
﻿201,47,231,47,231,84,201,84,包
﻿201,84,231,84,231,121,201,121,功
﻿201,121,231,121,231,158,201,158,摱
﻿201,158,231,158,231,195,201,195,𧵑
﻿201,195,231,195,231,232,201,232,税
﻿197,284,227,284,227,320,197,320,臨
﻿197,320,227,320,227,357,197,357,淄
﻿197,357,227,357,227,393,197,393,󰋇
﻿197,393,227,393,227,430,197,430,度
﻿197,430,227,430,227,467,197,467,𠫾
﻿197,467,227,467,227,503,197,503,󰡲
﻿197,503,227,503,227,540,197,540,埮
﻿197,540,227,540,227,577,197,577,𣾺
﻿162,9,192,9,192,45,162,45,㝵
﻿162,45,192,45,192,82,162,82,𠬠
﻿162,82,192,82,192,118,162,118,尼
﻿162,118,192,118,192,155,162,155,𠳨
﻿162,155,192,155,192,191,162,191,𠬠
﻿162,191,192,191,192,228,162,228,尼
﻿162,283,194,283,194,319,162,319,溟
﻿162,319,194,319,194,356,162,356,濛
﻿162,356,194,356,194,393,162,393,芇
﻿162,393,194,393,194,430,162,430,別
﻿162,430,194,430,194,466,162,466,𣷭
﻿162,466,194,466,194,503,162,503,𡗶
﻿162,503,194,503,194,540,162,540,尼
﻿162,540,194,540,194,577,162,577,芇
﻿127,12,156,12,156,48,127,48,生
﻿127,48,156,48,156,84,127,84,強
﻿127,84,156,84,156,121,127,121,惨
﻿127,121,156,121,156,157,127,157,切
﻿127,157,156,157,156,193,127,193,渴
﻿127,193,156,193,156,230,127,230,滈
﻿124,283,155,283,155,319,124,319,如
﻿124,319,155,319,155,356,124,356,燶
﻿124,356,155,356,155,393,124,393,肝
﻿124,393,155,393,155,430,124,430,鉄
﻿124,430,155,430,155,467,124,467,如
﻿124,467,155,467,155,504,124,504,鉋
﻿124,504,155,504,155,541,124,541,𢚸
﻿124,541,155,541,155,578,124,578,𣘈
﻿88,10,122,10,122,47,88,47,𫆧
﻿88,47,122,47,122,84,88,84,蟳
﻿88,84,122,84,122,121,88,121,𣈜
﻿88,121,122,121,122,158,88,158,𠬠
﻿88,158,122,158,122,195,88,195,𤉗
﻿88,195,122,195,122,232,88,232,𤈊
﻿88,284,118,284,118,321,88,321,雪
﻿88,321,118,321,118,358,88,358,霜
﻿88,358,118,358,118,395,88,395,𣈜
﻿88,395,118,395,118,432,88,432,𠬠
﻿88,432,118,432,118,469,88,469,耗
﻿88,469,118,469,118,506,88,506,𤷱
﻿88,506,118,506,118,543,88,543,𠇮
﻿88,543,118,543,118,580,88,580,蟡
﻿53,8,83,8,83,45,53,45,矧
﻿53,45,83,45,83,82,53,82,䜹
﻿53,82,83,82,83,119,53,119,六
﻿53,119,83,119,83,156,53,156,醒
﻿53,156,83,156,83,193,53,193,六
﻿53,193,83,193,83,230,53,230,迷
﻿51,282,82,282,82,318,51,318,𧖱
﻿51,318,82,318,82,355,51,355,蹺
﻿51,355,82,355,82,392,51,392,渃
﻿51,392,82,392,82,429,51,429,𬑉
﻿51,429,82,429,82,466,51,466,魂
﻿51,466,82,466,82,503,51,503,󰡞
﻿51,503,82,503,82,540,51,540,占
﻿51,540,82,540,82,577,51,577,包
﻿15,12,46,12,46,48,15,48,椿
﻿15,48,46,48,46,84,15,84,萱
﻿15,84,46,84,46,120,15,120,𢗼
﻿15,120,46,120,46,156,15,156,𢜝
﻿15,156,46,156,46,192,15,192,掣
﻿15,192,46,192,46,229,15,229,包
﻿14,285,47,285,47,321,14,321,过
﻿14,321,47,321,47,358,14,358,𦋦
﻿14,358,47,358,47,394,14,394,欺
﻿14,394,47,394,47,431,14,431,旦
﻿14,431,47,431,47,468,14,468,世
﻿14,468,47,468,47,504,14,504,芇
﻿14,504,47,504,47,541,14,541,麻
﻿14,541,47,541,47,578,14,578,咍
