349,12,381,12,381,47,349,47,徐
﻿349,47,381,47,381,82,349,82,浪
﻿349,82,381,82,381,118,349,118,恩
﻿349,118,381,118,381,153,349,153,怨
﻿349,153,381,153,381,188,349,188,𠄩
﻿349,188,381,188,381,224,349,224,边
﻿353,280,382,280,382,315,353,315,默
﻿353,315,382,315,382,350,353,350,娘
﻿353,350,382,350,382,385,353,385,處
﻿353,385,382,385,382,421,353,421,决
﻿353,421,382,421,382,456,353,456,报
﻿353,456,382,456,382,491,353,491,填
﻿353,491,382,491,382,526,353,526,朱
﻿353,526,382,526,382,562,353,562,明
﻿312,12,345,12,345,46,312,46,娘
﻿312,46,345,46,345,81,312,81,浪
﻿312,81,345,81,345,116,312,116,洳
﻿312,116,345,116,345,150,312,150,𢚁
﻿312,150,345,150,345,185,312,185,威
﻿312,185,345,185,345,220,312,220,灵
﻿316,279,346,279,346,314,316,314,唉
﻿316,314,346,314,346,350,316,350,嗔
﻿316,350,346,350,346,386,316,386,报
﻿316,386,346,386,346,422,316,422,答
﻿316,422,346,422,346,458,316,458,恩
﻿316,458,346,458,346,494,316,494,情
﻿316,494,346,494,346,530,316,530,朱
﻿316,530,346,530,346,566,316,566,孚
﻿277,12,307,12,307,47,277,47,报
﻿277,47,307,47,307,82,277,82,恩
﻿277,82,307,82,307,117,277,117,耒
﻿277,117,307,117,307,152,277,152,仕
﻿277,152,307,152,307,187,277,187,者
﻿277,187,307,187,307,222,277,222,𫌵
﻿277,280,311,280,311,315,277,315,徐
﻿277,315,311,315,311,351,277,351,浪
﻿277,351,311,351,311,386,277,386,役
﻿277,386,311,386,311,422,277,422,意
﻿277,422,311,422,311,457,277,457,低
﻿277,457,311,457,311,493,277,493,朱
﻿277,493,311,493,311,528,277,528,默
﻿277,528,311,528,311,564,277,564,娘
﻿239,11,272,11,272,46,239,46,朱
﻿239,46,272,46,272,82,239,82,鎌
﻿239,82,272,82,272,117,239,117,追
﻿239,117,272,117,272,153,239,153,旦
﻿239,153,272,153,272,188,239,188,束
﻿239,188,272,188,272,224,239,224,郎
﻿242,278,273,278,273,313,242,313,󰘚
﻿242,313,273,313,273,349,242,349,如
﻿242,349,273,349,273,385,242,385,藍
﻿242,385,273,385,273,421,242,421,覩
﻿242,421,273,421,273,456,242,456,身
﻿242,456,273,456,273,492,242,492,羕
﻿242,492,273,492,273,528,242,528,󰕵
﻿242,528,273,528,273,564,242,564,󰠖
﻿204,10,236,10,236,45,204,45,娘
﻿204,45,236,45,236,81,204,81,浪
﻿204,81,236,81,236,116,204,116,󰒂
﻿204,116,236,116,236,152,204,152,𥘀
﻿204,152,236,152,236,187,204,187,𠦳
﻿204,187,236,187,236,223,204,223,𡽫
﻿204,278,237,278,237,313,204,313,臨
﻿204,313,237,313,237,348,204,348,淄
﻿204,348,237,348,237,383,204,383,㝵
﻿204,383,237,383,237,419,204,419,󱀄
﻿204,419,237,419,237,454,204,454,払
﻿204,454,237,454,237,489,204,489,群
﻿204,489,237,489,237,524,204,524,𢖵
﻿204,524,237,524,237,560,204,560,空
﻿167,10,197,10,197,45,167,45,参
﻿167,45,197,45,197,80,167,80,商
﻿167,80,197,80,197,115,167,115,󰝸
﻿167,115,197,115,197,150,167,150,院
﻿167,150,197,150,197,185,167,185,𡦂
﻿167,185,197,185,197,221,167,221,同
﻿167,278,200,278,200,313,167,313,在
﻿167,313,200,313,200,348,167,348,埃
﻿167,348,200,348,200,383,167,383,呵
﻿167,383,200,383,200,419,167,419,敢
﻿167,419,200,419,200,454,167,454,負
﻿167,454,200,454,200,489,167,489,𢚸
﻿167,489,200,489,200,524,167,524,故
﻿167,524,200,524,200,560,167,560,人
﻿132,10,161,10,161,45,132,45,錦
﻿132,45,161,45,161,81,132,81,𤾓
﻿132,81,161,81,161,116,132,116,捲
﻿132,116,161,116,161,152,132,152,泊
﻿132,152,161,152,161,187,132,187,𠦳
﻿132,187,161,187,161,223,132,223,斤
﻿133,276,162,276,162,311,133,311,謝
﻿133,311,162,311,162,347,133,347,𢚸
﻿133,347,162,347,162,382,133,382,易
﻿133,382,162,382,162,418,133,418,称
﻿133,418,162,418,162,454,133,454,垠
﻿133,454,162,454,162,489,133,489,恩
﻿133,489,162,489,162,525,133,525,哙
﻿133,525,162,525,162,561,133,561,󰑼
﻿94,10,126,10,126,45,94,45,㛪
﻿94,45,126,45,126,80,94,80,払
﻿94,80,126,80,126,115,94,115,鬼
﻿94,115,126,115,126,150,94,150,恠
﻿94,150,126,150,126,185,94,185,精
﻿94,185,126,185,126,221,94,221,魔
﻿96,277,126,277,126,312,96,312,畨
﻿96,312,126,312,126,348,96,348,尼
﻿96,348,126,348,126,383,96,383,几
﻿96,383,126,383,126,419,96,419,𠎨
﻿96,419,126,419,126,454,96,454,󰜏
﻿96,454,126,454,126,490,96,490,𫅷
﻿96,490,126,490,126,525,96,525,及
﻿96,525,126,525,126,561,96,561,饒
﻿59,12,88,12,88,46,59,46,蜆
﻿59,46,88,46,88,81,59,81,𨁏
﻿59,81,88,81,88,116,59,116,𠰘
﻿59,116,88,116,88,150,59,150,󱋓
﻿59,150,88,150,88,185,59,185,渚
﻿59,185,88,185,88,220,59,220,𥹰
﻿59,277,92,277,92,312,59,312,謀
﻿59,312,92,312,92,348,59,348,溇
﻿59,348,92,348,92,383,59,383,拱
﻿59,383,92,383,92,419,59,419,者
﻿59,419,92,419,92,454,59,454,󰒂
﻿59,454,92,454,92,490,59,490,溇
﻿59,490,92,490,92,525,59,525,朱
﻿59,525,92,525,92,561,59,561,皮
﻿23,11,54,11,54,45,23,45,束
﻿23,45,54,45,54,80,23,80,生
﻿23,80,54,80,54,115,23,115,𬂙
﻿23,115,54,115,54,150,23,150,󰘚
﻿23,150,54,150,54,185,23,185,闭
﻿23,185,54,185,54,220,23,220,除
﻿23,276,52,276,52,311,23,311,蒲
﻿23,311,52,311,52,347,23,347,洃
﻿23,347,52,347,52,382,23,382,払
﻿23,382,52,382,52,418,23,418,㐌
﻿23,418,52,418,52,453,23,453,如
﻿23,453,52,453,52,489,23,489,湄
﻿23,489,52,489,52,524,23,524,𣿌
﻿23,524,52,524,52,560,23,560,滛
