385,7,414,7,414,39,385,39,情
﻿385,39,414,39,414,72,385,72,𥢆
﻿385,72,414,72,414,104,385,104,払
﻿385,104,414,104,414,137,385,137,吏
﻿385,137,414,137,414,169,385,169,呐
﻿385,169,414,169,414,202,385,202,󰠃
﻿386,244,416,244,416,277,386,277,󰜋
﻿386,277,416,277,416,311,386,311,茹
﻿386,311,416,311,416,344,386,344,埃
﻿386,344,416,344,416,378,386,378,拱
﻿386,378,416,378,416,412,386,412,𨔍
﻿386,412,416,412,416,445,386,445,𨓡
﻿386,445,416,445,416,479,386,479,𠸦
﻿386,479,416,479,416,513,386,513,劳
﻿354,10,381,10,381,42,354,42,朱
﻿354,42,381,42,381,75,354,75,咍
﻿354,75,381,75,381,107,354,107,淑
﻿354,107,381,107,381,140,354,140,女
﻿354,140,381,140,381,172,354,172,志
﻿354,172,381,172,381,205,354,205,高
﻿354,242,383,242,383,276,354,276,沛
﻿354,276,383,276,383,310,354,310,𠊛
﻿354,310,383,310,383,344,354,344,𣋽
﻿354,344,383,344,383,378,354,378,槾
﻿354,378,383,378,383,412,354,412,最
﻿354,412,383,412,383,446,354,446,桃
﻿354,446,383,446,383,480,354,480,如
﻿354,480,383,480,383,515,354,515,埃
﻿322,10,349,10,349,41,322,41,𠄩
﻿322,41,349,41,349,73,322,73,情
﻿322,73,349,73,349,105,322,105,院
﻿322,105,349,105,349,136,322,136,尾
﻿322,136,349,136,349,168,322,168,和
﻿322,168,349,168,349,200,322,200,𠄩
﻿319,244,352,244,352,278,319,278,𫽄
﻿319,278,352,278,352,312,319,312,𥪞
﻿319,312,352,312,352,346,319,346,𧜖
﻿319,346,352,346,352,380,319,380,襘
﻿319,380,352,380,352,414,319,414,拱
﻿319,414,352,414,352,448,319,448,外
﻿319,448,352,448,352,482,319,482,琴
﻿319,482,352,482,352,516,319,516,詩
﻿286,9,317,9,317,41,286,41,欺
﻿286,41,317,41,317,73,286,73,󱋓
﻿286,73,317,73,317,106,286,106,𨢇
﻿286,106,317,106,317,138,286,138,欺
﻿286,138,317,138,317,170,286,170,局
﻿286,170,317,170,317,203,286,203,旗
﻿286,246,317,246,317,280,286,280,欺
﻿286,280,317,280,317,314,286,314,󰏙
﻿286,314,317,314,317,348,286,348,花
﻿286,348,317,348,317,382,286,382,𦬑
﻿286,382,317,382,317,416,286,416,欺
﻿286,416,317,416,317,450,286,450,徐
﻿286,450,317,450,317,484,286,484,𦝄
﻿286,484,317,484,317,518,286,518,𨖲
﻿252,13,283,13,283,44,252,44,𠀧
﻿252,44,283,44,283,76,252,76,生
﻿252,76,283,76,283,108,252,108,㐌
﻿252,108,283,108,283,139,252,139,菲
﻿252,139,283,139,283,171,252,171,𨑮
﻿252,171,283,171,283,203,252,203,願
﻿254,246,284,246,284,279,254,279,緣
﻿254,279,284,279,284,313,254,313,堆
﻿254,313,284,313,284,346,254,346,𡋿
﻿254,346,284,346,284,380,254,380,拱
﻿254,380,284,380,284,414,254,414,󰑼
﻿254,414,284,414,284,447,254,447,緣
﻿254,447,284,447,284,481,254,481,伴
﻿254,481,284,481,284,515,254,515,排
﻿219,7,249,7,249,40,219,40,𢖵
﻿219,40,249,40,249,73,219,73,𠳒
﻿219,73,249,73,249,106,219,106,立
﻿219,106,249,106,249,139,219,139,󰜋
﻿219,139,249,139,249,172,219,172,庵
﻿219,172,249,172,249,205,219,205,𩄲
﻿219,246,250,246,250,279,219,279,遣
﻿219,279,250,279,250,313,219,313,𠊛
﻿219,313,250,313,250,346,219,346,身
﻿219,346,250,346,250,380,219,380,戚
﻿219,380,250,380,250,414,219,414,逴
﻿219,414,250,414,250,447,219,447,柴
﻿219,447,250,447,250,481,219,481,𮗓
﻿219,481,250,481,250,515,219,515,緣
﻿187,12,217,12,217,44,187,44,典
﻿187,44,217,44,217,76,187,76,尼
﻿187,76,217,76,217,108,187,108,㨂
﻿187,108,217,108,217,140,187,140,󰁮
﻿187,140,217,140,217,172,187,172,掑
﻿187,172,217,172,217,204,187,204,杄
﻿187,248,216,248,216,281,187,281,𦼔
﻿187,281,216,281,216,314,187,314,𠆳
﻿187,314,216,314,216,348,187,348,技
﻿187,348,216,348,216,381,187,381,額
﻿187,381,216,381,216,414,187,414,𦹵
﻿187,414,216,414,216,448,187,448,𨕭
﻿187,448,216,448,216,481,187,481,𠃅
﻿187,481,216,481,216,515,187,515,茹
﻿158,12,185,12,185,44,158,44,師
﻿158,44,185,44,185,76,158,76,它
﻿158,76,185,76,185,108,158,108,󰇼
﻿158,108,185,108,185,140,158,140,𬟥
﻿158,140,185,140,185,172,158,172,方
﻿158,172,185,172,185,204,158,204,車
﻿155,249,185,249,185,282,155,282,𩄲
﻿155,282,185,282,185,316,155,316,𠖤
﻿155,316,185,316,185,349,155,349,鶴
﻿155,349,185,349,185,383,155,383,另
﻿155,383,185,383,185,416,155,416,別
﻿155,416,185,416,185,450,155,450,󰑼
﻿155,450,185,450,185,483,155,483,尋
﻿155,483,185,483,185,517,155,517,兜
﻿122,10,156,10,156,43,122,43,𥘀
﻿122,43,156,43,156,76,122,76,爲
﻿122,76,156,76,156,109,122,109,𡮍
﻿122,109,156,109,156,142,122,142,󰒂
﻿122,142,156,142,156,175,122,175,初
﻿122,175,156,175,156,208,122,208,𡢐
﻿125,248,152,248,152,281,125,281,𨕭
﻿125,281,152,281,152,314,125,314,庵
﻿125,314,152,314,152,347,125,347,據
﻿125,347,152,347,152,381,125,381,𡨹
﻿125,381,152,381,152,414,125,414,香
﻿125,414,152,414,152,447,125,447,油
﻿125,447,152,447,152,480,125,480,𣋚
﻿125,480,152,480,152,514,125,514,枚
﻿91,11,120,11,120,43,91,43,󰜋
﻿91,43,120,43,120,75,91,75,茹
﻿91,75,120,75,120,107,91,107,福
﻿91,107,120,107,120,139,91,139,祿
﻿91,139,120,139,120,171,91,171,𫡂
﻿91,171,120,171,120,203,91,203,𠄩
﻿93,251,121,251,121,283,93,283,天
﻿93,283,121,283,121,316,93,316,年
﻿93,316,121,316,121,349,93,349,弋
﻿93,349,121,349,121,382,93,382,弋
﻿93,382,121,382,121,415,93,415,官
﻿93,415,121,415,121,448,93,448,堦
﻿93,448,121,448,121,481,93,481,各
﻿93,481,121,481,121,514,93,514,吝
﻿57,11,88,11,88,43,57,43,丞
﻿57,43,88,43,88,76,57,76,家
﻿57,76,88,76,88,108,57,108,𫽄
﻿57,108,88,108,88,141,57,141,歇
﻿57,141,88,141,88,173,57,173,娘
﻿57,173,88,173,88,206,57,206,雲
﻿59,250,90,250,90,283,59,283,󰜋
﻿59,283,90,283,90,316,59,316,𣘃
﻿59,316,90,316,90,349,59,349,樛
﻿59,349,90,349,90,382,59,382,木
﻿59,382,90,382,90,415,59,415,󰜋
﻿59,415,90,415,90,448,59,448,𡑝
﻿59,448,90,448,90,481,59,481,桂
﻿59,481,90,481,90,515,59,515,槐
﻿22,15,54,15,54,47,22,47,風
﻿22,47,54,47,54,80,22,80,流
﻿22,80,54,80,54,112,22,112,富
﻿22,112,54,112,54,145,22,145,貴
﻿22,145,54,145,54,177,22,177,埃
﻿22,177,54,177,54,210,22,210,皮
﻿27,250,56,250,56,283,27,283,圍
﻿27,283,56,283,56,316,27,316,春
﻿27,316,56,316,56,349,27,349,󰜋
﻿27,349,56,349,56,383,27,383,󰠮
﻿27,383,56,383,56,416,27,416,底
﻿27,416,56,416,56,449,27,449,碑
﻿27,449,56,449,56,482,27,482,𰿘
﻿27,482,56,482,56,516,27,516,𠁀
