356,15,389,15,389,46,356,46,㐌
﻿356,46,389,46,389,77,356,77,甘
﻿356,77,389,77,389,109,356,109,𠹾
﻿356,109,389,109,389,140,356,140,萡
﻿356,140,389,140,389,171,356,171,貝
﻿356,171,389,171,389,203,356,203,情
﻿358,248,392,248,392,280,358,280,主
﻿358,280,392,280,392,312,358,312,春
﻿358,312,392,312,392,345,358,345,底
﻿358,345,392,345,392,377,358,377,罪
﻿358,377,392,377,392,409,358,409,󰜋
﻿358,409,392,409,392,442,358,442,命
﻿358,442,392,442,392,474,358,474,朱
﻿358,474,392,474,392,507,358,507,花
﻿322,15,355,15,355,46,322,46,𥰊
﻿322,46,355,46,355,78,322,78,机
﻿322,78,355,78,355,109,322,109,輸
﻿322,109,355,109,355,141,322,141,智
﻿322,141,355,141,355,172,322,172,弹
﻿322,172,355,172,355,204,322,204,󰜏
﻿327,248,357,248,357,280,327,280,𬂙
﻿327,280,357,280,357,312,327,312,𠓨
﻿327,312,357,312,357,345,327,345,𤴬
﻿327,345,357,345,357,377,327,377,𦛌
﻿327,377,357,377,357,409,327,409,呐
﻿327,409,357,409,357,442,327,442,𦋦
﻿327,442,357,442,357,474,327,474,𪿒
﻿327,474,357,474,357,507,327,507,𡗶
﻿292,15,321,15,321,46,292,46,爲
﻿292,46,321,46,321,77,292,77,些
﻿292,77,321,77,321,108,292,108,朱
﻿292,108,321,108,321,139,292,139,累
﻿292,139,321,139,321,170,292,170,典
﻿292,170,321,170,321,202,292,202,𠊛
﻿297,249,325,249,325,281,297,281,吉
﻿297,281,325,281,325,313,297,313,淋
﻿297,313,325,313,325,346,297,346,玉
﻿297,346,325,346,325,378,297,378,𤽸
﻿297,378,325,378,325,410,297,410,舌
﻿297,410,325,410,325,443,297,443,𠁀
﻿297,443,325,443,325,475,297,475,春
﻿297,475,325,475,325,508,297,508,撑
﻿260,13,291,13,291,45,260,45,管
﻿260,45,291,45,291,77,260,77,之
﻿260,77,291,77,291,109,260,109,𨕭
﻿260,109,291,109,291,141,260,141,閣
﻿260,141,291,141,291,173,260,173,𠁑
﻿260,173,291,173,291,205,260,205,溋
﻿263,244,294,244,294,277,263,277,拱
﻿263,277,294,277,294,310,263,310,算
﻿263,310,294,310,294,343,263,343,𤯩
﻿263,343,294,343,294,377,263,377,托
﻿263,377,294,377,294,410,263,410,貝
﻿263,410,294,410,294,443,263,443,情
﻿263,443,294,443,294,476,263,476,朱
﻿263,476,294,476,294,510,263,510,衝
﻿230,12,259,12,259,44,230,44,宗
﻿230,44,259,44,259,76,230,76,堂
﻿230,76,259,76,259,109,230,109,𡮍
﻿230,109,259,109,259,141,230,141,渚
﻿230,141,259,141,259,173,230,173,甘
﻿230,173,259,173,259,206,230,206,𢚸
﻿232,246,261,246,261,278,232,278,哏
﻿232,278,261,278,261,310,232,310,󰛈
﻿232,310,261,310,261,343,232,343,𢯏
﻿232,343,261,343,261,375,232,375,󰜋
﻿232,375,261,375,261,407,232,407,𫳘
﻿232,407,261,407,261,440,232,440,同
﻿232,440,261,440,261,472,232,472,爫
﻿232,472,261,472,261,505,232,505,𠄩
﻿198,13,229,13,229,44,198,44,𢢆
﻿198,44,229,44,229,76,198,76,命
﻿198,76,229,76,229,108,198,108,𥒥
﻿198,108,229,108,229,140,198,140,󰞺
﻿198,140,229,140,229,172,198,172,鐄
﻿198,172,229,172,229,204,198,204,派
﻿201,244,230,244,230,277,201,277,𤾓
﻿201,277,230,277,230,310,201,310,身
﻿201,310,230,310,230,343,201,343,易
﻿201,343,230,343,230,377,201,377,贖
﻿201,377,230,377,230,410,201,410,󰜋
﻿201,410,230,410,230,443,201,443,𠳒
﻿201,443,230,443,230,476,201,476,特
﻿201,476,230,476,230,510,201,510,牢
﻿168,14,197,14,197,45,168,45,娘
﻿168,45,197,45,197,77,168,77,浪
﻿168,77,197,77,197,109,168,109,隻
﻿168,109,197,109,197,140,168,140,拍
﻿168,140,197,140,197,172,168,172,㳥
﻿168,172,197,172,197,204,168,204,桃
﻿169,244,200,244,200,277,169,277,浽
﻿169,277,200,277,200,310,169,310,沉
﻿169,310,200,310,200,343,169,343,拱
﻿169,343,200,343,200,376,169,376,默
﻿169,376,200,376,200,409,169,409,𣅶
﻿169,409,200,409,200,442,169,442,芇
﻿169,442,200,442,200,475,169,475,磊
﻿169,475,200,475,200,508,169,508,埋
﻿138,13,167,13,167,44,138,44,𡮍
﻿138,44,167,44,167,76,138,76,身
﻿138,76,167,76,167,108,138,108,𠹴
﻿138,108,167,108,167,140,138,140,𠶔
﻿138,140,167,140,167,172,138,172,淎
﻿138,172,167,172,167,204,138,204,淶
﻿135,244,167,244,167,277,135,277,𤯩
﻿135,277,167,277,167,310,135,310,乘
﻿135,310,167,310,167,343,135,343,群
﻿135,343,167,343,167,376,135,376,想
﻿135,376,167,376,167,409,135,409,典
﻿135,409,167,409,167,442,135,442,𣈙
﻿135,442,167,442,167,475,135,475,女
﻿135,475,167,475,167,508,135,508,牢
﻿105,11,137,11,137,42,105,42,拱
﻿105,42,137,42,137,74,105,74,料
﻿105,74,137,74,137,106,105,106,󰜋
﻿105,106,137,106,137,137,105,137,湥
﻿105,137,137,137,137,169,105,169,湄
﻿105,169,137,169,137,201,105,201,滛
﻿104,243,133,243,133,276,104,276,麻
﻿104,276,133,276,133,309,104,309,朱
﻿104,309,133,309,133,343,104,343,天
﻿104,343,133,343,133,376,104,376,下
﻿104,376,133,376,133,409,104,409,𬂙
﻿104,409,133,409,133,443,104,443,𠓨
﻿104,443,133,443,133,476,104,476,拱
﻿104,476,133,476,133,510,104,510,台
﻿71,10,104,10,104,41,71,41,𡮍
﻿71,41,104,41,104,73,71,73,爲
﻿71,73,104,73,104,105,71,105,琹
﻿71,105,104,105,104,136,71,136,㐌
﻿71,136,104,136,104,168,71,168,󰐻
﻿71,168,104,168,104,200,71,200,𦀊
﻿70,241,102,241,102,274,70,274,𫽄
﻿70,274,102,274,102,307,70,307,𤾓
﻿70,307,102,307,102,340,70,340,𫷜
﻿70,340,102,340,102,374,70,374,拱
﻿70,374,102,374,102,407,70,407,󰜋
﻿70,407,102,407,102,440,70,440,𣈜
﻿70,440,102,440,102,473,70,473,緣
﻿70,473,102,473,102,507,70,507,些
﻿39,12,70,12,70,43,39,43,料
﻿39,43,70,43,70,74,39,74,排
﻿39,74,70,74,70,105,39,105,𨷑
﻿39,105,70,105,70,136,39,136,󰘇
﻿39,136,70,136,70,167,39,167,朱
﻿39,167,70,167,70,198,39,198,𦋦
﻿38,242,68,242,68,275,38,275,󰀎
﻿38,275,68,275,68,308,38,308,󰑼
﻿38,308,68,308,68,341,38,341,情
﻿38,341,68,341,68,374,38,374,󰠱
﻿38,374,68,374,68,407,38,407,󰀎
﻿38,407,68,407,68,440,38,440,󰑼
﻿38,440,68,440,68,473,38,473,恩
﻿38,473,68,473,68,507,38,507,溇
﻿10,12,37,12,37,42,10,42,生
﻿10,42,37,42,37,73,10,73,浪
﻿10,73,37,73,37,104,10,104,𥢆
﻿10,104,37,104,37,134,10,134,想
﻿10,134,37,134,37,165,10,165,閉
﻿10,165,37,165,37,196,10,196,󰡇
﻿7,240,36,240,36,272,7,272,𢚸
﻿7,272,36,272,36,305,7,305,𠊛
﻿7,305,36,305,36,338,7,338,岩
﻿7,338,36,338,36,371,7,371,險
﻿7,371,36,371,36,404,7,404,別
﻿7,404,36,404,36,437,7,437,󰠳
﻿7,437,36,437,36,470,7,470,麻
﻿7,470,36,470,36,503,7,503,量
