364,14,394,14,394,46,364,46,𠰚
﻿364,46,394,46,394,78,364,78,𡽫
﻿364,78,394,78,394,110,364,110,𣎀
﻿364,110,394,110,394,142,364,142,𥐆
﻿364,142,394,142,394,174,364,174,情
﻿364,174,394,174,394,206,364,206,𨱽
﻿366,246,398,246,398,279,366,279,外
﻿366,279,398,279,398,313,366,313,軒
﻿366,313,398,313,398,347,366,347,兎
﻿366,347,398,347,398,381,366,381,㐌
﻿366,381,398,381,398,414,366,414,𡽫
﻿366,414,398,414,398,448,366,448,兑
﻿366,448,398,448,398,482,366,482,唅
﻿366,482,398,482,398,516,366,516,𦎛
﻿331,12,361,12,361,43,331,43,慢
﻿331,43,361,43,361,75,331,75,調
﻿331,75,361,75,361,107,331,107,竹
﻿331,107,361,107,361,139,331,139,院
﻿331,139,361,139,361,171,331,171,乘
﻿331,171,361,171,361,203,331,203,凉
﻿335,246,364,246,364,279,335,279,連
﻿335,279,364,279,364,313,335,313,𧗱
﻿335,313,364,313,364,346,335,346,駭
﻿335,346,364,346,364,380,335,380,暫
﻿335,380,364,380,364,413,335,413,酉
﻿335,413,364,413,364,447,335,447,娘
﻿335,447,364,447,364,480,335,480,󰜋
﻿335,480,364,480,364,514,335,514,尼
﻿299,12,330,12,330,44,299,44,󰇏
﻿299,44,330,44,330,76,299,76,和
﻿299,76,330,76,330,108,299,108,拉
﻿299,108,330,108,330,140,299,140,産
﻿299,140,330,140,330,172,299,172,𠄩
﻿299,172,330,172,330,205,299,205,排
﻿303,250,333,250,333,283,303,283,𢚁
﻿303,283,333,283,333,316,303,316,𢬣
﻿303,316,333,316,333,349,303,349,柴
﻿303,349,333,349,333,382,303,382,署
﻿303,382,333,382,333,415,303,415,摱
﻿303,415,333,415,333,448,303,448,𠊛
﻿303,448,333,448,333,481,303,481,𠻀
﻿303,481,333,481,333,515,303,515,𪡔
﻿267,11,298,11,298,43,267,43,半
﻿267,43,298,43,298,76,267,76,信
﻿267,76,298,76,298,109,267,109,典
﻿267,109,298,109,298,141,267,141,󰘚
﻿267,141,298,141,298,174,267,174,秀
﻿267,174,298,174,298,207,267,207,󰜏
﻿272,249,301,249,301,282,272,282,輸
﻿272,282,301,282,301,316,272,316,機
﻿272,316,301,316,301,349,272,349,媒
﻿272,349,301,349,301,383,272,383,拱
﻿272,383,301,383,301,417,272,417,求
﻿272,417,301,417,301,450,272,450,和
﻿272,450,301,450,301,484,272,484,敢
﻿272,484,301,484,301,518,272,518,牢
﻿236,10,266,10,266,42,236,42,𤑟
﻿236,42,266,42,266,75,236,75,𤉜
﻿236,75,266,75,266,107,236,107,𧵑
﻿236,107,266,107,266,140,236,140,引
﻿236,140,266,140,266,172,236,172,𢬣
﻿236,172,266,172,266,205,236,205,𢭂
﻿239,249,269,249,269,282,239,282,還
﻿239,282,269,282,269,315,239,315,原
﻿239,315,269,315,269,348,239,348,󰜋
﻿239,348,269,348,269,381,239,381,帖
﻿239,381,269,381,269,414,239,414,申
﻿239,414,269,414,269,447,239,447,𠓨
﻿239,447,269,447,269,480,239,480,󰘇
﻿239,480,269,480,269,514,239,514,公
﻿204,13,235,13,235,45,204,45,公
﻿204,45,235,45,235,77,204,77,私
﻿204,77,235,77,235,110,204,110,𠄩
﻿204,110,235,110,235,142,204,142,𨤰
﻿204,142,235,142,235,174,204,174,調
﻿204,174,235,174,235,207,204,207,衝
﻿209,251,237,251,237,284,209,284,𨃴
﻿209,284,237,284,237,318,209,318,僊
﻿209,318,237,318,237,352,209,352,丿
﻿209,352,237,352,237,386,209,386,㐌
﻿209,386,237,386,237,419,209,419,脱
﻿209,419,237,419,237,453,209,453,𫒥
﻿209,453,237,453,237,487,209,487,塵
﻿209,487,237,487,237,521,209,521,埃
﻿171,11,202,11,202,43,171,43,󰜋
﻿171,43,202,43,202,76,171,76,茹
﻿171,76,202,76,202,109,171,109,森
﻿171,109,202,109,202,142,171,142,合
﻿171,142,202,142,202,175,171,175,竹
﻿171,175,202,175,202,208,171,208,枚
﻿175,249,207,249,207,282,175,282,強
﻿175,282,207,282,207,316,175,316,溇
﻿175,316,207,316,207,350,175,350,義
﻿175,350,207,350,207,384,175,384,𣷭
﻿175,384,207,384,207,417,175,417,強
﻿175,417,207,417,207,451,175,451,𨱽
﻿175,451,207,451,207,485,175,485,情
﻿175,485,207,485,207,519,175,519,滝
﻿139,12,169,12,169,45,139,45,香
﻿139,45,169,45,169,78,139,78,強
﻿139,78,169,78,169,111,139,111,淡
﻿139,111,169,111,169,144,139,144,焒
﻿139,144,169,144,169,177,139,177,強
﻿139,177,169,177,169,211,139,211,濃
﻿144,249,173,249,173,283,144,283,強
﻿144,283,173,283,173,317,144,317,吹
﻿144,317,173,317,173,351,144,351,𨤔
﻿144,351,173,351,173,385,144,385,玉
﻿144,385,173,385,173,419,144,419,強
﻿144,419,173,419,173,453,144,453,籠
﻿144,453,173,453,173,487,144,487,牟
﻿144,487,173,487,173,521,144,521,蓮
﻿107,11,137,11,137,44,107,44,姅
﻿107,44,137,44,137,78,107,78,𢆥
﻿107,78,137,78,137,111,107,111,唏
﻿107,111,137,111,137,145,107,145,㗂
﻿107,145,137,145,137,178,107,178,皮
﻿107,178,137,178,137,212,107,212,悁
﻿111,246,141,246,141,280,111,280,𡑝
﻿111,280,141,280,141,315,111,315,梧
﻿111,315,141,315,141,350,111,350,梗
﻿111,350,141,350,141,385,111,385,碧
﻿111,385,141,385,141,419,111,419,㐌
﻿111,419,141,419,141,454,111,454,𢫔
﻿111,454,141,454,141,489,111,489,𦲿
﻿111,489,141,489,141,524,111,524,鐄
﻿73,10,105,10,105,43,73,43,𥴙
﻿73,43,105,43,105,76,73,76,秋
﻿73,76,105,76,105,109,73,109,皮
﻿73,109,105,109,105,142,73,142,乃
﻿73,142,105,142,105,175,73,175,𥱰
﻿73,175,105,175,105,209,73,209,霜
﻿77,247,108,247,108,280,77,280,襘
﻿77,280,108,280,108,314,77,314,鞍
﻿77,314,108,314,108,348,77,348,㐌
﻿77,348,108,348,108,382,77,382,𧡊
﻿77,382,108,382,108,415,77,415,椿
﻿77,415,108,415,108,449,77,449,堂
﻿77,449,108,449,108,483,77,483,典
﻿77,483,108,483,108,517,77,517,尼
﻿42,14,71,14,71,46,42,46,風
﻿42,46,71,46,71,79,42,79,雷
﻿42,79,71,79,71,111,42,111,浽
﻿42,111,71,111,71,144,42,144,陣
﻿42,144,71,144,71,176,42,176,排
﻿42,176,71,176,71,209,42,209,排
﻿45,247,74,247,74,281,45,281,󰠱
﻿45,281,74,281,74,315,45,315,𢚸
﻿45,315,74,315,74,350,45,350,𠲖
﻿45,350,74,350,74,384,45,384,邑
﻿45,384,74,384,74,418,45,418,併
﻿45,418,74,418,74,453,45,453,排
﻿45,453,74,453,74,487,45,487,分
﻿45,487,74,487,74,522,45,522,𢺺
﻿11,12,39,12,39,44,11,44,决
﻿11,44,39,44,39,76,11,76,𦖑
﻿11,76,39,76,39,109,11,109,辨
﻿11,109,39,109,39,141,11,141,自
﻿11,141,39,141,39,173,11,173,󰜋
﻿11,173,39,173,39,206,11,206,皮
﻿11,247,42,247,42,281,11,281,𠰺
﻿11,281,42,281,42,315,11,315,朱
﻿11,315,42,315,42,350,11,350,𦟐
﻿11,350,42,350,42,384,11,384,粉
﻿11,384,42,384,42,418,11,418,吏
﻿11,418,42,418,42,453,11,453,𧗱
﻿11,453,42,453,42,487,11,487,楼
﻿11,487,42,487,42,522,11,522,撑
