362,10,392,10,392,41,362,41,媒
﻿362,41,392,41,392,72,362,72,𫅷
﻿362,72,392,72,392,103,362,103,或
﻿362,103,392,103,392,134,362,134,固
﻿362,134,392,134,392,165,362,165,調
﻿362,165,392,165,392,196,362,196,之
﻿366,242,397,242,397,274,366,274,料
﻿366,274,397,274,397,307,366,307,功
﻿366,307,397,307,397,339,366,339,秩
﻿366,339,397,339,397,372,366,372,󰜋
﻿366,372,397,372,397,405,366,405,𣇜
﻿366,405,397,405,397,437,366,437,跪
﻿366,437,397,437,397,470,366,470,𦓡
﻿366,470,397,470,397,503,366,503,催
﻿332,10,360,10,360,41,332,41,典
﻿332,41,360,41,360,72,332,72,低
﻿332,72,360,72,360,103,332,103,塘
﻿332,103,360,103,360,134,332,134,詫
﻿332,134,360,134,360,165,332,165,賒
﻿332,165,360,165,360,196,332,196,吹
﻿333,243,364,243,364,275,333,275,𦓡
﻿333,275,364,275,364,307,333,307,些
﻿333,307,364,307,364,340,333,340,不
﻿333,340,364,340,364,372,333,372,動
﻿333,372,364,372,364,404,333,404,女
﻿333,404,364,404,364,437,333,437,𠊛
﻿333,437,364,437,364,469,333,469,生
﻿333,469,364,469,364,502,333,502,𪟽
﻿300,9,329,9,329,40,300,40,惜
﻿300,40,329,40,329,71,300,71,台
﻿300,71,329,71,329,103,300,103,󰜋
﻿300,103,329,103,329,134,300,134,朶
﻿300,134,329,134,329,165,300,165,茶
﻿300,165,329,165,329,197,300,197,縻
﻿302,242,331,242,331,274,302,274,𡥵
﻿302,274,331,274,331,307,302,307,蜂
﻿302,307,331,307,331,340,302,340,㐌
﻿302,340,331,340,331,373,302,373,𨷑
﻿302,373,331,373,331,405,302,405,塘
﻿302,405,331,405,331,438,302,438,𠫾
﻿302,438,331,438,331,471,302,471,𡓃
﻿302,471,331,471,331,504,302,504,𧗱
﻿271,8,297,8,297,39,271,39,󰜋
﻿271,39,297,39,297,71,271,71,干
﻿271,71,297,71,297,102,271,102,湄
﻿271,102,297,102,297,134,271,134,󰊄
﻿271,134,297,134,297,165,271,165,󰠱
﻿271,165,297,165,297,197,271,197,泥
﻿272,242,301,242,301,275,272,275,傷
﻿272,275,301,275,301,308,272,308,之
﻿272,308,301,308,301,341,272,341,典
﻿272,341,301,341,301,374,272,374,玉
﻿272,374,301,374,301,407,272,407,惜
﻿272,407,301,407,301,440,272,440,之
﻿272,440,301,440,301,473,272,473,典
﻿272,473,301,473,301,506,272,506,香
﻿236,8,268,8,268,39,236,39,席
﻿236,39,268,39,268,70,236,70,春
﻿236,70,268,70,268,102,236,102,󰜋
﻿236,102,268,102,268,133,236,133,聀
﻿236,133,268,133,268,164,236,164,𢠩
﻿236,164,268,164,268,196,236,196,恾
﻿235,243,270,243,270,275,235,275,燭
﻿235,275,270,275,270,308,235,308,花
﻿235,308,270,308,270,340,235,340,底
﻿235,340,270,340,270,373,235,373,妬
﻿235,373,270,373,270,406,235,406,默
﻿235,406,270,406,270,438,235,438,娘
﻿235,438,270,438,270,471,235,471,𦣰
﻿235,471,270,471,270,504,235,504,猪
﻿204,10,234,10,234,41,204,41,浽
﻿204,41,234,41,234,72,204,72,壙
﻿204,72,234,72,234,103,204,103,尋
﻿204,103,234,103,234,134,204,134,瀉
﻿204,134,234,134,234,165,204,165,𣻆
﻿204,165,234,165,234,197,204,197,湄
﻿208,247,234,247,234,279,208,279,分
﻿208,279,234,279,234,311,208,311,𡄎
﻿208,311,234,311,234,343,208,343,浽
﻿208,343,234,343,234,375,208,375,客
﻿208,375,234,375,234,407,208,407,分
﻿208,407,234,407,234,439,208,439,𢗼
﻿208,439,234,439,234,471,208,471,浽
﻿208,471,234,471,234,504,208,504,命
﻿170,8,203,8,203,39,170,39,從
﻿170,39,203,39,203,70,170,70,之
﻿170,70,203,70,203,101,170,101,󰑼
﻿170,101,203,101,203,132,170,132,種
﻿170,132,203,132,203,163,170,163,灰
﻿170,163,203,163,203,194,170,194,醒
﻿176,244,205,244,205,276,176,276,身
﻿176,276,205,276,205,308,176,308,𠦳
﻿176,308,205,308,205,341,176,341,鐄
﻿176,341,205,341,205,373,176,373,底
﻿176,373,205,373,205,405,176,405,丐
﻿176,405,205,405,205,438,176,438,名
﻿176,438,205,438,205,470,176,470,𦟐
﻿176,470,205,470,205,503,176,503,紅
﻿139,9,169,9,169,40,139,40,催
﻿139,40,169,40,169,71,139,71,群
﻿139,71,169,71,169,103,139,103,之
﻿139,103,169,103,169,134,139,134,女
﻿139,134,169,134,169,165,139,165,麻
﻿139,165,169,165,169,197,139,197,蒙
﻿142,241,172,241,172,274,142,274,𠁀
﻿142,274,172,274,172,307,142,307,𠊛
﻿142,307,172,307,172,340,142,340,催
﻿142,340,172,340,172,373,142,373,世
﻿142,373,172,373,172,406,142,406,󰑼
﻿142,406,172,406,172,439,142,439,衝
﻿142,439,172,439,172,472,142,472,󰜋
﻿142,472,172,472,172,505,142,505,𠁀
﻿110,6,138,6,138,37,110,37,恨
﻿110,37,138,37,138,69,110,69,緣
﻿110,69,138,69,138,100,110,100,悴
﻿110,100,138,100,138,132,110,132,分
﻿110,132,138,132,138,163,110,163,排
﻿110,163,138,163,138,195,110,195,排
﻿110,241,141,241,141,273,110,273,擒
﻿110,273,141,273,141,306,110,306,刀
﻿110,306,141,306,141,339,110,339,娘
﻿110,339,141,339,141,372,110,372,㐌
﻿110,372,141,372,141,405,110,405,算
﻿110,405,141,405,141,438,110,438,排
﻿110,438,141,438,141,471,110,471,捐
﻿110,471,141,471,141,504,110,504,生
﻿76,8,106,8,106,38,76,38,𢪀
﻿76,38,106,38,106,69,76,69,𠫾
﻿76,69,106,69,106,100,76,100,𢪀
﻿76,100,106,100,106,130,76,130,吏
﻿76,130,106,130,106,161,76,161,󰜋
﻿76,161,106,161,106,192,76,192,命
﻿78,241,107,241,107,274,78,274,󰜋
﻿78,274,107,274,107,307,78,307,命
﻿78,307,107,307,107,340,78,340,時
﻿78,340,107,340,107,373,78,373,𠤆
﻿78,373,107,373,107,406,78,406,𠄩
﻿78,406,107,406,107,439,78,439,情
﻿78,439,107,439,107,472,78,472,時
﻿78,472,107,472,107,506,78,506,𫳵
﻿44,6,73,6,73,37,44,37,𡢐
﻿44,37,73,37,73,69,44,69,油
﻿44,69,73,69,73,101,44,101,生
﻿44,101,73,101,73,133,44,133,事
﻿44,133,73,133,73,165,44,165,世
﻿44,165,73,165,73,197,44,197,芇
﻿45,241,75,241,75,273,45,273,追
﻿45,273,75,273,75,306,45,306,原
﻿45,306,75,306,75,339,45,339,𫽄
﻿45,339,75,339,75,372,45,372,矯
﻿45,372,75,372,75,404,45,404,累
﻿45,404,75,404,75,437,45,437,𠓨
﻿45,437,75,437,75,470,45,470,雙
﻿45,470,75,470,75,503,45,503,親
﻿12,7,41,7,41,38,12,38,浽
﻿12,38,41,38,41,70,12,70,命
﻿12,70,41,70,41,101,12,101,歐
﻿12,101,41,101,41,133,12,133,拱
﻿12,133,41,133,41,164,12,164,簡
﻿12,164,41,164,41,196,12,196,寅
﻿12,239,42,239,42,272,12,272,急
﻿12,272,42,272,42,305,12,305,迡
﻿12,305,42,305,42,338,12,338,催
﻿12,338,42,338,42,372,12,372,拱
﻿12,372,42,372,42,405,12,405,󰜋
﻿12,405,42,405,42,438,12,438,吝
﻿12,438,42,438,42,471,12,471,𦓡
﻿12,471,42,471,42,505,12,505,催
