370,21,404,21,404,57,370,57,生
﻿370,57,404,57,404,94,370,94,強
﻿370,94,404,94,404,131,370,131,如
﻿370,131,404,131,404,168,370,168,𤵺
﻿370,168,404,168,404,205,370,205,如
﻿370,205,404,205,404,242,370,242,𬏝
﻿375,297,409,297,409,333,375,333,湥
﻿375,333,409,333,409,370,375,370,𨱽
﻿375,370,409,370,409,406,375,406,湥
﻿375,406,409,406,409,443,375,443,𥐆
﻿375,443,409,443,409,479,375,479,󱋓
﻿375,479,409,479,409,516,375,516,苔
﻿375,516,409,516,409,552,375,552,󱋓
﻿375,552,409,552,409,589,375,589,潙
﻿334,20,365,20,365,57,334,57,𢘩
﻿334,57,365,57,365,94,334,94,𠫾
﻿334,94,365,94,365,131,334,131,秩
﻿334,131,365,131,365,168,334,168,呐
﻿334,168,365,168,365,205,334,205,秩
﻿334,205,365,205,365,243,334,243,唭
﻿339,296,373,296,373,332,339,332,告
﻿339,332,373,332,373,368,339,368,醝
﻿339,368,373,368,373,404,339,404,払
﻿339,404,373,404,373,440,339,440,㐌
﻿339,440,373,440,373,476,339,476,淡
﻿339,476,373,476,373,512,339,512,排
﻿339,512,373,512,373,548,339,548,𤎜
﻿339,548,373,548,373,585,339,585,𦋦
﻿293,21,330,21,330,57,293,57,小
﻿293,57,330,57,330,94,293,94,姐
﻿293,94,330,94,330,131,293,131,倍
﻿293,131,330,131,330,168,293,168,𠯦
﻿293,168,330,168,330,205,293,205,昆
﻿293,205,330,205,330,242,293,242,花
﻿300,296,334,296,334,332,300,332,勸
﻿300,332,334,332,334,368,300,368,払
﻿300,368,334,368,334,404,300,404,庄
﻿300,404,334,404,334,440,300,440,𣴓
﻿300,440,334,440,334,476,300,476,時
﻿300,476,334,476,334,512,300,512,些
﻿300,512,334,512,334,548,300,548,󰡏
﻿300,548,334,548,334,585,300,585,扽
﻿258,19,290,19,290,55,258,55,生
﻿258,55,290,55,290,92,258,92,強
﻿258,92,290,92,290,129,258,129,󰞺
﻿258,129,290,129,290,165,258,165,𫆧
﻿258,165,290,165,290,202,258,202,散
﻿258,202,290,202,290,239,258,239,魂
﻿263,296,297,296,297,331,263,331,󱋓
﻿263,331,297,331,297,367,263,367,𠶆
﻿263,367,297,367,297,403,263,403,沛
﻿263,403,297,403,297,439,263,439,唅
﻿263,439,297,439,297,474,263,474,蒲
﻿263,474,297,474,297,510,263,510,丸
﻿263,510,297,510,297,546,263,546,燥
﻿263,546,297,546,297,582,263,582,𣦍
﻿221,19,255,19,255,55,221,55,小
﻿221,55,255,55,255,92,221,92,姐
﻿221,92,255,92,255,128,221,128,唭
﻿221,128,255,128,255,165,221,165,醒
﻿221,165,255,165,255,201,221,201,呐
﻿221,201,255,201,255,238,221,238,醝
﻿227,295,259,295,259,331,227,331,渚
﻿227,331,259,331,259,367,227,367,重
﻿227,367,259,367,259,403,227,403,局
﻿227,403,259,403,259,440,227,440,𨢇
﻿227,440,259,440,259,476,227,476,吏
﻿227,476,259,476,259,512,227,512,排
﻿227,512,259,512,259,548,227,548,路
﻿227,548,259,548,259,585,227,585,󱉁
﻿185,20,218,20,218,56,185,56,浪
﻿185,56,218,56,218,92,185,92,花
﻿185,92,218,92,218,128,185,128,奴
﻿185,128,218,128,218,164,185,164,覩
﻿185,164,218,164,218,200,185,200,每
﻿185,200,218,200,218,237,185,237,才
﻿187,295,223,295,223,330,187,330,版
﻿187,330,223,330,223,366,187,366,弹
﻿187,366,223,366,223,402,187,402,呲
﻿187,402,223,402,223,438,187,438,𨄹
﻿187,438,223,438,223,474,187,474,𠬠
﻿187,474,223,474,223,510,187,510,排
﻿187,510,223,510,223,546,187,546,払
﻿187,546,223,546,223,582,187,582,𦖑
﻿148,20,180,20,180,56,148,56,娘
﻿148,56,180,56,180,92,148,92,它
﻿148,92,180,92,180,128,148,128,散
﻿148,128,180,128,180,164,148,164,唤
﻿148,164,180,164,180,200,148,200,痺
﻿148,200,180,200,180,236,148,236,迷
﻿152,297,183,297,183,332,152,332,𠳐
﻿152,332,183,332,183,368,152,368,𠳒
﻿152,368,183,368,183,404,152,404,𦋦
﻿152,404,183,404,183,440,152,440,𫏾
﻿152,440,183,440,183,475,152,475,屏
﻿152,475,183,475,183,511,152,511,𦂛
﻿152,511,183,511,183,547,152,547,󰟴
﻿152,547,183,547,183,583,152,583,弹
﻿111,21,145,21,145,57,111,57,𦊚
﻿111,57,145,57,145,93,111,93,𦀊
﻿111,93,145,93,145,129,111,129,如
﻿111,129,145,129,145,165,111,165,哭
﻿111,165,145,165,145,201,111,201,如
﻿111,201,145,201,145,238,111,238,嘆
﻿116,295,146,295,146,330,116,330,遣
﻿116,330,146,330,146,366,116,366,㝵
﻿116,366,146,366,146,402,116,402,蓮
﻿116,402,146,402,146,438,116,438,蓆
﻿116,438,146,438,146,474,116,474,拱
﻿116,474,146,474,146,510,116,510,散
﻿116,510,146,510,146,546,116,546,󰞺
﻿116,546,146,546,146,582,116,582,𢚸
﻿75,22,108,22,108,58,75,58,拱
﻿75,58,108,58,108,94,75,94,沖
﻿75,94,108,94,108,130,75,130,𠬠
﻿75,130,108,130,108,166,75,166,㗂
﻿75,166,108,166,108,202,75,202,絲
﻿75,202,108,202,108,238,75,238,桐
﻿77,294,111,294,111,330,77,330,㝵
﻿77,330,111,330,111,366,77,366,外
﻿77,366,111,366,111,402,77,402,唭
﻿77,402,111,402,111,438,77,438,𦵚
﻿77,438,111,438,111,474,77,474,㝵
﻿77,474,111,474,111,510,77,510,冲
﻿77,510,111,510,111,546,77,546,哭
﻿77,546,111,546,111,582,77,582,󰠐
﻿38,22,72,22,72,58,38,58,湥
﻿38,58,72,58,72,94,38,94,珠
﻿38,94,72,94,72,131,38,131,呂
﻿38,131,72,131,72,167,38,167,渚
﻿38,167,72,167,72,203,38,203,坤
﻿38,203,72,203,72,240,38,240,扲
﻿41,292,74,292,74,327,41,327,𩠴
﻿41,327,74,327,74,363,41,363,頭
﻿41,363,74,363,74,398,41,398,払
﻿41,398,74,398,74,434,41,434,仍
﻿41,434,74,434,74,470,41,470,拔
﻿41,470,74,470,74,505,41,505,󰠐
﻿41,505,74,505,74,541,41,541,湥
﻿41,541,74,541,74,577,41,577,湘
