337,11,368,11,368,45,337,45,󰂇
﻿337,45,368,45,368,79,337,79,平
﻿337,79,368,79,368,113,337,113,首
﻿337,113,368,113,368,147,337,147,实
﻿337,147,368,147,368,181,337,181,拱
﻿337,181,368,181,368,215,337,215,些
﻿345,283,375,283,375,318,345,318,󰠃
﻿345,318,375,318,375,353,345,353,容
﻿345,353,375,353,375,389,345,389,几
﻿345,389,375,389,375,424,345,424,󰡎
﻿345,424,375,424,375,459,345,459,買
﻿345,459,375,459,375,495,345,495,󰑼
﻿345,495,375,495,375,530,345,530,塘
﻿345,530,375,530,375,566,345,566,𨕭
﻿299,11,331,11,331,45,299,45,𤵺
﻿299,45,331,45,331,79,299,79,之
﻿299,79,331,79,331,114,299,114,庄
﻿299,114,331,114,331,148,299,148,𪧚
﻿299,148,331,148,331,182,299,182,𥙩
﻿299,182,331,182,331,217,299,217,𪤍
﻿309,283,339,283,339,318,309,318,卒
﻿309,318,339,318,339,353,309,353,之
﻿309,353,339,353,339,388,309,388,麻
﻿309,388,339,388,339,423,309,423,聀
﻿309,423,339,423,339,458,309,458,㗂
﻿309,458,339,458,339,493,309,493,悭
﻿309,493,339,493,339,528,309,528,𠓨
﻿309,528,339,528,339,564,309,564,𠇮
﻿264,9,297,9,297,43,264,43,吏
﻿264,43,297,43,297,78,264,78,群
﻿264,78,297,78,297,113,264,113,氷
﻿264,113,297,113,297,147,264,147,扒
﻿264,147,297,147,297,182,264,182,𭔰
﻿264,182,297,182,297,217,264,217,觥
﻿274,282,303,282,303,317,274,317,爫
﻿274,317,303,317,303,352,274,352,之
﻿274,352,303,352,303,387,274,387,仍
﻿274,387,303,387,303,422,274,422,𫗁
﻿274,422,303,422,303,457,274,457,𥘷
﻿274,457,303,457,303,492,274,492,𬎸
﻿274,492,303,492,303,527,274,527,󱋨
﻿274,527,303,527,303,562,274,562,唭
﻿229,12,260,12,260,46,229,46,併
﻿229,46,260,46,260,81,229,81,浪
﻿229,81,260,81,260,115,229,115,隔
﻿229,115,260,115,260,150,229,150,󰘚
﻿229,150,260,150,260,184,229,184,屈
﻿229,184,260,184,260,219,229,219,𠳒
﻿237,283,270,283,270,317,237,317,𭔰
﻿237,317,270,317,270,352,237,352,些
﻿237,352,270,352,270,387,237,387,些
﻿237,387,270,387,270,422,237,422,共
﻿237,422,270,422,270,457,237,457,料
﻿237,457,270,457,270,492,237,492,排
﻿237,492,270,492,270,527,237,527,󱃙
﻿237,527,270,527,270,562,237,562,朱
﻿195,10,224,10,224,45,195,45,𢗼
﻿195,45,224,45,224,80,195,80,之
﻿195,80,224,80,224,115,195,115,𭛣
﻿195,115,224,115,224,150,195,150,意
﻿195,150,224,150,224,185,195,185,麻
﻿195,185,224,185,224,220,195,220,𢗼
﻿201,282,234,282,234,317,201,317,蜆
﻿201,317,234,317,234,352,201,352,𥪝
﻿201,352,234,352,234,387,201,387,𠰘
﻿201,387,234,387,234,423,201,423,󱋓
﻿201,423,234,423,234,458,201,458,󰡏
﻿201,458,234,458,234,493,201,493,補
﻿201,493,234,493,234,528,201,528,𠫾
﻿201,528,234,528,234,564,201,564,󰠳
﻿157,9,188,9,188,44,157,44,爫
﻿157,44,188,44,188,79,157,79,朱
﻿157,79,188,79,188,114,157,114,𥚆
﻿157,114,188,114,188,149,157,149,庄
﻿157,149,188,149,188,184,157,184,特
﻿157,184,188,184,188,219,157,219,饒
﻿166,280,196,280,196,315,166,315,爫
﻿166,315,196,315,196,350,166,350,朱
﻿166,350,196,350,196,385,166,385,苔
﻿166,385,196,385,196,420,166,420,墮
﻿166,420,196,420,196,455,166,455,拮
﻿166,455,196,455,196,490,166,490,頭
﻿166,490,196,490,196,525,166,525,拯
﻿166,525,196,525,196,561,166,561,𨖲
﻿122,9,151,9,151,44,122,44,爫
﻿122,44,151,44,151,80,122,80,朱
﻿122,80,151,80,151,115,122,115,𬂙
﻿122,115,151,115,151,151,122,151,体
﻿122,151,151,151,151,186,122,186,眼
﻿122,186,151,186,151,222,122,222,前
﻿130,279,162,279,162,314,130,314,朱
﻿130,314,162,314,162,349,130,349,㝵
﻿130,349,162,349,162,384,130,384,𠽄
﻿130,384,162,384,162,420,130,420,板
﻿130,420,162,420,162,455,130,455,半
﻿130,455,162,455,162,490,130,490,船
﻿130,490,162,490,162,525,130,525,別
﻿130,525,162,525,162,561,130,561,𢬣
﻿89,8,118,8,118,42,89,42,𥪝
﻿89,42,118,42,118,77,89,77,𢚸
﻿89,77,118,77,118,112,89,112,謹
﻿89,112,118,112,118,147,89,147,󰝸
﻿89,147,118,147,118,182,89,182,埃
﻿89,182,118,182,118,217,89,217,咍
﻿92,277,128,277,128,312,92,312,外
﻿92,312,128,312,128,347,92,347,𦖻
﻿92,347,128,347,128,382,92,382,底
﻿92,382,128,382,128,417,92,417,默
﻿92,417,128,417,128,452,92,452,𫗄
﻿92,452,128,452,128,487,92,487,悲
﻿92,487,128,487,128,522,92,522,𠃅
﻿92,522,128,522,128,558,92,558,外
﻿52,9,81,9,81,43,52,43,𥪝
﻿52,43,81,43,81,78,52,78,𢚸
﻿52,78,81,78,81,113,52,113,謹
﻿52,113,81,113,81,148,52,148,󰝸
﻿52,148,81,148,81,183,52,183,埃
﻿52,183,81,183,81,218,52,218,咍
﻿58,278,90,278,90,312,58,312,𫫗
﻿58,312,90,312,90,347,58,347,信
﻿58,347,90,347,90,382,58,382,意
﻿58,382,90,382,90,417,58,417,拱
﻿58,417,90,417,90,452,58,452,料
﻿58,452,90,452,90,487,58,487,排
﻿58,487,90,487,90,522,58,522,新
﻿58,522,90,522,90,557,58,557,功
﻿13,10,44,10,44,44,13,44,小
﻿13,44,44,44,44,78,13,78,姐
﻿13,78,44,78,44,112,13,112,浽
﻿13,112,44,112,44,146,13,146,陣
﻿13,146,44,146,44,180,13,180,同
﻿13,180,44,180,44,214,13,214,同
﻿20,277,55,277,55,312,20,312,𡃍
﻿20,312,55,312,55,347,20,347,咍
﻿20,347,55,347,55,382,20,382,絩
﻿20,382,55,382,55,417,20,417,𦂾
﻿20,417,55,417,55,452,20,452,𫥨
﻿20,452,55,452,55,487,20,487,𢚸
﻿20,487,55,487,55,522,20,522,撩
﻿20,522,55,522,55,557,20,557,𤽗
